Subj,Class,risk_ori
1,1,-0.765617798730922
2,1,-0.130367332077966
3,1,-0.781039557593242
4,1,-0.257954334352704
5,1,-0.765423365855451
6,1,0.0666553026755272
7,1,-0.011287052085539
8,1,-0.502023673252744
9,1,-0.274898659494894
10,1,0.647398428122103
11,1,-0.181897818550685
12,1,0.275943974972331
13,1,-0.244893194670297
14,1,-0.170967297164074
15,1,-0.205422117320494
16,1,-0.718790715415715
17,1,-0.0894215909993437
18,1,-0.178505529160525
19,1,-0.323527639919784
20,1,-0.094216687154328
21,1,-0.46828762986618
22,1,-0.477010368755118
23,1,-1.09512930275553
24,1,-0.473977486363826
25,1,-0.715624484169308
26,1,-0.253719359934823
27,1,-0.60945114267953
28,1,-0.590026819024318
29,1,-0.826183913297804
30,1,-0.851194644841784
31,1,-0.380769541972269
32,1,-0.602788764932636
33,1,-0.767722154853008
34,1,-0.17705391605636
35,1,-0.617517549081321
36,1,0.228641329607026
37,1,-0.129251364355372
38,1,0.191939721108989
39,1,-0.447684392507014
40,1,0.201883789155467
41,1,0.113140711798199
42,1,0.297307379695683
43,1,-0.166580019194673
44,0,-0.80931054133132
45,1,-0.226852797742502
46,1,0.395414986371792
47,1,0.14048798062637
48,1,-0.0750718048795765
49,0,-1.08700493185169
50,1,-0.34239555074701
51,1,0.906845389103919
52,1,-0.524605817008758
53,1,-0.221909817937759
54,1,-0.59956338472523
55,1,-0.346666267340373
56,1,0.0155086255910246
57,1,-0.127615115133848
58,1,0.345185070746312
59,1,0.189245391606864
60,1,-0.167555416743863
61,1,-0.811414897453406
62,1,-0.161279492175422
63,1,-0.363455341794512
64,1,-0.0701787802058924
65,1,-0.157017862908173
66,1,0.155598741499894
67,1,-0.558482359732136
68,1,0.22170381094154
69,1,-0.272697088023393
70,1,-0.783968480478228
71,1,-0.174395720059934
72,0,-1.07096693743562
73,1,-0.260997085899344
74,1,0.667649483847513
75,1,-0.486543068775721
76,1,-0.055964317405119
77,1,-0.110851560428708
78,1,0.0948870003968825
79,1,-0.173661626666199
80,1,0.0547082000947636
81,0,-0.872554372088086
82,1,0.209277579074742
83,1,0.152914212493169
84,1,0.0840292941469789
85,1,-0.596481380154579
86,1,-0.83035555258075
87,0,-1.08250270942163
88,1,-1.06447530334413
89,1,-0.665909829158921
90,1,-0.446336636513176
91,1,-0.554919648525635
92,1,-0.794290073788394
93,1,-0.6331641047928
94,1,-0.246465786917817
95,1,-0.518749090732879
96,1,-0.253288325995486
97,1,-0.460605032852607
98,1,-0.787604006821436
99,1,0.242953720926499
100,1,-0.104092678325042
101,1,-0.17513893644702
102,1,-0.115201836273473
103,1,0.534922829053584
104,1,0.0800258255657951
105,0,-1.04742403724054
106,0,0.177468319512224
107,0,0.0442960251477227
108,0,0.179861129457473
109,0,-0.891600177052421
110,0,-0.345300778540203
111,0,-0.827189321334344
112,0,-0.567950848557283
113,0,-0.58342213810041
114,0,-0.77348166360283
115,0,-0.0518470531549931
116,0,0.0563707823265861
117,0,-0.187713122800167
118,0,0.371604095739823
119,0,-0.256390900267889
120,0,0.320832389458135
121,0,-0.121887903240431
122,0,-0.0449358674998074
123,0,0.27875633648128
124,0,-0.87808528914503
125,0,0.47175742244785
126,0,0.0658692108024922
127,0,-0.451459269395319
128,0,-0.381939443233521
129,0,-0.3569417003632
130,0,-0.460375424644148
131,0,-1.10324746263319
132,0,-0.343275239244807
133,0,-0.554162765962841
134,0,0.273607048749769
135,0,0.0138716339447903
136,0,-1.09203821085876
137,0,-0.652954917268632
138,0,0.64588380037663
139,0,-0.0490232092704073
140,0,0.126280220401325
141,0,-0.499257754465683
142,0,-0.533707483090023
143,0,-0.355304708716966
144,0,-0.673151668797812
145,0,0.509805565049651
146,0,-0.249737097164623
147,0,-0.813757681431005
148,0,-0.384745593716296
149,0,-0.914823031148765
150,0,-1.17308239746752
151,0,0.411736024761958
152,0,-0.552142707353101
153,0,0.497483292689159
154,0,-0.253299808371124
155,0,-0.49565768786341
156,0,0.358750059504764
157,0,-0.155952632145871
158,0,-0.359643180347025
159,0,0.3305867591528
160,0,-0.832486170876545
161,1,0.112395633450111
162,1,-0.205856663669004
163,1,-0.439304151221009
164,0,-0.0603027890351782
165,0,-0.860841027804039
166,0,-0.448191753992231
167,0,-0.399844485410254
168,0,-0.661459459488158
169,0,-0.758620488771742
170,0,-0.204586494766652
171,0,-0.861457089190951
172,0,0.15852766438488
173,0,-0.425607750451857
174,0,0.545864832815834
175,0,-0.985894879856331
176,0,-0.449985825294807
177,0,-0.206313288193929
178,0,-0.3389836703268
179,0,0.0319481622016424
180,0,-0.0234078987151529
181,0,-0.142312504037779
182,0,-0.219805461815673
183,0,-0.409301562696354
184,0,-0.226779982605794
185,0,0.307324652032445
186,0,-0.15101776099554
187,0,-0.0406280779452182
188,0,-0.345055608704439
189,0,-0.398812815200005
190,0,0.223960470615146
191,0,-0.178305167693426
192,0,0.0957104476656893
193,0,-0.503032631353988
194,0,0.163786769377734
195,0,0.111967829081852
196,0,-0.269604343501816
197,0,0.0210827557987769
198,0,0.0784474637862647
199,0,-0.657250818080577
200,1,-0.173917889724025
