Subj,Class,risk_1d
1,0,-9.717
2,1,32.467
3,0,-28.593
4,1,-63.241
5,0,-9.717
6,1,9.717
7,1,28.593
8,0,13.591
9,0,-5.843
10,1,28.593
11,1,-63.241
12,0,9.717
13,1,-44.365
14,1,-49.929
15,1,32.467
16,1,-63.241
17,0,53.803
18,1,-19.155
19,0,-28.593
20,0,32.467
21,0,53.803
22,0,28.593
23,0,32.467
24,1,-28.593
25,0,44.365
26,1,53.803
27,0,44.365
28,1,-44.365
29,1,-63.241
30,1,-49.929
31,1,-63.241
32,1,-28.593
33,1,-63.241
34,0,53.803
35,1,-28.593
36,1,13.591
37,1,-63.241
38,0,-19.155
39,1,-53.803
40,0,44.365
41,1,-59.367
42,0,-19.155
43,0,48.239
44,0,19.155
45,1,13.591
46,0,9.717
47,1,53.803
48,0,19.155
49,1,53.803
50,0,19.155
51,0,63.241
52,0,44.365
53,1,67.115
54,0,-19.155
55,1,-53.803
56,1,-53.803
57,1,-53.803
58,1,-63.241
59,0,19.155
60,0,-24.719
61,1,-9.717
62,0,44.365
63,0,19.155
64,1,53.803
65,1,53.803
66,1,-19.155
67,1,-63.241
68,1,19.155
69,1,63.241
70,1,-63.241
71,0,44.365
72,1,44.365
73,1,-53.803
74,0,53.803
75,1,-19.155
76,1,19.155
77,1,-28.593
78,1,-28.593
79,0,19.155
80,1,-9.717
81,1,44.365
82,0,44.365
83,1,48.239
84,1,9.717
85,1,-63.241
86,1,-49.929
87,0,44.365
88,1,53.803
89,1,-28.593
90,1,-63.241
91,1,-49.929
92,0,9.717
93,1,19.155
94,1,-19.155
95,1,-9.717
96,0,63.241
97,1,-28.593
98,1,-63.241
99,1,9.717
100,1,-44.365
101,1,-24.719
102,1,57.677
103,1,-53.803
104,0,-15.281
105,1,44.365
106,1,-53.803
107,1,-44.365
108,0,53.803
109,1,-53.803
110,1,44.365
111,1,44.365
112,1,9.717
113,1,53.803
114,1,-19.155
115,1,-9.717
116,0,28.593
117,1,-53.803
118,1,-63.241
119,0,9.717
120,1,63.241
121,1,-53.803
122,1,-15.281
123,1,63.241
124,0,63.241
125,0,44.365
126,0,13.591
127,0,44.365
128,0,53.803
129,0,44.365
130,0,9.717
131,0,9.717
132,0,-44.365
133,0,-28.593
134,0,28.593
135,1,-19.155
136,1,-28.593
137,0,-19.155
138,0,23.029
139,0,57.677
140,0,-19.155
141,0,-53.803
142,0,13.591
143,1,-49.929
144,0,-5.843
145,0,-59.367
146,0,44.365
147,0,28.593
148,0,-5.843
149,0,28.593
150,0,67.115
151,0,9.717
152,0,-28.593
153,0,44.365
154,0,-5.843
155,0,9.717
156,1,-53.803
157,0,63.241
158,1,63.241
159,1,-53.803
160,1,53.803
161,1,9.717
162,0,63.241
163,0,-44.365
164,1,44.365
165,1,-24.719
166,0,-19.155
167,1,44.365
168,1,-53.803
169,1,-63.241
170,1,-59.367
171,0,-19.155
172,1,9.717
173,0,44.365
174,1,9.717
175,1,13.591
176,1,-28.593
177,0,9.717
178,0,44.365
179,0,53.803
180,0,19.155
181,1,-19.155
182,1,23.029
183,1,44.365
184,1,28.593
185,0,53.803
186,1,-28.593
187,1,-28.593
188,1,63.241
189,1,48.239
190,0,44.365
191,0,-9.717
192,0,9.717
193,0,9.717
194,1,63.241
195,0,19.155
196,0,48.239
197,0,44.365
198,1,-53.803
199,0,63.241
200,1,9.717
