Subj,Class,risk_3d
1,1,-82.856
2,1,7.966
3,1,-86.213
4,1,135.679
5,1,42.699
6,1,89.562
7,1,148.846
8,1,-240.522
9,1,58.8180000000001
10,1,-56.683
11,1,-78.133
12,1,-19.023
13,1,24.034
14,1,64.292
15,1,-19.529
16,1,0.131999999999991
17,1,-105.879
18,1,90.24
19,1,76.2
20,1,4.88200000000001
21,1,77.661
22,1,-6.713
23,1,162.011
24,1,-162.549
25,1,32.462
26,1,105.649
27,1,139.653
28,1,-44.352
29,1,124.092
30,1,-81.221
31,1,-158.179
32,0,24.481
33,0,-99.0130000000001
34,1,-68.751
35,1,6.60099999999999
36,0,90.98
37,0,49.977
38,0,313.317
39,0,-107.051
40,0,-59.722
41,0,-45.701
42,0,191.693
43,1,-99.85
44,1,-126.551
45,1,-161.902
46,1,-140.377
47,1,-126.826
48,1,21.614
49,1,-252.619
50,1,-14.949
51,1,-131.115
52,1,137.666
53,1,107.913
54,1,150.603
55,1,-16.745
56,1,167.609
57,1,101.5
58,1,61.521
59,1,-46.822
60,1,50.17
61,1,-113.055
62,1,124.74
63,1,-241.736
64,1,12.043
65,1,-21.848
66,1,-32.211
67,1,50.034
68,1,74.548
69,1,-31.718
70,1,25.464
71,1,87.503
72,1,51.641
73,1,-82.957
74,1,44.036
75,1,42.305
76,1,126.748
77,1,-28.651
78,1,-45.989
79,1,-150.899
80,1,137.057
81,1,-117.233
82,1,27.692
83,1,-35.613
84,1,135.129
85,1,186.498
86,1,-22.752
87,0,-77.589
88,0,-124.413
89,0,6.13100000000001
90,0,62.423
91,0,18.333
92,0,-41.007
93,0,58.456
94,0,-71.919
95,0,-110.403
96,0,118.217
97,0,-56.148
98,0,-147.516
99,0,-12.499
100,0,85.892
101,0,-43.264
102,0,47.185
103,0,90.928
104,0,-54.497
105,1,-20.161
106,0,51.426
107,0,87.643
108,0,-54.2540000000001
109,0,0.845000000000011
110,0,-18.24
111,0,-24.668
112,0,17.614
113,0,-24.614
114,0,200.509
115,0,7.39300000000001
116,0,-103.943
117,0,128.016
118,0,13.489
119,0,-7.20400000000001
120,0,124.194
121,0,-77.901
122,0,-137.272
123,0,89.472
124,0,92.371
125,0,-14.614
126,0,-46.317
127,0,-176.015
128,0,51.242
129,0,99.445
130,1,60.146
131,0,35.341
132,0,70.226
133,1,48.4610000000001
134,1,101.071
135,0,-23.381
136,0,-76.401
137,1,155.74
138,0,10.733
139,0,9.79299999999999
140,1,-64.212
141,0,-122.679
142,0,90.9
143,0,-45.809
144,0,-62.468
145,0,25.776
146,0,62.302
147,0,59.961
148,0,-91.983
149,0,-85.462
150,0,-88.576
151,0,148.085
152,0,51.645
153,0,-18.457
154,0,-37.853
155,1,137.343
156,0,204.638
157,0,-177.322
158,1,85.597
159,0,45.825
160,0,-110.78
161,0,-60.631
162,0,-82.957
163,0,-78.087
164,0,87.578
165,0,-57.032
166,0,-36.9549999999999
167,0,-87.535
168,1,171.618
169,0,-30.794
170,0,-112.011
171,0,51.562
172,0,57.373
173,0,-35.068
174,0,-134.012
175,0,22.474
176,0,-120.749
177,0,-4.81100000000001
178,0,103.056
179,0,-69.156
180,1,76.845
181,0,50.203
182,0,38.835
183,0,-91.519
184,1,43.027
185,0,-5.27
186,0,-79.643
187,0,82.5
188,0,26.885
189,0,56.956
190,0,-25.235
191,0,-91.132
192,0,-34.873
193,0,96.892
194,0,-37.894
195,0,-30.216
196,0,57.22
197,0,-90.127
198,0,150.603
199,0,95.565
200,0,-109.266
