Subj,Class,risk_3d
1,1,77.1950000000001
2,1,-187.057
3,1,-0.621000000000008
4,1,73.689
5,1,-207.703
6,1,172.887
7,1,181.331
8,1,-110.466
9,1,199.87
10,1,131.16
11,1,134.44
12,1,-99.334
13,1,-130.893
14,1,-0.547000000000015
15,1,-42.15
16,1,-22.396
17,1,-126.366
18,1,-18.455
19,1,61.724
20,1,-164.083
21,1,257.761
22,1,190.35
23,1,-60.736
24,1,-143.242
25,1,-10.179
26,1,182.32
27,1,-154.954
28,1,64.2650000000001
29,1,-43.803
30,1,-8.13099999999998
31,1,254.915
32,1,-21.25
33,0,129.724
34,1,300.512
35,1,-39.992
36,1,120.222
37,1,-97.036
38,1,49.413
39,0,3.349
40,0,-197.704
41,0,109.774
42,0,-28.194
43,1,295.491
44,1,-202.45
45,1,86.63
46,1,-27.996
47,1,154.85
48,1,-69.446
49,1,105.912
50,1,-87.561
51,1,188.872
52,1,106.713
53,1,59.911
54,1,-8.18599999999999
55,1,-150.481
56,1,105.732
57,1,120.226
58,1,69.312
59,1,70.259
60,1,-47.603
61,1,116.799
62,1,-4.075
63,1,167.779
64,1,-29.001
65,1,111.251
66,1,-189.432
67,1,-157.8
68,1,-122.526
69,1,179.386
70,1,-63.908
71,1,-101.44
72,1,-18.353
73,1,69.004
74,1,-145.703
75,1,-209.326
76,1,68.396
77,1,0.164000000000009
78,1,-15.562
79,1,-121.659
80,1,-218.45
81,1,53.562
82,1,-14.182
83,1,176.137
84,1,65.7610000000001
85,1,-66.679
86,1,-88.924
87,1,135.584
88,1,-66.797
89,1,326.086
90,1,-261.583
91,0,-53.152
92,0,38.176
93,0,44.937
94,0,-170.383
95,0,-61.388
96,0,46.21
97,0,-167.84
98,0,30.713
99,0,48.591
100,0,189.85
101,0,144.164
102,0,38.692
103,0,111.801
104,1,97.401
105,1,259.559
106,0,-51.637
107,0,-180.688
108,0,-73.187
109,0,66.714
110,1,169.893
111,0,-167.673
112,1,187.905
113,0,-17.236
114,0,85.374
115,0,-59.293
116,0,-58.018
117,0,-112.657
118,0,-37.001
119,0,61.666
120,0,-112.588
121,0,-189.69
122,1,303.22
123,0,-44.8
124,0,21.969
125,0,7.49
126,0,-72.949
127,0,-36.036
128,0,-208.242
129,1,213.516
130,0,50.192
131,0,-27.7
132,0,35.336
133,0,10.345
134,1,268.632
135,0,-24.342
136,1,88.791
137,0,-54.139
138,0,-110.591
139,0,-110.98
140,0,-142.431
141,0,-68.292
142,0,-37.747
143,0,-40.335
144,0,37.853
145,0,-57.779
146,0,-173.437
147,0,52.325
148,0,-15.099
149,0,-57.077
150,0,26.236
151,0,295.975
152,0,-7.396
153,0,-20.064
154,0,-99.561
155,1,175.283
156,0,39.969
157,0,-52.856
158,0,315.357
159,1,75.2530000000001
160,0,-34.246
161,0,-9.34399999999998
162,0,65.697
163,0,-106.459
164,0,-106.188
165,0,-106.553
166,0,-17.03
167,0,-136.873
168,0,120.684
169,0,-4.98399999999999
170,0,-14.84
171,0,197.076
172,0,23.606
173,0,-36.506
174,0,64.906
175,0,-154.854
176,0,296.544
177,1,139.977
178,0,-187.302
179,0,10.539
180,0,-52.194
181,0,-53.634
182,0,-201.749
183,0,-6.50499999999999
184,0,100.73
185,0,-158.499
186,1,185.332
187,1,142.732
188,0,39.783
189,0,44.936
190,0,-214.136
191,0,84.774
192,1,343.684
193,0,-58.991
194,0,27.184
195,1,221.841
196,0,-151.033
197,0,-32.872
198,0,55.965
199,0,-121.332
200,0,132.299
