Subj,Class,risk_1d
1,1,265.489
2,1,-270.272
3,0,325.358
4,1,-362.641
5,0,242.195
6,0,298.349
7,1,298.349
8,1,269.738
9,1,302.772
10,1,-353.435
11,0,320.575
12,1,-353.435
13,0,242.195
14,1,242.195
15,1,-278.944
16,0,270.272
17,0,270.272
18,0,298.349
19,1,274.161
20,1,-298.349
21,0,270.272
22,1,-353.435
23,1,-251.401
24,0,325.892
25,1,242.195
26,0,264.955
27,1,-292.858
28,0,298.349
29,0,274.695
30,1,232.989
31,1,-335.098
32,1,-292.858
33,1,-353.435
34,0,320.575
35,0,325.892
36,0,298.349
37,0,353.435
38,0,298.349
39,0,242.195
40,0,325.358
41,0,288.075
42,0,325.358
43,1,246.618
44,0,325.358
45,0,297.281
46,0,325.892
47,0,302.772
48,1,242.195
49,1,-353.435
50,0,274.695
51,1,-362.641
52,1,298.349
53,1,329.781
54,1,270.272
55,1,297.281
56,1,265.489
57,1,-297.281
58,1,-334.564
59,1,-353.435
60,1,242.195
61,0,357.858
62,1,-362.641
63,0,297.815
64,0,325.892
65,1,261.066
66,1,232.989
67,0,269.738
68,0,289.143
69,1,-298.349
70,1,232.989
71,1,289.143
72,0,297.281
73,0,302.238
74,0,264.955
75,1,-362.641
76,0,270.272
77,1,246.618
78,0,302.238
79,1,293.032
80,1,242.195
81,1,232.989
82,0,242.195
83,1,-237.772
84,0,232.989
85,0,298.349
86,0,316.152
87,0,288.075
88,0,353.435
89,0,298.349
90,1,-269.738
91,0,329.781
92,0,316.152
93,1,269.738
94,0,302.238
95,0,353.435
96,1,274.695
97,0,293.566
98,0,242.195
99,0,325.892
100,0,270.272
101,0,269.738
102,1,-353.435
103,0,269.738
104,1,242.195
105,0,330.315
106,0,325.892
107,1,-353.435
108,0,242.195
109,1,242.195
110,1,242.195
111,0,298.349
112,1,-298.349
113,0,297.281
114,1,-325.892
115,0,325.358
116,1,269.738
117,1,-265.849
118,0,246.618
119,1,-297.281
120,0,325.892
121,0,242.195
122,1,269.738
123,1,242.195
124,0,302.238
125,1,-242.195
126,1,261.066
127,1,242.195
128,0,246.618
129,1,-334.564
130,1,269.738
131,0,353.435
132,1,246.618
133,0,269.738
134,0,302.772
135,0,260.532
136,1,264.955
137,1,-270.272
138,0,297.815
139,1,297.815
140,1,-306.487
141,0,242.195
142,0,242.195
143,1,-325.892
144,0,297.281
145,0,289.143
146,1,-297.281
147,0,269.738
148,0,232.989
149,0,297.281
150,0,242.195
151,0,270.272
152,0,242.195
153,1,-349.012
154,1,242.195
155,0,297.281
156,0,270.272
157,0,269.738
158,0,297.281
159,1,-353.435
160,1,-242.195
161,0,302.772
162,0,344.229
163,0,316.152
164,0,298.349
165,0,297.281
166,1,-349.012
167,0,242.195
168,0,242.195
169,0,316.686
170,0,269.738
171,0,297.281
172,1,-358.218
173,0,325.892
174,1,246.618
175,0,353.435
176,1,-353.435
177,0,242.195
178,1,-237.772
179,1,-297.281
180,1,269.738
181,1,316.686
182,1,325.358
183,1,297.281
184,1,246.618
185,0,270.272
186,0,288.075
187,1,232.989
188,1,270.272
189,0,297.281
190,0,289.143
191,0,274.695
192,0,289.143
193,0,246.618
194,1,-242.195
195,0,298.349
196,1,-298.349
197,1,-275.055
198,1,289.143
199,1,242.195
200,1,-297.281
