Subj,Class,risk_ori
1,0,3.04512480700843
2,1,1.49025570650403
3,0,0.60969482843251
4,0,1.49885095655686
5,0,1.72101543752548
6,0,2.36904687933252
7,0,1.81157407377066
8,1,1.79043142276225
9,0,1.48884658736778
10,1,2.1304133854267
11,0,0.866957056387392
12,0,0.874598897404094
13,1,0.113922470746432
14,1,1.08192291312732
15,0,1.00966816946285
16,0,1.54987041802963
17,1,1.69800789019927
18,0,0.981842126538226
19,1,0.0795322213590351
20,1,2.30050839333484
21,1,1.65583305247705
22,0,1.54532120216706
23,0,1.74332128739462
24,1,0.924769896618727
25,0,0.952138351258931
26,1,-0.0874414077133564
27,0,0.754220797466943
28,1,3.07584908183648
29,1,2.21065988728814
30,1,2.45525016120619
31,0,1.59272068282493
32,0,1.4639092975609
33,0,0.935626373734546
34,1,2.38716850274132
35,1,1.63198131157354
36,0,0.890608063219958
37,0,1.64897853264966
38,1,2.29892696498482
39,0,1.47773002400914
40,0,0.824998983639718
41,1,2.18629629472933
42,1,2.1548942125465
43,0,1.72897003706927
44,1,3.16973424829702
45,1,2.29285232944956
46,0,0.889909074282193
47,1,1.54070463078043
48,0,1.53147587234112
49,0,1.0457673301368
50,1,2.44023080232801
51,1,1.54062358679823
52,0,0.949249598141179
53,1,2.93790380097031
54,1,1.48770900188587
55,0,1.76396862228664
56,1,1.34443785289433
57,1,1.73815161162328
58,0,0.854944002049388
59,0,2.1605427814237
60,0,1.61267332771092
61,1,2.09600882144419
62,1,2.18512800706761
63,1,1.5095210728918
64,0,1.49887436979371
65,0,1.42125540920986
66,1,1.80939960115531
67,0,1.58735878164374
68,1,1.55392626866825
69,0,1.41896186746781
70,0,0.766345745921179
71,1,3.21223619896166
72,0,1.53058267991802
73,1,1.94147587020005
74,1,0.131009775751532
75,1,0.0386981373047872
76,0,0.873520758214858
77,0,1.43784689346326
78,1,1.33607108963176
79,1,1.57650476005568
80,0,1.42722564622101
81,1,0.218770932948801
82,1,0.525496586039167
83,1,0.0795322213590351
84,1,1.77085967980516
85,1,1.81656153906504
86,0,0.987103423491737
87,0,0.786230025338892
88,1,1.77431848450237
89,1,2.49004431285059
90,1,2.44344009798237
91,0,1.79935765276209
92,1,0.0594782867398233
93,1,1.5094939222598
94,0,0.644202312380895
95,1,3.04407205913155
96,0,1.45681507185632
97,1,1.72470799353802
98,0,1.11118403567936
99,0,1.52850992823255
100,1,2.42245313469267
101,1,0.935106427057401
102,0,1.67430541011842
103,1,2.33874901827487
104,1,1.63006635602221
105,0,0.91116776971075
106,0,0.865763941474082
107,0,2.27831977802668
108,1,3.13473509390084
109,1,1.65703730865109
110,1,1.56695602825857
111,0,0.903547738881296
112,0,0.770233131499152
113,1,2.29979580760859
114,1,2.29594439054294
115,1,1.47783442253324
116,0,1.34136632012081
117,0,0.692485506676195
118,0,0.970016623121943
119,0,1.39024297923242
120,1,1.73176751611719
121,1,3.09973286301487
122,1,2.07288602275054
123,1,0.800518156519918
124,0,1.37505942397443
125,0,1.69093603621853
126,0,0.13003659914716
127,1,1.57580501036632
128,1,2.46829536098898
129,1,1.41545306808055
130,1,2.39988838872156
131,0,1.79536951432862
132,0,2.95251513753848
133,0,2.40533344230035
134,1,-0.121317763556956
135,0,1.76033918541842
136,0,0.152384010964922
137,1,2.99251550264534
138,1,2.19669732290122
139,0,0.901347305774789
140,1,2.40465682508643
141,1,0.412829517181725
142,0,0.865867149857338
143,0,0.877589444890365
144,0,-0.111900011737153
145,0,1.03662229327391
146,0,1.5711428588745
147,1,2.04564277571571
148,1,0.881256328829146
149,0,1.52850992823255
150,1,2.96742500976516
151,1,1.38548920655843
152,0,1.59835692030055
153,1,2.26123297765689
154,0,0.91462657440796
155,1,2.38877547103152
156,1,2.21678779521155
157,1,1.50472794142268
158,0,1.72399786333953
159,1,2.30100006378263
160,1,2.26560999179416
161,0,0.881426835778287
162,0,1.73284094094176
163,1,2.49662591039828
164,0,1.77234963560083
165,0,1.57841971560702
166,0,0.830038175173926
167,0,1.63347274007891
168,1,2.53279447805352
169,1,0.353980663770532
170,1,0.871400178949703
171,1,1.54331785746289
172,1,2.39949942202171
173,1,1.63041671204135
174,1,1.33737714017432
175,0,2.04275464356
176,1,1.52560805066053
177,1,1.40008679771029
178,1,2.13224995984638
179,0,1.06188145853752
180,1,2.46639330601802
181,0,0.815347331876744
182,1,3.00730814031105
183,0,1.59908249069151
184,1,0.199899031407624
185,1,1.42622701376079
186,0,1.401795560369
187,0,0.700539164299338
188,0,2.07651545961876
189,1,0.0458396221407209
190,1,1.39351894557891
191,0,1.66967734078997
192,1,3.05638923299563
193,0,0.74906451999958
194,0,1.74966765506873
195,1,3.0984138278076
196,1,1.55695771220284
197,0,0.838432024525003
198,0,1.51322316459131
199,1,2.89469172010717
200,0,0.854428918364743
