Subj,Class,risk_ori
1,1,0.968716644904233
2,1,0.035352695940482
3,1,1.14872901283319
4,1,0.731798020641072
5,1,1.37229293216242
6,1,0.823650068041622
7,1,1.00604554542937
8,1,0.408146395122619
9,1,0.819361224709966
10,1,-0.236374762107572
11,1,1.3990226470538
12,1,0.46666808482577
13,0,0.754096008387726
14,1,0.591857631046547
15,1,0.85513054748489
16,1,0.272028186978776
17,0,0.324588704012505
18,0,0.127434305047819
19,1,0.28243775151225
20,0,-0.295717215703408
21,1,1.15655209763023
22,1,1.40103417464117
23,1,0.805678118978433
24,1,1.51948972034653
25,1,1.09595096796616
26,1,0.134896199455968
27,1,-0.329736602178742
28,1,1.57606888679451
29,1,1.14463274042614
30,1,0.0349386604420492
31,1,0.703264383814833
32,1,0.978948866270356
33,1,0.783371166818947
34,1,-0.128880758730756
35,1,0.477010742516587
36,1,0.633324859627623
37,1,0.671884394493133
38,0,0.395568704928906
39,1,-0.376611202344166
40,1,1.80433405568013
41,1,0.331981361005784
42,1,1.1315279243861
43,1,0.649285950343896
44,1,0.911229722367834
45,1,0.902961199061462
46,1,1.56777014149226
47,1,0.895682161653327
48,1,0.122831860145127
49,0,-0.327760842873482
50,1,0.363752770747965
51,0,0.15253632959497
52,1,0.337244891009115
53,1,0.31822020375075
54,0,-0.0951160624949386
55,1,0.0125659182250466
56,0,0.269159228118354
57,0,0.686869985513806
58,1,1.04569613180639
59,1,0.507206569530631
60,1,1.22190827797037
61,1,1.36906607996625
62,1,0.430262850910589
63,1,0.525039487563418
64,1,1.20468871140634
65,1,1.118580774637
66,1,0.558579933943089
67,1,0.799600136189776
68,1,0.582988981630741
69,0,-0.085515176868051
70,1,0.159907688515912
71,1,1.37233191835065
72,1,0.744102302642689
73,1,0.0916996823369465
74,0,0.390293129793558
75,1,1.18737509533277
76,1,1.74499053386623
77,0,-0.341312524492535
78,1,1.29970433997388
79,1,-0.368231174495032
80,1,0.289590465814753
81,1,0.921129150293118
82,1,0.627034410889369
83,1,0.991187358214456
84,1,0.393675884816247
85,0,0.475413695707037
86,1,0.472321927177433
87,1,1.01171321249094
88,1,1.22565559843164
89,1,1.80760319111767
90,1,0.86162139103485
91,1,0.348825901212482
92,1,0.49175628466301
93,1,0.725938682470854
94,1,0.580067874664931
95,1,0.275568584551803
96,1,0.915296177569113
97,1,0.851821478714482
98,1,1.5190756848481
99,0,0.285233469399786
100,0,0.430867382780538
101,1,0.98770413681079
102,1,1.88375947779086
103,1,0.363047748756448
104,1,0.412991534827106
105,1,1.67634879157182
106,0,0.441324776841638
107,1,0.554860994724993
108,1,0.817327282265112
109,1,1.31017163247517
110,0,0.730222437912936
111,0,1.26681918007604
112,0,0.889584055529462
113,0,1.49280218217748
114,0,1.09237587032908
115,0,1.57107921026267
116,0,0.229280298903177
117,0,0.72503675921263
118,0,0.842775245421555
119,0,0.669206132224704
120,0,0.890384204114084
121,0,1.3371942038431
122,0,0.128304865784439
123,0,0.754718790064408
124,0,0.582174528845414
125,0,0.634327718286809
126,0,0.217239682742437
127,0,1.19691321542715
128,0,0.957399300541742
129,0,0.306638053021653
130,0,0.473850820903671
131,0,-0.139760935733941
132,0,0.482897054196599
133,0,-0.0386405767026268
134,0,1.36779416791538
135,0,1.0242123561353
136,0,0.557656267333134
137,0,0.941516285089561
138,0,0.999676599888219
139,0,0.757613823336382
140,0,1.29642207507276
141,0,0.455974972950239
142,0,0.51778703633767
143,0,1.40934498118893
144,0,0.45091253300495
145,0,1.11738735938903
146,0,1.47239358329962
147,0,0.900080435778793
148,0,0.22062199248573
149,0,-0.197075635446146
150,0,0.810535999061272
151,0,0.679359434069734
152,0,0.991791890084406
153,0,0.0937199336273862
154,0,1.80570528311544
155,0,0.247120823853886
156,0,0.0691917736749151
157,0,0.756125785781837
158,0,0.337849422879064
159,0,0.822630360147511
160,0,0.829395786626697
161,1,1.91585002227304
162,1,1.38083758654114
163,1,0.946118729992253
164,1,-0.130077833532808
165,1,0.112476072990733
166,1,0.806161448085906
167,1,1.67910874117723
168,0,-0.299331299528716
169,1,1.31218271478315
170,1,1.39853173476899
171,0,0.682645864021599
172,0,0.371751771642666
173,0,0.323326690401824
174,0,0.949400994893374
175,0,0.120742504995313
176,0,1.53663796368408
177,0,0.719129149460282
178,0,0.615162437933507
179,0,1.2499833635724
180,0,1.30610517727389
181,0,0.795882371708809
182,0,0.748350289802652
183,0,0.881842012569538
184,0,-0.182890578463888
185,0,0.95071166553998
186,0,0.672859081164807
187,0,0.991791890084406
188,0,1.13323856704021
189,0,0.166276188777668
190,0,0.219215442047697
191,0,0.695633869942396
192,0,0.62829642450005
193,0,1.03653420517937
194,0,1.4078784077158
195,0,1.49550671907793
196,0,0.300652391745803
197,0,0.924389951112825
198,0,-0.00962399622270767
199,0,-0.0326542201804427
200,1,0.832207462798696
