Subj,Class,risk_1d
1,0,13.881
2,0,-17.252
3,0,-3.371
4,0,-3.371
5,1,-13.881
6,1,10.51
7,0,-13.881
8,1,0
9,1,-17.252
10,1,10.51
11,1,-17.252
12,0,13.881
13,1,0
14,0,-13.881
15,1,-13.881
16,0,-3.371
17,1,-13.881
18,1,-17.252
19,1,0
20,1,0
21,0,13.881
22,0,-17.252
23,0,13.881
24,1,-13.881
25,1,-13.881
26,1,-17.252
27,0,-13.881
28,0,-3.371
29,1,13.881
30,0,-13.881
31,1,-17.252
32,1,-13.881
33,0,-17.252
34,0,13.881
35,1,-3.371
36,1,-13.881
37,1,0
38,1,-13.881
39,1,-17.252
40,1,-17.252
41,1,-3.371
42,1,-13.881
43,1,13.881
44,0,13.881
45,0,-3.371
46,1,-3.371
47,1,-17.252
48,1,13.881
49,0,-17.252
50,0,-17.252
51,1,-13.881
52,0,13.881
53,0,-17.252
54,0,-3.371
55,1,-3.371
56,0,-17.252
57,0,-17.252
58,1,-17.252
59,0,-3.371
60,1,10.51
61,1,-17.252
62,1,10.51
63,1,10.51
64,0,-13.881
65,0,-3.371
66,0,-17.252
67,1,10.51
68,1,-17.252
69,1,-13.881
70,1,13.881
71,1,-17.252
72,0,-17.252
73,1,-17.252
74,1,-13.881
75,1,-17.252
76,1,0
77,1,-3.371
78,1,13.881
79,1,0
80,0,10.51
81,0,-17.252
82,0,-17.252
83,1,-13.881
84,1,-13.881
85,1,-17.252
86,0,-17.252
87,0,-17.252
88,1,-13.881
89,0,-13.881
90,0,-13.881
91,1,-17.252
92,1,-13.881
93,1,-13.881
94,0,-13.881
95,0,-3.371
96,1,-17.252
97,1,-17.252
98,0,13.881
99,1,0
100,0,-17.252
101,1,-13.881
102,0,0
103,1,-17.252
104,0,-13.881
105,1,-3.371
106,1,-17.252
107,0,13.881
108,0,13.881
109,1,-13.881
110,0,-13.881
111,0,-13.881
112,0,-3.371
113,1,10.51
114,1,-3.371
115,0,10.51
116,0,0
117,1,-17.252
118,0,-13.881
119,0,-13.881
120,1,-17.252
121,1,-17.252
122,0,-17.252
123,0,-17.252
124,1,-3.371
125,1,-13.881
126,0,-13.881
127,1,-13.881
128,0,-13.881
129,1,-17.252
130,1,-13.881
131,0,10.51
132,1,-13.881
133,0,-3.371
134,0,13.881
135,0,0
136,0,0
137,1,10.51
138,0,-17.252
139,1,-17.252
140,0,-17.252
141,1,-13.881
142,0,10.51
143,1,-13.881
144,1,-13.881
145,1,-17.252
146,1,-17.252
147,0,13.881
148,0,-3.371
149,0,-17.252
150,1,-13.881
151,0,-17.252
152,1,-13.881
153,0,10.51
154,1,-13.881
155,1,-17.252
156,0,13.881
157,1,-13.881
158,1,-13.881
159,1,-13.881
160,0,13.881
161,1,-17.252
162,1,-3.371
163,1,-3.371
164,0,0
165,0,-17.252
166,0,13.881
167,1,-13.881
168,0,-13.881
169,0,0
170,1,13.881
171,0,-17.252
172,1,-3.371
173,0,-17.252
174,0,0
175,0,-3.371
176,0,-17.252
177,1,-17.252
178,0,-3.371
179,1,-13.881
180,1,13.881
181,1,-13.881
182,0,0
183,0,-17.252
184,1,10.51
185,1,-3.371
186,0,0
187,0,-17.252
188,0,-17.252
189,0,0
190,0,0
191,1,-13.881
192,1,-13.881
193,1,-3.371
194,1,-13.881
195,0,-17.252
196,0,-3.371
197,1,0
198,1,-13.881
199,0,13.881
200,1,-17.252
