Subj,Class,risk_1d
1,1,4.371
2,1,4.371
3,1,0
4,1,4.371
5,1,4.371
6,1,4.371
7,1,4.371
8,1,0
9,1,4.371
10,0,0
11,0,0
12,0,0
13,1,0
14,0,0
15,1,0
16,0,0
17,1,0
18,1,0
19,1,4.371
20,1,0
21,1,0
22,1,0
23,1,0
24,1,0
25,0,0
26,1,0
27,0,0
28,0,0
29,1,0
30,0,0
31,1,0
32,1,0
33,0,0
34,0,4.371
35,0,0
36,0,0
37,1,0
38,0,0
39,0,0
40,1,0
41,1,4.371
42,0,0
43,0,0
44,1,0
45,1,0
46,1,0
47,1,0
48,1,4.371
49,1,4.371
50,1,4.371
51,1,4.371
52,0,0
53,1,0
54,0,0
55,0,0
56,0,0
57,0,0
58,0,0
59,1,0
60,0,0
61,1,0
62,1,0
63,1,0
64,1,4.371
65,0,0
66,1,0
67,1,0
68,0,4.371
69,0,4.371
70,0,4.371
71,1,0
72,0,0
73,1,0
74,0,0
75,1,4.371
76,0,0
77,0,0
78,1,0
79,1,0
80,1,4.371
81,1,4.371
82,0,4.371
83,0,0
84,0,0
85,0,0
86,0,0
87,1,0
88,0,0
89,1,0
90,1,0
91,0,0
92,0,0
93,0,0
94,0,0
95,1,0
96,0,0
97,0,0
98,0,0
99,1,0
100,1,0
101,1,0
102,1,0
103,1,4.371
104,1,0
105,1,4.371
106,1,0
107,0,0
108,1,0
109,0,0
110,0,0
111,0,0
112,0,0
113,0,0
114,0,0
115,1,0
116,1,0
117,1,4.371
118,1,0
119,0,4.371
120,0,0
121,0,0
122,0,4.371
123,1,0
124,0,0
125,0,0
126,1,0
127,1,4.371
128,0,0
129,0,4.371
130,1,4.371
131,0,4.371
132,0,0
133,1,0
134,1,0
135,1,0
136,0,4.371
137,0,4.371
138,0,4.371
139,0,0
140,0,4.371
141,0,4.371
142,0,0
143,1,0
144,1,4.371
145,0,0
146,1,4.371
147,1,0
148,0,4.371
149,1,4.371
150,0,0
151,1,0
152,1,0
153,0,0
154,1,0
155,1,0
156,0,0
157,1,0
158,0,0
159,1,0
160,1,0
161,1,0
162,0,4.371
163,0,0
164,1,0
165,0,0
166,1,0
167,1,0
168,1,0
169,0,0
170,0,0
171,0,0
172,1,0
173,0,0
174,1,0
175,0,0
176,1,0
177,0,0
178,1,0
179,1,0
180,0,0
181,0,0
182,0,4.371
183,0,4.371
184,1,0
185,1,4.371
186,1,4.371
187,1,0
188,0,0
189,0,0
190,1,4.371
191,0,4.371
192,0,4.371
193,1,4.371
194,0,4.371
195,1,0
196,1,0
197,1,0
198,1,4.371
199,0,0
200,1,0
