Subj,Class,risk_1d
1,1,0
2,0,3.364
3,0,3.364
4,1,3.364
5,1,3.364
6,1,3.364
7,1,0
8,0,0
9,0,3.364
10,1,0
11,1,0
12,0,0
13,1,3.364
14,1,0
15,1,0
16,0,0
17,1,0
18,1,3.364
19,1,0
20,0,3.364
21,0,3.364
22,0,3.364
23,0,0
24,0,3.364
25,1,0
26,1,0
27,1,0
28,0,0
29,0,0
30,0,3.364
31,1,0
32,0,0
33,0,0
34,1,3.364
35,0,3.364
36,0,3.364
37,0,3.364
38,0,3.364
39,1,0
40,0,0
41,1,3.364
42,1,0
43,1,0
44,0,3.364
45,1,3.364
46,0,0
47,1,3.364
48,0,0
49,0,3.364
50,0,0
51,0,3.364
52,1,3.364
53,0,0
54,0,3.364
55,1,3.364
56,0,0
57,0,0
58,0,3.364
59,0,3.364
60,1,0
61,1,3.364
62,0,3.364
63,0,0
64,0,3.364
65,1,0
66,1,0
67,1,0
68,1,3.364
69,1,0
70,1,3.364
71,1,0
72,0,3.364
73,0,0
74,0,0
75,0,3.364
76,0,3.364
77,0,0
78,0,3.364
79,0,3.364
80,1,3.364
81,1,0
82,1,0
83,0,0
84,0,0
85,1,0
86,1,3.364
87,0,3.364
88,0,0
89,0,3.364
90,1,3.364
91,0,0
92,1,3.364
93,0,3.364
94,1,0
95,0,0
96,0,0
97,0,3.364
98,1,0
99,1,0
100,0,0
101,0,0
102,1,0
103,0,0
104,1,0
105,0,3.364
106,0,3.364
107,1,0
108,0,3.364
109,0,0
110,1,0
111,1,0
112,0,3.364
113,1,0
114,0,0
115,0,3.364
116,0,0
117,0,0
118,0,0
119,0,3.364
120,1,0
121,0,3.364
122,1,0
123,1,0
124,0,3.364
125,0,0
126,1,3.364
127,0,3.364
128,0,3.364
129,0,3.364
130,1,3.364
131,1,0
132,1,0
133,0,3.364
134,1,0
135,0,0
136,1,0
137,0,3.364
138,0,0
139,0,0
140,1,3.364
141,1,3.364
142,1,3.364
143,0,3.364
144,1,3.364
145,1,3.364
146,1,0
147,0,0
148,0,0
149,1,3.364
150,1,3.364
151,1,3.364
152,1,3.364
153,0,3.364
154,0,3.364
155,1,0
156,1,0
157,1,0
158,1,3.364
159,0,0
160,0,3.364
161,1,0
162,0,3.364
163,0,0
164,1,0
165,1,0
166,0,0
167,0,3.364
168,1,0
169,1,3.364
170,0,0
171,1,3.364
172,1,3.364
173,1,0
174,0,0
175,0,3.364
176,1,0
177,1,3.364
178,0,0
179,0,3.364
180,0,0
181,0,3.364
182,1,3.364
183,1,3.364
184,1,0
185,0,0
186,1,3.364
187,0,3.364
188,0,0
189,1,3.364
190,1,3.364
191,0,0
192,1,3.364
193,1,0
194,1,0
195,1,3.364
196,1,3.364
197,0,0
198,1,3.364
199,1,0
200,1,0
