Subj,Class,risk_1d
1,0,766.023
2,1,-753.063
3,1,759.543
4,1,759.878
5,0,753.398
6,1,-740.773
7,0,747.253
8,1,-759.543
9,0,759.878
10,1,-753.063
11,0,753.733
12,0,753.733
13,1,-753.063
14,1,-753.398
15,0,766.023
16,0,759.878
17,1,-753.063
18,1,-740.773
19,1,-747.253
20,1,-759.543
21,1,-740.773
22,1,-740.773
23,0,766.023
24,1,-746.918
25,1,-759.543
26,1,-753.063
27,1,-740.773
28,1,-759.543
29,1,-759.543
30,0,759.543
31,0,747.253
32,1,-759.543
33,1,-759.543
34,0,753.733
35,0,759.878
36,1,-753.063
37,0,753.733
38,0,759.878
39,0,759.878
40,1,-747.253
41,1,-753.063
42,0,747.253
43,0,766.023
44,0,753.733
45,0,753.733
46,0,747.253
47,0,747.253
48,1,-759.543
49,1,-753.398
50,0,747.253
51,1,-759.543
52,0,747.253
53,0,747.253
54,0,759.543
55,1,-753.398
56,0,753.733
57,1,-759.543
58,0,753.733
59,1,-740.773
60,1,-747.253
61,0,753.733
62,1,-753.063
63,0,766.023
64,1,-740.773
65,1,-747.253
66,0,753.733
67,1,-753.063
68,1,-747.253
69,0,766.023
70,1,-759.543
71,1,-759.543
72,1,-753.398
73,0,753.398
74,1,-746.918
75,0,753.398
76,1,-747.253
77,1,-746.918
78,0,753.733
79,0,753.398
80,0,759.543
81,1,-753.063
82,0,759.878
83,0,766.023
84,1,-759.543
85,0,747.253
86,0,747.253
87,1,-753.063
88,0,747.253
89,0,753.733
90,1,-747.253
91,0,759.543
92,1,-746.918
93,1,-753.063
94,1,747.253
95,1,-747.253
96,0,753.733
97,0,747.253
98,1,-753.063
99,0,747.253
100,0,759.878
101,1,-740.773
102,0,753.398
103,0,753.733
104,1,-746.918
105,0,747.253
106,1,-740.773
107,0,766.023
108,1,-753.398
109,1,-746.918
110,0,753.733
111,0,747.253
112,0,753.398
113,0,759.878
114,0,759.878
115,1,-747.253
116,0,753.733
117,1,-740.773
118,0,747.253
119,0,753.733
120,0,766.023
121,0,766.023
122,1,-759.543
123,0,766.023
124,1,-759.543
125,1,-740.773
126,1,-753.063
127,0,747.253
128,0,759.878
129,0,759.543
130,0,759.878
131,0,759.878
132,1,-753.398
133,0,753.398
134,0,766.023
135,0,753.733
136,0,759.878
137,0,747.253
138,1,-746.918
139,0,753.398
140,0,753.733
141,1,-753.063
142,0,766.023
143,1,-753.063
144,1,-753.063
145,1,-753.398
146,1,-753.398
147,1,-747.253
148,1,-759.543
149,1,-753.063
150,0,753.398
151,0,747.253
152,0,766.023
153,0,766.023
154,0,759.878
155,1,-759.543
156,0,753.733
157,1,-746.918
158,1,-746.918
159,1,-746.918
160,1,-753.063
161,0,766.023
162,1,-753.398
163,0,766.023
164,0,753.733
165,0,753.398
166,0,766.023
167,1,-753.063
168,1,-746.918
169,1,747.253
170,1,-753.063
171,1,-740.773
172,0,753.398
173,0,747.253
174,0,759.878
175,0,747.253
176,0,747.253
177,0,759.878
178,0,753.733
179,1,-753.398
180,1,-747.253
181,1,-747.253
182,0,759.543
183,1,-753.063
184,1,-759.543
185,1,-759.543
186,1,-753.063
187,1,-746.918
188,0,753.398
189,1,-753.063
190,1,-759.543
191,1,-759.543
192,0,753.733
193,1,-759.543
194,1,-759.543
195,0,747.253
196,1,-753.063
197,0,747.253
198,1,-753.063
199,0,753.733
200,1,-747.253
