Subj,Class,risk_ori
1,0,-0.207579815668626
2,1,-0.137172723364315
3,0,-0.363393947429372
4,1,-0.272224838418134
5,1,-0.418306873898657
6,0,-0.424293023536698
7,1,-0.177695502237932
8,0,-0.377155475619005
9,0,-0.191361189697139
10,0,-0.223994026899246
11,0,-0.477111960189467
12,0,-0.335021515860345
13,1,-0.271020972587956
14,1,-0.135399800805307
15,1,-0.0953153511752476
16,1,-0.023909292807831
17,1,-0.0980980908693857
18,1,-0.266990781251727
19,1,-0.247972492063846
20,1,-0.252973553556573
21,0,-0.00490914293821535
22,0,-0.281104906041207
23,0,-0.059925817193046
24,0,-0.353484570116706
25,1,-0.410698491226331
26,1,-0.165610868997159
27,1,-0.0977100316095844
28,1,-0.22456012661831
29,0,-0.00113048235893366
30,0,-0.227630063959059
31,1,-0.148171566278692
32,0,-0.0122039316278331
33,0,-0.198070732448013
34,1,-0.202827916671006
35,1,-0.104539886162209
36,1,-0.028852212551009
37,0,-0.00202066603820818
38,0,-0.344615928445892
39,0,-0.392712161141002
40,0,-0.213432912905774
41,1,-0.124002246188209
42,0,-0.185606526636929
43,1,-0.287449037725613
44,0,-0.200087476310307
45,0,-0.318280457062633
46,0,-0.178265318875556
47,0,-0.16556272575894
48,1,-0.332544197839935
49,0,-0.142520958600835
50,1,-0.262406570779986
51,0,-0.323143025069442
52,0,-0.224629298975078
53,0,-0.274909564137595
54,0,-0.148619693259931
55,1,-0.0427425144896364
56,0,-0.202053539972843
57,1,-0.0263682805758237
58,1,-0.0427614626878947
59,1,-0.22456460296369
60,0,-0.210348701455728
61,0,-0.39842615375582
62,1,-0.125710727446356
63,0,-0.0700874633014921
64,0,-0.135624581104402
65,0,-0.155722213206234
66,1,-0.168477055157363
67,0,-0.239610949414285
68,0,-0.400679500357128
69,0,-0.361152168557457
70,1,-0.223460729285477
71,0,-0.238886796874633
72,1,-0.155962625187768
73,1,-0.428913753032293
74,1,-0.0695335323341769
75,1,-0.140084261572646
76,0,-0.295646185233821
77,0,-0.349579711487944
78,1,-0.248009770514521
79,0,-0.308495602666193
80,1,-0.0968526286476167
81,0,0.0280651795035353
82,1,-0.203122018099251
83,0,-0.229557581045703
84,0,-0.234721013299936
85,1,-0.111230480714824
86,0,-0.0762136155213011
87,0,-0.282648374212159
88,1,-0.164494247632533
89,1,-0.242125595338543
90,1,-0.283640786341367
91,1,-0.187939415183363
92,0,-0.0224227515016684
93,1,0.00262211086904753
94,1,-0.244503835933104
95,0,-0.216678671636289
96,0,-0.0344020009586252
97,0,-0.515360158085873
98,0,-0.289033242640193
99,0,-0.00954718463379951
100,0,-0.364840115227222
101,0,-0.134916727350048
102,1,-0.244662235065523
103,1,-0.244662235065523
104,0,-0.219131458892437
105,1,-0.354878877757777
106,0,-0.0177519958689847
107,1,-0.130462113589814
108,1,-0.0822052062443673
109,1,0.0111740953295013
110,1,-0.361870127672535
111,1,-0.0722680864471458
112,0,-0.33229260739005
113,1,-0.0738938877533172
114,1,-0.417533256627314
115,1,-0.0146093350725815
116,0,-0.200307780264022
117,1,-0.22737248155467
118,1,-0.185471640216344
119,1,-0.369044862704037
120,0,-0.248713147923494
121,1,-0.238480053940362
122,0,-0.0269015781895929
123,0,-0.27296580187459
124,1,-0.177658223787257
125,1,-0.292052196395612
126,0,-0.544350549530744
127,0,0.0337660113399022
128,1,-0.0260899230407552
129,0,-0.392803270815521
130,0,-0.397718300001467
131,0,-0.401486537383452
132,0,-0.319521601343485
133,0,-0.0527684479704706
134,0,-0.0256964894761362
135,1,-0.130436017763255
136,1,-0.0928698211227864
137,0,-0.0421408110331891
138,1,-0.400590273581478
139,0,-0.0840107331650892
140,1,0.0500687973790288
141,1,0.0444090949053377
142,0,-0.00710353799873148
143,0,-0.177349039369722
144,0,-0.0420035827964527
145,1,-0.038054502623412
146,0,-0.464219840548429
147,1,-0.34451862807279
148,0,-0.200789129552816
149,1,0.0707427393561754
150,0,-0.227044825107586
151,0,-0.0953010770659507
152,1,-0.451286520280802
153,1,0.0131704771761064
154,1,0.00681435756004788
155,1,-0.265240545197525
156,1,-0.380818329217175
157,0,0.0060754258668642
158,1,-0.181646465309841
159,0,0.0782777982501938
160,0,-0.297684922898838
161,0,-0.321130090449668
162,1,-0.187939415183363
163,1,-0.0252143313073491
164,1,-0.133189915839485
165,1,-0.472846477188651
166,0,-0.0417797277438528
167,1,-0.170436158553293
168,1,-0.0449923767722658
169,1,-0.189323211458942
170,0,-0.185660357860772
171,1,0.123435121329447
172,0,-0.0612420877698531
173,0,-0.128051576656848
174,1,-0.212650049518122
175,1,-0.131552639127882
176,1,-0.0788222192771153
177,1,0.0988425055315237
178,1,-0.0194969961509863
179,0,-0.469339231532807
180,0,-0.473903479909626
181,1,-0.340482077492311
182,1,-0.160992789396496
183,1,-0.468517966222431
184,0,-0.220011219374416
185,0,-0.422547263827876
186,1,-0.147725771274108
187,0,-0.293702115374007
188,0,-0.200253949040178
189,1,0.022615729231772
190,1,-0.437290526961551
191,1,-0.341598698856937
192,1,-0.159951166523468
193,0,-0.178543676410625
194,1,-0.0426387130951523
195,0,-0.34909836219915
196,1,-0.216598987914029
197,0,-0.132050541189845
198,1,-0.0496388919860699
199,0,-0.363069842081174
200,0,-0.0566104934867133
201,1,0.0741914898404167
202,1,-0.192552417416289
203,0,-0.202383086406067
204,1,-0.0820995148637436
205,1,-0.170300463252715
206,1,0.00427771783306779
207,1,-0.00982365926999904
208,0,-0.32850978830196
209,1,-0.231031183731301
210,0,0.0933550173822655
211,0,0.0590461653752041
212,0,-0.116848286287386
213,1,-0.0245964250404432
214,0,-0.0567616250836592
215,0,-0.160188094186324
216,1,-0.209699201095844
217,1,-0.22456012661831
218,0,-0.0667399278524943
219,1,-0.144668472044386
220,0,-0.141086358532377
221,0,-0.231681284413838
222,1,-0.0654141142222971
223,0,-0.129874984752201
224,0,-0.122136174677637
225,1,-0.336100858774296
226,0,-0.515476406657233
227,1,-0.144670496720388
228,1,-0.116811767263531
229,1,-0.0481927241882197
230,0,-0.0845103593935169
231,0,-0.272158315474324
232,1,-0.402094954205906
233,0,-0.219513317312453
234,1,-0.277151293556338
235,1,-0.310145521644589
236,1,-0.103056439913684
237,0,-0.136915140959926
238,1,-0.433494554182281
239,0,-0.0532629580377154
240,0,-0.349563554479778
241,0,-0.349501762591876
242,0,-0.214104704005461
243,1,-0.109244055036599
244,0,-0.22710048326385
245,1,-0.231220710255723
246,0,-0.0131305069465695
247,1,-0.216751186534603
248,1,-0.251164419570517
249,1,-0.310885418077417
250,1,-0.00801640818281257
251,0,-0.229491866981887
252,1,-0.38078674290789
253,1,-0.246407994774344
254,1,-0.0209231482449773
255,0,-0.243493665375921
256,0,-0.20521773208223
257,0,-0.165782775724784
258,1,-0.190072407617018
259,0,-0.159432097193751
260,0,-0.286060605672545
261,0,0.0473599433276158
262,1,-0.251093420281328
263,1,-0.00422043540354205
264,1,-0.113432645505247
265,0,-0.141463906426687
266,1,-0.252160015508866
267,0,-0.114491580578265
268,1,-0.266121372703131
269,0,-0.158247416321229
270,0,-0.220048497825091
271,1,-0.27494684258827
272,0,-0.309941770464043
273,1,-0.320615172541489
274,0,-0.111471559799218
275,1,-0.32838948358748
276,1,-0.182317298757155
277,1,-0.300787711798055
278,0,-0.159442961981295
279,1,-0.152976381213684
280,0,-0.086081562961754
281,1,-0.107368398106734
282,0,-0.319128631235326
283,1,-0.0878025371957874
284,0,-0.139843182488252
285,1,-0.171311700833526
286,1,-0.0784634778039306
287,0,-0.160543284560623
288,0,-0.520905381979914
289,0,-0.459607894679404
290,1,-0.143302284905877
291,1,-0.378805394597401
292,1,-0.122030790893821
293,1,-0.351912600034379
294,1,-0.279905191632568
295,0,-0.172769047099728
296,0,-0.177762025181741
297,1,-0.433237731204711
298,0,-0.232699538381735
299,0,-0.185440053907058
300,0,0.00374442021929867
301,1,-0.297994107316372
302,1,-0.0234547106042206
303,0,-0.0263317615519687
304,0,-0.197898825720388
305,1,-0.0992147122340124
306,1,-0.223165818977239
307,1,-0.330197035184204
308,1,-0.0175254914034254
309,0,-0.146457693388693
310,1,-0.334088733034515
311,0,-0.151602127991495
312,1,-0.226326915445681
313,1,0.0269493175657286
314,1,-0.140220872159695
315,1,-0.297684163472018
316,0,-0.0451272631928507
317,0,-0.329284165000123
318,0,-0.0417323439324533
319,0,-0.0816441732333133
320,0,-0.358965344899958
321,1,-0.367046449094159
322,1,-0.202005396734624
323,1,-0.0387597069648061
324,1,-0.231786668197654
325,0,-0.179519217930092
326,1,-0.460735694512382
327,1,-0.409397561782449
328,0,-0.0447512976878723
329,0,-0.380215043371396
330,1,-0.131139702769036
331,1,0.0679554774914117
332,0,-0.284447965144825
333,0,-0.102369361290009
334,0,-0.317147282924838
335,0,-0.0220932545216179
336,1,-0.253905775217688
337,1,-0.388986936020562
338,0,0.157806344858779
339,1,-0.296035003920442
340,1,-0.118552036489626
341,1,0.0703443281629911
342,1,-0.380320427155212
343,0,-0.323881339112939
344,1,-0.303717184067297
345,1,-0.0877131516877331
346,0,-0.205122717886773
347,0,-0.0652937600546441
348,1,-0.300766335645019
349,0,-0.148259068887877
350,0,0.0155033657225409
351,1,-0.276418721107403
352,1,-0.121789711809428
353,1,-0.20945812201145
354,1,-0.164273943678818
355,1,-0.1217651983722
356,0,-0.14255376070613
357,0,-0.149669533537113
358,0,-0.0406941843180563
359,1,-0.269344077639096
360,0,0.0521497878787706
361,1,-0.413380369307279
362,0,0.0515792118143266
363,0,-0.265293164781125
364,0,-0.230921181824972
365,0,-0.234426349892298
366,0,-0.459550967814614
367,0,-0.206102569931946
368,0,-0.489048804374839
369,0,-0.223752947814852
370,0,-0.332653991188924
371,1,-0.172245292539349
372,0,-0.0828961364764644
373,0,-0.391198852749656
374,1,-0.397638616279207
375,0,-0.0873537922687068
376,0,-0.042314908256491
377,0,-0.0746009749935803
378,0,-0.116969399881859
379,1,-0.0952319047091821
380,1,-0.148787890156266
381,0,-0.120690006879787
382,1,-0.27368750953598
383,0,-0.300258131102846
384,0,-0.0735739338266568
385,1,-0.0510856774336071
386,1,-0.271954564293779
387,1,-0.34451862807279
388,1,0.0415429087451341
389,1,-0.0117724107325462
390,1,-0.202366533632898
391,0,-0.0713036637030928
392,0,-0.234065725520244
393,1,-0.161082016172146
394,0,-0.409090768634239
395,1,-0.130479337621608
396,1,-0.181179648273979
397,1,-0.28127264402026
398,0,-0.408826985718005
399,1,-0.122659879784843
400,1,-0.159044037933949
401,1,-0.0644513274765136
402,0,-0.172527968015334
403,1,-0.313391280375104
404,1,-0.314474032610808
405,0,-0.114103213721655
406,1,-0.0819649360399667
407,0,-0.542632525219208
408,1,-0.240198078251898
409,0,-0.27983095256779
410,1,-0.320287657871538
411,1,0.0547291298144165
412,0,-0.117172391635585
413,0,-0.136033348714675
414,1,-0.157216524242304
415,0,0.0176511867628998
416,0,-0.26736847092317
417,1,-0.24991823663695
418,0,-0.312371959383579
419,0,-0.305148067217195
420,0,-0.214603365494244
421,0,-0.350879517459777
422,1,-0.151361857787094
423,1,-0.214273059634201
424,0,-0.249001610819287
425,0,-0.0593145706832087
426,0,-0.420677040895766
427,0,-0.259368219748523
428,1,-0.187347297146208
429,0,-0.172769047099728
430,1,-0.467401344857805
431,0,-0.364786284003378
432,1,-0.13667203011226
433,1,0.0733158981070105
434,1,-0.0482984155688433
435,0,-0.354291748920164
436,1,-0.240642149090017
437,0,-0.127621779928026
438,0,0.037701435053333
439,0,-0.172029306526551
440,0,-0.383422714771244
441,1,-0.244716066289367
442,0,-0.104419574360458
443,0,0.0512700273967922
444,1,-0.161920280001705
445,0,-0.292691944816824
446,1,-0.171394793877538
447,1,-0.277117929767804
448,0,-0.35163500192613
449,1,-0.252438373043935
450,0,-0.191639547232208
451,0,0.000295669735057385
452,0,-0.160443334774561
453,0,-0.255850604504321
454,0,-0.19534399722197
455,0,-0.0880779448083591
456,1,-0.118247583127998
457,1,0.0111740953295013
458,1,-0.246013388667915
459,1,-0.191457030427565
460,0,-0.154474101571506
461,0,-0.0348833502474194
462,0,-0.103612395557001
463,0,-0.152633327667227
464,1,-0.131328112816657
465,1,-0.158215830011943
466,1,-0.14158426059434
467,0,-0.473920032682795
468,0,-0.0457252568180082
469,0,-0.269020272800434
470,1,-0.114972622270251
471,0,-0.293702115374007
472,1,-0.1375314648375
473,0,-0.244939833173771
474,0,-0.302553691745432
475,1,-0.154773280367487
476,1,0.000578345211042865
477,1,-0.107368398106734
478,1,-0.430325284705157
479,0,-0.405469344908282
480,1,-0.33891682077599
481,0,-0.202309239478364
482,1,-0.141992727695076
483,1,-0.0897410245652056
484,0,-0.223994026899246
485,0,-0.180476270865006
486,0,-0.304240938627676
487,1,-0.0498134481266543
488,0,-0.151661746635146
489,0,-0.285087713566037
490,1,-0.168958404446157
491,0,-0.189296815122846
492,1,-0.069554165687723
493,1,-0.378805394597401
494,0,-0.0313612586578371
495,0,-0.239336301710506
496,0,-0.16712514212815
497,1,-0.0471883410508442
498,1,-0.0783745973401107
499,1,-0.286600404307697
500,0,-0.129147489671003
501,1,-0.106615192304254
502,1,-0.19489958007202
503,1,-0.30281517867076
504,1,-0.300723015786666
505,1,-0.213071829616437
506,0,-0.409462257793837
507,0,-0.0123595395701592
508,1,-0.185681132991452
509,0,-0.0327812770201906
510,0,-0.214325007959176
511,1,-0.102080898394216
512,1,-0.196456209021423
513,0,-0.504325365122283
514,0,-0.1462166143043
515,0,-0.124809424991666
516,0,0.0286357555679794
517,1,-0.0609644896616044
518,0,-0.329335717560094
519,1,-0.109985018493055
520,0,-0.0337633195610403
521,0,-0.381490120316863
522,0,-0.480102213807956
523,0,-0.083855125222763
524,1,-0.22775002944898
525,1,-0.183087199109937
526,1,-0.227803860672824
527,0,-0.291946812611796
528,0,-0.124693176420306
529,0,0.154385329771823
530,0,-0.205501166985036
531,1,-0.0252143313073491
532,1,-0.0819941310799278
533,0,-0.467374489604426
534,0,-0.239494700842925
535,1,-0.0860823223885739
536,1,0.160620582694008
537,1,-0.240679427540692
538,0,-0.171537438784995
539,0,-0.264019211307707
540,1,-0.460141192293173
541,0,0.0301142691019353
542,1,-0.202586837586613
543,1,-0.344612585904347
544,1,-0.0215098813175873
545,1,-0.0723892071288893
546,1,-0.143261614460484
547,1,-0.0641825129948351
548,1,-0.17171011202671
549,1,-0.470748880306803
550,1,-0.0330588751284392
551,1,0.0784299968707675
552,0,-0.406548687822234
553,1,-0.414361344824501
554,0,-0.421793662260393
555,1,-0.156118233130094
556,1,-0.330317000674124
557,1,-0.151843207075888
558,1,-0.0683391101461594
559,0,-0.461268992126151
560,1,-0.267525961764365
561,0,-0.307129415527683
562,0,-0.131023146600868
563,0,-0.389076162796211
564,0,-0.17156518126955
565,1,-0.162491664946141
566,1,-0.153646289414502
567,0,0.107697986423887
568,1,-0.185781082777513
569,0,-0.21044600182883
570,1,-0.147725771274108
571,0,-0.257590873730416
572,0,-0.153818813791814
573,1,-0.205054612553632
574,1,-0.28606680618439
575,0,-0.0967472448638009
576,0,-0.240506754298977
577,1,-0.370238376600831
578,0,-0.133015359698901
579,0,-0.244730340398664
580,1,-0.0320595693588006
581,0,-0.108059328338832
582,0,-0.376323345521085
583,1,-0.198604030061782
584,1,0.0366694759507808
585,0,-0.46108564878654
586,0,-0.230927682846354
587,0,-0.0249593912286485
588,1,-0.464418910126241
589,1,-0.290283683401776
590,0,-0.482214798400676
591,0,-0.024324119152816
592,1,-0.15948471677735
593,0,-0.265126692051254
594,0,-0.0592933363073059
595,1,-0.179623019324576
596,1,-0.301893468375137
597,0,0.0793590240630145
598,1,-0.143861435018062
599,0,-0.511221742618717
600,1,-0.241827589389359
601,1,-0.268107402616353
602,0,-0.306251940895408
603,1,-0.202103764131354
604,1,-0.0715405913659482
605,1,-0.373895442779193
606,0,-0.388113376050428
607,0,-0.194071767915017
608,1,-0.279269919556736
609,1,-0.077842826149225
610,0,-0.161596983533499
611,1,-0.176904622219773
612,1,-0.0117208581725743
613,1,-0.237487500034021
614,0,-0.0348833502474194
615,0,-0.280187867108554
616,0,-0.0635480003458226
617,1,-0.290778242922194
618,0,-0.0851956016399896
619,1,-0.191380137895398
620,1,-0.315916483490098
621,1,-0.225926313756819
622,1,-0.0156498344735607
623,0,-0.169115736554948
624,0,0.016305110528244
625,0,0.000206442959407527
626,1,-0.0985794401581799
627,0,-0.215745079930467
628,0,-0.264280344810982
629,0,-0.387322496032269
630,0,-0.054980982349252
631,0,-0.168545160490504
632,1,-0.18647201300961
633,1,-0.400978332841279
634,0,-0.182746787889169
635,1,-0.259969880839068
636,1,-0.198604030061782
637,0,-0.250390042872355
638,1,-0.165437895245906
639,0,-0.263867012687133
640,0,-0.282513795388382
641,1,-0.277016714732561
642,0,-0.189694717945575
643,1,-0.363136365024983
644,1,-0.110475663351332
645,0,-0.304574587029265
646,0,0.0480615965701245
647,1,-0.108263079519377
648,1,-0.130656321716969
649,1,-0.142767104393239
650,0,-0.394365687184732
651,0,-0.156821610539067
652,1,-0.112121105984347
653,1,-0.309491499114079
654,0,-0.0795743117487496
655,0,-0.275747827967153
656,1,-0.268605304678316
657,0,-0.0106415152586227
658,0,-0.330265140517344
659,0,-0.214050872781617
660,0,-0.383732658615598
661,0,-0.145581342228467
662,0,-0.241382804949666
663,0,0.0346508491896175
664,1,-0.180871130959305
665,0,-0.0817073041824041
666,0,-0.20386079106003
667,1,0.0325963181782515
668,0,-0.266457483637957
669,1,-0.239164394982882
670,0,-0.304977987421991
671,0,-0.151336005288678
672,0,-0.138785056295228
673,1,-0.324871868343278
674,1,-0.199174606126226
675,1,-0.373104562761034
676,0,-0.203173966424226
677,0,-0.188472712797132
678,0,-0.330232288958877
679,0,-0.162790497430293
680,1,-0.0535032776952891
681,0,0.0214245015126223
682,0,-0.214650749305644
683,1,-0.323462978996103
684,0,-0.245575105249604
685,1,-0.134675648265655
686,1,-0.388590248993842
687,1,-0.128398039525058
688,0,-0.30884743983922
689,1,-0.307797291965229
690,0,-0.252984418344117
691,1,-0.301705058327516
692,0,-0.378564315513008
693,0,-0.332448357109509
694,1,-0.135726555566465
695,0,-0.13836435436224
696,0,-0.332448357109509
697,1,0.0220220535475314
698,0,-0.364149184995125
699,1,-0.298695093456021
700,1,-0.367654353062451
701,1,-0.158215830011943
702,1,-0.222049197612613
703,0,-0.193436495839184
704,1,0.0416441237803775
705,0,-0.0972113701208014
706,0,-0.370395708709621
707,1,-0.216117638625235
708,0,-0.332354978912321
709,0,-0.0715775519800517
710,1,-0.17196120119341
711,0,-0.395748377643237
712,0,-0.07880952755715
713,0,-0.189884244469996
714,0,-0.260021822076772
715,1,-0.00753840143556364
716,0,-0.29892530775287
717,0,-0.292497026660551
718,0,-0.483347972538472
719,1,-0.0673270566901073
720,1,-0.0711107946371258
721,1,0.00398549930369225
722,1,-0.12106769655123
723,1,-0.200333632762438
724,0,-0.168545160490504
725,0,-0.11825981796025
726,1,-0.0708430895449776
727,0,-0.175719895522006
728,0,-0.318079292241328
729,1,-0.264813698391199
730,1,-0.112316024140621
731,0,-0.41840884836072
732,1,-0.157597870136099
733,0,-0.237513352532437
734,1,-0.0129428633210168
735,0,-0.378547812193012
736,1,-0.0664988487681007
737,0,0.0077934501784008
738,0,0.0383193949291766
739,0,0.0117762577032311
740,0,-0.149564149753298
741,1,-0.107352241098568
742,0,-0.183353321812754
743,1,-0.21149614970282
744,1,-0.401916334112275
745,1,-0.0879598693045781
746,1,-0.175912781915007
747,1,-0.239202482313549
748,1,-0.113787136145663
749,0,-0.335032380647889
750,0,0.0254073090374526
751,0,-0.00310457346573527
752,1,-0.0678084059789015
753,1,-0.272058365688263
754,1,-0.0542420506560684
755,0,-0.0388827105454186
756,1,-0.0863391453661435
757,0,-0.145581342228467
758,1,0.00305348998720152
759,1,-0.0760098643407556
760,0,-0.188902201929147
761,0,-0.382584450941686
762,0,-0.154312706209372
763,1,-0.420116007884712
764,0,-0.10435116851778
765,1,0.0275672774415722
766,0,-0.2350305440293
767,1,-0.331861228271896
768,0,-0.319898531588109
769,1,-0.17997993386534
770,0,-0.0725507619231312
771,1,-0.294235412987776
772,0,-0.201988843961455
773,1,0.0194488947966962
774,0,-0.142063726984265
775,0,-0.470696931981828
776,0,-0.276315061490052
777,0,-0.20784359858486
778,1,-0.305544087141055
779,1,-0.21286233684133
780,1,-0.270973588776557
781,0,-0.231253370583885
782,1,-0.234924764480482
783,1,-0.0224892744454776
784,1,-0.228626380609206
785,0,-0.173644589379961
786,0,-0.218052115978486
787,0,-0.0208711999200024
788,0,-0.090838747184747
789,1,-0.123535471518249
790,0,-0.0736363053489278
791,1,-0.372235154212439
792,0,-0.194450075236147
793,0,-0.280532447077894
794,1,-0.228993205493104
795,1,-0.208445302041307
796,1,-0.361518290499508
797,0,-0.282339856897485
798,1,-0.1375314648375
799,0,-0.285253426869088
800,0,-0.347598363177456
801,0,-0.12903255217407
802,1,-0.260777059642525
803,0,-0.273604483272175
804,0,-0.101493769556603
805,1,-0.191387042195555
806,0,0.014303651313902
807,1,-0.0948896600427181
808,1,-0.0108452664391682
809,0,-0.124068769132018
810,0,-0.25429325484312
811,0,0.0975685520581063
812,0,-0.0315358147984215
813,1,-0.00827210768833305
814,1,-0.14158426059434
815,1,-0.153443155883644
816,0,-0.0721792727635331
817,1,-0.404657689759445
818,0,-0.0156517173724297
819,1,-0.450735910467044
820,0,-0.382530619717842
821,0,-0.243749364881442
822,1,-0.156959188738514
823,1,-0.510346150885311
824,1,-0.24814257185905
825,0,-0.091046413027434
826,1,-0.321491523701715
827,0,-0.388453638406793
828,1,-0.261925221491192
829,0,-0.129823432192229
830,1,-0.138182893921498
831,1,-0.141987660987066
832,0,-0.165475982576574
833,1,-0.0897451759867438
834,1,-0.477645257803236
835,0,-0.274694337551618
836,0,-0.30884743983922
837,1,-0.226121231913093
838,0,-0.147723888375239
839,0,-0.288110818742994
840,1,-0.241773758165516
841,1,-0.329126532381795
842,0,-0.191361189697139
843,0,-0.120085961607188
844,0,-0.244404652661133
845,0,-0.254586194084294
846,1,0.0128947619667267
847,0,-0.111471559799218
848,1,-0.169559807393067
849,1,-0.48690098333448
850,0,0.03973941329153
851,0,-0.0665653717119099
852,1,-0.527424069804904
853,0,0.0105395826804887
854,1,-0.275937371818609
855,1,-0.0784780982250575
856,0,-0.413208204436019
857,0,-0.141086358532377
858,0,-0.0975692696009969
859,0,-0.334450939795901
860,0,-0.0198061311153476
861,0,-0.452072835785386
862,0,-0.43469426859092
863,1,-0.34243732997624
864,1,-0.121985043080691
865,0,-0.157975559807542
866,1,-0.0908760256354219
867,1,-0.284551773626579
868,0,-0.188447619725536
869,1,-0.140687689195558
870,1,-0.0330588751284392
871,1,-0.371029256618989
872,1,-0.21272770856438
873,0,-0.404400107355055
874,1,-0.151897038299732
875,0,-0.128449987850033
876,0,-0.272996579303883
877,1,-0.0370416826532695
878,0,-0.506257959576664
879,0,-0.1656789743303
880,1,-0.0177000475440098
881,0,-0.280930349900622
882,0,-0.30213454745953
883,1,-0.127244090256583
884,1,-0.266352099854142
885,0,-0.309786162521717
886,1,0.028876834652373
887,0,-0.139586359510683
888,0,-0.169389925341444
889,0,-0.292225170146864
890,0,-0.203120135200382
891,0,-0.215409784870882
892,0,-0.47133220405766
893,1,-0.159006759483274
894,1,-0.179325013375393
895,1,-0.261814452742832
896,1,-0.0925179839497593
897,0,-0.307688565639868
898,0,-0.337423576763548
899,1,-0.124002246188209
900,1,-0.148651279569217
901,1,-0.0751342726073494
902,0,-0.236147165393927
903,0,-0.201015634018375
904,0,-0.046329302090607
905,0,-0.255609525419927
906,0,-0.0540738537597332
907,1,-0.0728179368340838
908,1,-0.331107880692283
909,0,-0.246417587280907
910,0,-0.372008349237342
911,0,-0.178507157386769
912,1,-0.0794101075415482
913,0,-0.204971278693019
914,1,-0.446905301562788
915,1,-0.00542247430129837
916,1,0.00772534484525997
917,0,-0.209630028739075
918,1,-0.265721894486319
919,1,-0.147688492823433
920,1,-0.200868813275076
921,0,-0.239029508562297
922,1,-0.122173453128312
923,1,-0.110973657737255
924,0,-0.331657477091351
925,1,-0.0205617573588332
926,0,-0.19796951741277
927,1,-0.238426222716518
928,1,-0.14184159609813
929,1,-0.0730752723378737
930,1,-0.265894868237572
931,0,-0.166249550394744
932,0,0.0429313407982017
933,1,-0.403866809741286
934,0,-0.132411624479181
935,1,-0.16653222587073
936,1,-0.367754302848513
937,0,-0.0819276081361186
938,1,0.0801757565795889
939,1,-0.302059941105007
940,0,-0.220405412365855
941,1,-0.162921154078156
942,1,-0.284551773626579
943,1,-0.224391629212437
944,1,-0.124431735320223
945,0,-0.283583032941609
946,1,-0.153079882098631
947,0,-0.213509034869421
948,0,-0.268982994349759
949,1,-0.379157231770428
950,1,-0.266990781251727
951,1,-0.452994192658956
952,1,-0.195518553362554
953,0,-0.172527968015334
954,0,-0.258490286198965
955,1,-0.102283890147942
956,0,-0.252686412394934
957,1,-0.231834052009053
958,0,-0.375200276744014
959,0,-0.399436324313003
960,0,-0.411730450328883
961,1,-0.211359489662598
962,1,-0.137600329597461
963,0,-0.132277045655404
964,0,-0.262474676113127
965,1,-0.167786124925266
966,0,-0.0422092168758673
967,0,-0.299277155585624
968,0,-0.0343331361986644
969,1,-0.0192973469388059
970,0,-0.280930349900622
971,0,-0.00284887396021479
972,1,-0.259021756880314
973,1,-0.176935707245874
974,1,-0.238961403229156
975,0,-0.333392004722883
976,0,-0.223496124837283
977,1,-0.180918514770704
978,1,-0.308779334506079
979,0,-0.367307890194242
980,1,-0.29166413713581
981,1,-0.30492776326348
982,0,-0.269500950830604
983,1,-0.548129605875029
984,1,-0.23685425263419
985,0,-0.301357528435679
986,0,-0.260090235006721
987,1,-0.348291942822512
988,1,-0.120584623095971
989,0,-0.0810204795465998
990,1,-0.358981650772527
991,1,0.0811567320968109
992,0,-0.191483939289882
993,1,0.0821032736662333
994,1,-0.118085261819666
995,1,-0.312770628720399
996,1,-0.373712099439582
997,1,-0.0537962556514846
998,0,-0.0718559095151202
999,1,-0.157734480723149
1000,1,-0.195791675125422
