Subj,Class,risk_ori
1,1,0.104951871272708
2,0,-0.738286322900465
3,1,0.236351381263595
4,0,-0.345340060329685
5,1,0.244482565073187
6,1,0.199012503475647
7,1,0.158486139688919
8,1,0.0102773471868515
9,1,-0.175448615301683
10,1,0.238489547289598
11,1,0.116837770125828
12,1,0.518812324888652
13,1,-0.194079482172046
14,1,-0.0780308106676242
15,1,0.0579407608201076
16,1,0.30334892969928
17,1,0.10097809201068
18,1,0.174918564089244
19,1,0.400668217773047
20,1,-0.0387507654030886
21,1,0.431668288892838
22,1,0.54796713963847
23,1,-0.166618819348009
24,1,0.494853693972031
25,1,0.350546538863972
26,1,0.6660665252181
27,1,-0.155341100558062
28,1,0.078052269819719
29,1,0.171978576336263
30,1,0.176576329307317
31,1,0.33665306451728
32,1,0.278363642466838
33,1,0.274623653663716
34,1,-0.433589186115163
35,1,-0.720991146555621
36,1,0.254374593891071
37,1,0.0461972375615974
38,1,0.132858286640682
39,1,-0.10529614827156
40,1,0.0167315735358428
41,1,0.470864912906944
42,1,0.353991303902024
43,1,0.103889248433007
44,1,0.365159575469044
45,1,0.249297493517506
46,0,-0.729440015699674
47,1,-0.344192717228819
48,0,-0.506133824407255
49,1,-0.0713435995426029
50,1,0.144026558207702
51,1,-0.279266357828216
52,1,-0.368075121611261
53,1,-0.413545183208801
54,1,0.704222182813984
55,0,-0.233743025128713
56,1,0.383061508503581
57,1,0.384988468104881
58,1,0.139732087318586
59,1,-0.00699424970525871
60,1,0.372313404073369
61,1,0.0691112687713492
62,1,0.056669012415356
63,0,-0.559050271524278
64,1,-0.257710307170096
65,1,-0.293651964079225
66,1,0.27683619794196
67,0,-0.616293280518878
68,1,0.374495530692467
69,0,-0.42400305165053
70,1,0.274185463824698
71,1,0.247214781011894
72,1,0.277680427095874
73,1,0.0148522378758131
74,1,0.128413718973472
75,1,-0.150262025391925
76,1,-0.0406913639057392
77,1,0.211818259598366
78,1,-0.0893489115020591
79,1,0.217950519039149
80,1,0.436662753910713
81,1,0.58168968372151
82,1,-0.450214876400563
83,1,-0.130484712973891
84,1,0.311822961215212
85,1,-0.19295730144306
86,1,0.516574744749162
87,1,-0.0682788455183941
88,1,0.134697565553439
89,1,-0.208460100646469
90,1,0.361714810430993
91,0,-0.692270858296645
92,1,-0.366637542521912
93,1,-0.342665272703942
94,1,0.217222482756517
95,1,-0.00030563276160216
96,1,0.0571559794425753
97,1,-0.171114087665295
98,1,-0.195790412855624
99,1,0.391227104228309
100,1,0.238735494208695
101,1,-0.224740368933673
102,1,-0.0342162567586152
103,1,0.760895317438551
104,1,0.64603989387743
105,1,0.934895944654353
106,1,0.179516909868193
107,1,0.426335537069993
108,1,-0.264668717996263
109,1,0.54837191000216
110,1,0.212223029962055
111,1,0.188728617185506
112,1,0.298313815126237
113,1,0.270413970023374
114,1,0.496504782857913
115,0,-0.260053770560029
116,1,0.0911779186471863
117,1,0.453694704920892
118,1,-0.076866688808962
119,1,0.112449970956854
120,1,0.618779544050081
121,0,-0.413579595123938
122,1,-0.599245009611937
123,0,-0.417093418012564
124,1,-0.0263701637631422
125,1,0.59551793894905
126,1,0.185047557793648
127,1,0.39627176747931
128,1,-0.163412442569958
129,1,0.0480504228863846
130,1,-0.283384589036202
131,1,0.308633363194958
132,1,0.486218325685264
133,1,-0.36881966914101
134,1,0.103173857531128
135,1,0.581229727348109
136,1,0.251714610230551
137,1,0.0401269007781631
138,1,0.411584229239204
139,1,0.00302610978695869
140,1,-0.476217752686056
141,1,-0.383962143005306
142,1,0.579980727830505
143,1,-0.142728856306471
144,1,0.204091846152463
145,1,-0.2208608098941
146,1,-0.393238256431032
147,1,-0.282078428716314
148,1,0.0999574062548328
149,1,0.538571736638666
150,1,0.102097985765569
151,1,0.320644106044124
152,1,0.485954507542703
153,1,0.714978938368959
154,1,-0.38128538058699
155,1,-0.0955660486017841
156,1,0.0408549370607952
157,0,-0.707718964922543
158,1,-0.288277665148019
159,1,0.0592879078285477
160,1,0.617319605618453
161,0,-0.744204962431813
162,0,-0.589867507280153
163,1,0.234801948794451
164,1,-0.210180513020396
165,1,0.863802524352961
166,1,0.308173406821556
167,1,-0.242936441802514
168,1,-0.38249015200082
169,1,0.0928720705729678
170,1,0.00911322532818924
171,1,-0.0402339818241921
172,0,-0.602588385743931
173,1,-0.287018201156678
174,1,0.0628011617432368
175,1,-0.38128538058699
176,1,-0.195394293616697
177,1,0.562801744356943
178,1,0.00477869769180114
179,1,-0.0500959870042438
180,1,0.452676700160456
181,1,-0.705927702255105
182,1,-0.158443407434643
183,1,0.34881899129682
184,1,0.0222290579670196
185,1,-0.351507121230474
186,0,-0.672272245275889
187,1,-0.0308729907395246
188,1,0.489744201146748
189,0,-0.654982446252501
190,1,-0.823824303797047
191,1,0.413766355858302
192,1,0.716910885746847
193,1,0.405019256656552
194,1,0.353393289177886
195,1,0.251116595506414
196,1,0.607655500586834
197,1,-0.239601716795284
198,1,0.0446750483239867
199,1,-1.11017632993221
200,0,-0.704000742653804
201,1,0.338754999790766
202,1,-0.669826033003551
203,0,-0.345365490212245
204,1,0.313189069399877
205,1,-0.103752685931768
206,1,0.292140008577091
207,1,0.527586667321935
208,1,0.128463917206597
209,1,-0.371462019644189
210,1,-0.194524634580224
211,1,0.225166899912715
212,1,0.249477030091062
213,1,-0.20270004649359
214,1,0.643702315817278
215,1,-0.340954342020364
216,1,-0.353436832224141
217,1,-0.0320727743767677
218,1,-0.962472637703094
219,1,0.461535920252681
220,1,0.140879430419452
221,0,-0.127244347746574
222,1,0.814974988861042
223,1,-0.00993423745823953
224,0,-0.326905331690163
225,1,0.677640060581011
226,1,0.0604926792423777
227,0,-0.505269097670163
228,1,0.0339015140112155
229,1,-0.665541971110968
230,1,-0.335873185994574
231,1,0.323025644697369
232,1,0.844659417970596
233,1,0.61693161401256
234,1,0.786732296051839
235,1,-0.146481880465838
236,1,-0.144129765951142
237,1,-0.442992647431835
238,1,0.307428591781128
239,1,-0.128987292086846
240,1,0.151987754121696
241,1,-0.376907220936765
242,1,0.262724542784462
243,1,-0.0083813630508028
244,1,0.44332594097181
245,1,-0.44031588501352
246,1,-0.666697965336597
247,1,0.490109408195367
248,1,0.30917195958727
249,1,0.106579046207568
250,1,0.0951547946120102
251,1,-0.0692122401305677
252,1,-0.0143719673496593
253,1,0.202877258549996
254,1,-0.144129765951142
255,0,-0.467821585670029
256,1,0.190941161463751
257,1,0.468179499363865
258,1,0.271816570552205
259,1,-0.44031588501352
260,1,-0.852347593506608
261,1,-0.231179375610056
262,1,-0.56865261577277
263,1,0.125821834214098
264,1,-0.062016864417881
265,1,0.503011888435441
266,1,-0.212532627535092
267,1,0.257676881775737
268,1,-0.341683492776993
269,1,0.457509828407497
270,1,-0.0779865825638507
271,1,-0.101506454667515
272,1,0.5964840545922
273,1,-0.0090749874182983
274,1,0.203645528680412
275,1,-0.0998070474544674
276,1,-0.203398658637672
277,1,0.120334708189577
278,0,-0.786150313631743
279,1,-0.346793253112956
280,0,-0.515488577851891
281,1,0.489744201146748
282,0,-0.90818641905323
283,1,-0.244529204822237
284,1,-0.0438967505725386
285,0,-0.524773342402381
286,1,-0.643510299795648
287,1,0.37662447661977
288,0,-0.419102684390297
289,1,0.54558302669337
290,1,0.085679269152136
291,1,-0.240542780179456
292,1,0.280129265727926
293,1,-0.167259564486967
294,1,0.966175725220985
295,1,0.639362800404303
296,0,-0.946475470211147
297,1,-0.135453748109206
298,1,0.236351381263595
299,0,-0.872079762025089
300,1,-0.294828731318641
301,1,-0.247176543102003
302,1,-0.0992161719693772
303,1,-0.00259988027117443
304,1,0.394494411223902
305,1,0.0664512851108299
306,1,0.221591422308042
307,1,-0.112988149802326
308,1,0.104335565905058
309,1,-0.17857169519205
310,1,0.237556152677425
311,1,-0.557777692553941
312,1,0.711481894238129
313,1,-0.350035130225989
314,1,-0.197969667128955
315,1,-0.46355206023199
316,1,0.629453992828623
317,1,-0.333329317480519
318,1,0.674143016450181
319,1,0.708471832791431
320,1,0.610393193222691
321,1,0.0655541212511743
322,1,0.0590649163416658
323,1,0.205140268572045
324,1,-0.161720265436749
325,1,0.0777295967086719
326,1,0.266514236388507
327,1,-0.19144578279363
328,1,0.187744600874337
329,1,-0.098335056449982
330,1,0.351809177282926
331,1,-0.211171274979921
332,1,0.310105354199444
333,1,0.203406872909731
334,1,-0.175184797159123
335,1,0.152140963259498
336,1,-0.210104054339125
337,1,0.346381999123183
338,1,-0.516658669839905
339,1,0.235735075895945
340,1,0.241377844711874
341,0,-0.672888550643539
342,1,0.500882942508138
343,1,0.64993596416412
344,1,0.669203244009817
345,1,0.218645257880642
346,1,0.260310012180215
347,1,0.153125548544605
348,1,0.179365212616107
349,1,-0.0763294134357146
350,1,0.731687623460196
351,1,-0.445257470802858
352,1,0.620217123139429
353,1,-0.171560405137347
354,1,-0.303015368648625
355,1,0.104450100280265
356,1,-0.0572593642865259
357,1,-0.259239458976866
358,1,-0.0258391260299261
359,1,-0.209334076926816
360,1,0.874310858538495
361,1,0.228570007729502
362,1,-0.235053679362363
363,1,-0.426210608152188
364,1,0.559538100709527
365,0,-0.485424808261208
366,1,0.0162948047417488
367,1,-0.244893819062961
368,0,-0.610719569553523
369,1,0.620233332923288
370,1,-0.185320753432686
371,1,0.556008458012535
372,1,0.582434498761939
373,1,0.517215489888121
374,1,-0.522594088129049
375,1,0.142067423075486
376,1,-0.327798669555065
377,1,1.1519588485118
378,1,0.856175525020544
379,1,0.0753105052030543
380,1,0.180512555716973
381,1,0.318473502895556
382,1,0.445588950993859
383,1,-0.0509520626165717
384,1,-0.139305288828865
385,1,-0.1345610030522
386,1,-0.0500021567572814
387,1,0.193523670169233
388,1,0.127284575675327
389,1,0.153652481908928
390,1,0.334259135383542
391,1,-0.0851592093893893
392,1,0.130689374376274
393,1,0.389638004556763
394,0,-0.371854999026669
395,1,0.394528823139038
396,1,0.553400786935172
397,1,-0.00608470205649836
398,1,0.0222302230308932
399,1,-0.329326114079942
400,1,-0.0282256524597588
401,0,-0.37406813939485
402,1,0.26108497736911
403,1,0.148712976979243
404,0,-0.833013726214858
405,1,-0.45362961375496
406,1,-0.112861224946628
407,1,0.0245823375455893
408,1,-0.110375223437697
409,1,0.157407196952456
410,1,0.788204287056324
411,1,-0.517599623111174
412,1,0.472359652798577
413,1,-0.109885842925746
414,1,0.871430119775314
415,1,0.333326008282048
416,1,-0.928435478825875
417,1,-0.0118237146041222
418,1,0.0506950767613929
419,1,0.781737831033964
420,1,0.293314362331775
421,1,0.653194620034948
422,1,0.261429905935104
423,1,0.237556152677425
424,1,0.162673038771987
425,1,0.472249612767756
426,1,0.242130450558491
427,1,0.264959548632097
428,1,0.136143795767551
429,1,0.039328692170959
430,1,-0.166565940119472
431,1,-0.524764691277617
432,0,-0.296256761730033
433,1,0.879561303584907
434,1,-0.30959394556146
435,1,0.724793648186998
436,1,0.447677247365995
437,1,0.908612648569014
438,1,0.176451485311271
439,1,-0.0340047217546549
440,0,-0.598502875566921
441,1,0.13777471005814
442,1,0.20722856494418
443,1,0.428071613727719
444,1,0.458183010669019
445,0,-0.991540761444998
446,1,0.152380733504176
447,1,0.965111411497123
448,1,0.150984969033869
449,1,0.205194961149556
450,1,0.431419867523397
451,0,-0.543464051070439
452,1,-0.415938844831859
453,0,-0.508941505937259
454,1,0.218753323118892
455,1,0.0962043820954657
456,1,0.023418215686927
457,0,-0.22091002577446
458,1,-0.235053679362363
459,1,-0.0160568533344522
460,0,-0.398165744457986
461,1,-0.223098390033589
462,1,0.232101731286148
463,1,0.727001204688655
464,1,0.342141897823693
465,0,-0.584838630347142
466,1,0.394089640860212
467,1,-0.37855841993555
468,1,-0.118961375844104
469,1,0.5467877981072
470,1,0.147568047363109
471,1,0.316978763003922
472,0,-0.858126662801504
473,1,-0.0603154671859714
474,1,0.394468981341342
475,1,-0.21029263391087
476,1,-0.515538776085016
477,1,0.444545516350864
478,1,0.304811671160509
479,1,0.0521462947520921
480,1,-0.0218871133022812
481,1,0.50102251274459
482,1,-0.118506407247289
483,1,0.23135691624572
484,1,-0.383081027485911
485,1,0.190501979184924
486,1,-0.018915127118896
487,1,0.306589294926596
488,1,0.361774652228689
489,0,-0.574612912525383
490,0,-0.687986796404061
491,1,0.295970351736304
492,1,0.217950519039149
493,1,0.102148183998694
494,1,0.568129240892521
495,1,0.287344532127494
496,1,-0.0153053619618329
497,1,-0.112861224946628
498,0,-0.120113974232237
499,1,0.661097490082784
500,0,-0.505648438151293
501,1,0.246372309729749
502,1,0.999665461628506
503,0,-0.802792021732057
504,1,-0.119651336863423
505,1,0.718132435918473
506,1,0.593950605811887
507,1,0.350357959292227
508,1,0.00906302709506387
509,1,0.99650331295423
510,1,-0.185101988348887
511,1,-0.0544470258877486
512,1,0.489339430783058
513,0,-0.749999428499829
514,1,-0.860018820942798
515,1,-0.154093266104332
516,1,-0.109151653802653
517,1,0.440452447514758
518,1,0.308194604382002
519,1,-0.274950029994549
520,1,0.0705810233916136
521,1,0.930554454448806
522,1,0.583077657385629
523,1,0.0870403895602141
524,0,-0.602588385743931
525,1,-0.429402780464296
526,1,-0.12319282601883
527,1,0.323902761914952
528,0,-0.828175610191232
529,0,0.410381432617946
530,0,0.409776756787907
531,0,-0.0680074687167376
532,0,0.498224080757842
533,0,-0.270911915021062
534,0,-0.783742745596655
535,0,0.135587328151776
536,0,-0.291062492804584
537,0,-0.363790792207998
538,0,0.252919381644381
539,0,0.0834330378878831
540,0,-0.444956770340638
541,0,0.341431762209081
542,0,0.143778353759064
543,0,-0.260677038066215
544,0,0.392901648204178
545,0,-0.179380347366954
546,0,-0.764109093638465
547,0,0.32612795157395
548,0,0.92598015656774
549,0,0.331617052391043
550,0,-0.197636368100572
551,0,0.41775803578835
552,0,0.0269751016154532
553,0,-0.319484283495183
554,0,0.515675606096934
555,0,-0.455825646786088
556,0,-0.277682245933256
557,0,0.246158799933217
558,0,0.893026997089113
559,0,0.245813871367223
560,0,-0.0400750585380893
561,0,-0.190309963163294
562,0,-0.0929236980986051
563,0,0.224218968845997
564,0,0.0106973372231492
565,0,-0.288652511284764
566,0,0.649664587362463
567,0,-0.139631926751346
568,0,-0.425498059052843
569,0,0.0877675655242713
570,0,0.00802057480483374
571,0,-0.660515507662688
572,0,-0.293242205938949
573,0,-0.0385894286322535
574,0,-0.120550475515651
575,0,-0.0681982296261223
576,0,0.593165824434354
577,0,-0.0757217591928281
578,0,-0.420068800033446
579,0,-0.320466893987717
580,0,-0.241227485911509
581,0,0.428531570101121
582,0,-0.0817123634916846
583,0,-0.0866054396035016
584,0,-0.51931026988634
585,0,0.102826022048201
586,0,-0.145532543580485
587,0,-0.0806633449821662
588,0,0.566576633995764
589,0,-0.2805405197177
590,0,-0.045605706463544
591,0,-0.29768261682578
592,0,-0.0851592093893893
593,0,0.243583426420959
594,0,0.220328783889088
595,0,0.149555448261388
596,0,0.175030684979719
597,0,0.168445145497724
598,0,-0.307018572049203
599,0,0.117478847889866
600,0,0.217711863268469
601,0,-0.390271525534913
602,0,-0.0172616247482823
603,0,0.342141897823693
604,0,-1.01104500617722
605,0,0.435078642015753
606,0,0.0208012950663077
607,0,0.32284244244708
608,0,-0.614541261587973
609,0,0.235650465747683
610,0,-0.257570736933645
611,0,0.0207414532686116
612,0,0.575800468328712
613,0,0.250681801504892
614,0,0.0238781720603288
615,0,-0.748794657085999
616,0,-0.250308274117134
617,0,-0.376950852950602
618,0,-0.138079319854589
619,0,0.0978715233674297
620,0,0.143506976957408
621,0,0.499130354603296
622,0,-0.0253928085578746
623,0,0.562297559879768
624,0,-0.00409532636564715
625,0,-0.0694116521647157
626,0,0.19197397018941
627,0,-0.428339554079491
628,0,0.545234923699763
629,0,-0.204401443725499
630,0,0.0550782241882049
631,0,0.200596615370607
632,0,-0.237353182159202
633,0,0.12726112058534
634,0,0.022270872586061
635,0,-0.823224777187193
636,0,0.00477869769180114
637,0,0.371108632659539
638,0,-0.421981732269316
639,0,-0.0688101507622897
640,0,-0.101489675909719
641,0,0.0442702779602971
642,0,0.634301358395506
643,0,-0.623323162680351
644,0,0.315099819217319
645,0,-0.0313279593363395
646,0,-0.158460186192439
647,0,0.541008728812304
648,0,0.152157742017294
649,0,0.742954411587508
650,0,0.019628522082882
651,0,0.942567172090544
652,0,-0.649633908111668
653,0,0.520017096302482
654,0,0.0503042128097332
655,0,-0.431836598210321
656,0,-0.470473484851166
657,0,-0.6372418499888
658,0,-0.160786870824576
659,0,-0.276699635440722
660,0,0.0239075961988785
661,0,-0.564752882137903
662,0,0.0727403869780633
663,0,0.457979034324155
664,0,-0.152904108384425
665,0,-0.106955620771526
666,0,0.0598175221882826
667,0,-0.183650770358187
668,0,-0.798111840600548
669,0,-0.0401871794285639
670,0,-0.18911044703673
671,0,0.546662954111155
672,0,-0.623904666157372
673,0,-0.335217304265312
674,0,-0.0576731166827925
675,0,-0.515600698742366
676,0,0.301066205660237
677,0,-0.094838012319152
678,0,0.385903003530228
679,0,0.901141402140909
680,0,0.137852751658557
681,0,0.104040342139988
682,0,0.49103358270884
683,0,0.538656614297608
684,0,0.568814214135253
685,0,0.320644106044124
686,0,0.285162405508396
687,0,-0.402718769667493
688,0,0.128868687570287
689,0,0.455900286629977
690,0,0.0408853547199417
691,0,0.258872433090866
692,0,0.35559219455478
693,0,-0.311396731699428
694,0,-0.247006555206405
695,0,-0.0468819492126809
696,0,0.190446525664533
697,0,-0.12319282601883
698,0,-0.205606215139329
699,0,-0.662865208692652
700,0,0.0236579859316051
701,0,0.394089640860212
702,0,-0.25963360342322
703,0,-0.0115183493531995
704,0,0.697303561224411
705,0,0.38067739555848
706,0,0.120795370765818
707,0,-0.188550809039164
708,0,-0.321546821405502
709,0,0.239291961824471
710,0,-0.657351339524994
711,0,0.124718451706326
712,0,-0.0675056977242944
713,0,0.272458038291735
714,0,0.196404832398284
715,0,-0.712028456697686
716,0,0.877447577330212
717,0,-0.175005170175398
718,0,-0.256117544150373
719,0,0.930554454448806
720,0,-0.328753261727684
721,0,0.273930029296221
722,0,0.190265014298404
723,0,-0.327888534990593
724,0,-0.268518253398004
725,0,0.309137547672133
726,0,0.454099475284581
727,0,-0.588386865150904
728,0,-0.502388358906983
729,0,0.442193401836168
730,0,0.0607875111340216
731,0,0.284718960382111
732,0,0.781149364987784
733,0,0.243993184561236
734,0,0.19525947931628
735,0,0.116734300360117
736,0,0.00701627783129048
737,0,0.211018258548225
738,0,0.084630846732554
739,0,-0.871548724291873
740,0,-0.187890871657677
741,0,0.218804513791824
742,0,-0.632482167439016
743,0,0.509128266671623
744,0,0.530765200732693
745,0,0.00739561831242043
746,0,-0.418111422773
747,0,-0.302925503213097
748,0,0.0265549344786443
749,0,0.430115681996081
750,0,0.0638776024827332
751,0,-0.172288441419979
752,0,-0.687986796404061
753,0,0.608298659210524
754,0,-0.150721981765327
755,0,-0.444289274300055
756,0,0.599524316777241
757,0,0.120737503760695
758,0,-0.541755095179434
759,0,1.01003422557759
760,0,-0.0161027887201186
761,0,-0.124995612156798
762,0,0.176072144830141
763,0,0.542436491713016
764,0,-0.380995412109187
765,0,-0.20999193344865
766,0,0.349076961344219
767,0,0.148747388894379
768,0,0.106432513401957
769,0,0.599926406145519
770,0,0.521601208197442
771,0,0.290886021282901
772,0,0.343677993473334
773,0,-0.199423757465421
774,0,0.296220530977515
775,0,0.424701226941908
776,0,-0.341738946297385
777,0,0.640600008940697
778,0,0.813850833339484
779,0,0.728640770104006
780,0,-0.598040238198107
781,0,-0.175490162410045
782,0,0.483866211170568
783,0,0.609179770684097
784,0,-0.821797014286482
785,0,-0.29747108182182
786,0,-0.0790356010733691
787,0,-0.0713435995426029
788,0,0.145061341725934
789,0,-0.0320727743767677
790,0,-0.307453366050724
791,0,-1.0680079872454
792,0,0.207536611190515
793,0,0.0107373035602533
794,0,0.285213596181329
795,0,-0.198808963983487
796,0,0.691344955355958
797,0,0.00878190109237877
798,0,0.568984202030852
799,0,0.500602345607781
800,0,-0.137261220560503
801,0,0.365619799353126
802,0,-0.316630397988044
803,0,0.766483236279193
804,0,-0.546600769862157
805,0,0.615379007115802
806,0,0.366518938005354
807,0,0.260590609080572
808,0,-0.341048985278066
809,0,-0.158434756309879
810,0,0.912769630081331
811,0,-0.531271796855146
812,0,0.11574303874282
813,0,0.125816578926832
814,1,0.379720545856319
815,1,-0.130134635187712
816,1,0.252953793559518
817,1,0.128472568331361
818,1,-0.517838278881855
819,1,-0.199519099598099
820,1,0.305315855637684
821,1,0.311333580703261
822,1,-0.0272763155744055
823,1,0.437867525324543
824,1,0.32733272298778
825,1,-0.395340191704518
826,1,0.617423075384164
827,1,0.58905148292669
828,1,-0.114626848207716
829,1,0.0420831635646126
830,1,-0.303461686120677
831,1,0.813602411970043
832,1,-1.02756680258087
833,1,-0.243731778063952
834,1,-0.194437943572309
835,1,0.684832862001843
836,1,0.213922169664424
837,0,-0.640378568780517
838,1,-0.292476616803945
839,0,-0.284260555335411
840,0,0.89824445359387
841,0,-0.0040805224004233
842,0,-0.541720683264297
843,0,0.415316055838125
844,0,-0.380282595499163
845,0,-0.0999223427725552
846,0,-0.481980043223156
847,0,0.132733442644636
848,0,-0.199406978707624
849,0,-0.898107891092631
850,0,-0.0281389614518438
851,0,0.255494487645959
852,0,0.445000484947679
853,0,0.00472750701886838
854,0,0.0413727604393208
855,0,-0.732268865345568
856,0,0.0782242325078897
857,0,0.30917195958727
858,0,0.190223467190043
859,0,-0.172763201758605
860,0,0.175543520581657
861,0,0.0656986792642131
862,0,0.500172806893526
863,0,-0.437503546614742
864,0,0.32454383967899
865,0,-0.370916616637909
866,0,-0.0890909414546602
867,0,0.344337930854821
868,0,0.0392038481749137
869,0,-0.296033502732471
870,0,-0.399874700348991
871,0,0.328804713992266
872,0,-0.370907965513145
873,0,-0.736090557380017
874,0,0.200904661616941
875,0,0.247464960253105
876,0,0.378830058328855
877,0,-0.347940596213822
878,0,-0.0812177276924668
879,0,0.0952709874832922
880,0,0.321133486556075
881,0,-0.303026892119155
882,0,-0.0115685475863248
883,0,0.508150911466355
884,0,0.20388529892509
885,0,-0.508776174910434
886,0,0.646387729360357
887,0,-0.226184910592181
888,0,-0.560255042938108
889,0,-0.135913704482608
890,0,0.432815631993704
891,0,0.435708161738094
892,0,0.191651297078363
893,0,-0.156850644414919
894,0,-0.636499009740944
895,0,0.185845307539817
896,0,0.0636528531240822
897,0,-0.101011818868297
898,0,0.22833549277209
899,0,0.0675439356341854
900,0,-0.223997528685817
901,0,-0.431096932390078
902,0,-0.0456858289236142
903,0,0.239752185708552
904,0,-0.190533222160856
905,0,-0.0796651207957095
906,0,-0.0474192245859283
907,0,0.204006968493522
908,0,-0.0406913639057392
909,0,0.00660925616363035
910,0,0.139436863553517
911,0,-0.236258450776193
912,0,-0.418111422773
913,0,0.181101021763153
914,0,0.492641149693787
915,0,-0.163767508132724
916,0,-0.0106275943150556
917,0,0.12303492569788
918,0,-0.874834233418743
919,0,0.25942648722191
920,0,-0.0107310640807667
921,0,-0.784466787623297
922,0,-0.358798740674855
923,0,0.0906143158381851
924,0,0.382113309926183
925,0,-0.133110284719274
926,0,0.602177131754157
927,0,0.562784965599147
928,0,-0.0173223640991725
929,0,0.440189222180093
930,0,0.100545872301013
931,0,0.457944622409018
932,0,0.00477869769180114
933,0,-0.110835179811099
934,0,-0.435981357377132
935,0,0.289333907818345
936,0,0.363483608119694
937,0,-0.160786870824576
938,0,0.0913244514527974
939,0,-0.0275749351769723
940,0,-0.236957062920276
941,0,-0.448787113499851
942,0,0.0277022775795103
943,0,0.380908806023033
944,0,-0.394622564418418
945,0,0.257426702534526
946,0,0.284992417612798
947,0,-0.23137413185622
948,0,-0.904801495812874
949,0,-0.113164106746487
950,0,0.278015539473231
951,0,0.161468267358157
952,0,0.00956453057682762
953,0,-0.395760358841327
954,0,1.12174338166903
955,0,-0.509468439301582
956,0,-0.0788154149446454
957,0,0.130107870899254
958,0,-0.0575672334323492
959,0,-0.857886892556826
960,0,0.244721220843868
961,0,0.091154463557199
962,0,-0.467231607738133
963,0,-0.221843420386634
964,0,0.301006363862541
965,0,-0.176538091397426
966,0,0.204105485053813
967,0,-0.460194586337612
968,0,-0.0414014995203514
969,0,0.301526162033639
970,0,-0.0882909404045197
971,0,-0.0751887466670396
972,0,0.547430956730891
973,0,-0.159885974300579
974,0,-0.0390837969207919
975,0,0.109989399330483
976,0,0.515648156750957
977,0,-0.343504569558473
978,0,0.430713696720219
979,0,-0.0882909404045197
980,0,-0.0867646955146835
981,0,0.355630869317376
982,0,-0.887359786662419
983,0,-0.0862174479976082
984,0,0.949245163116865
985,0,0.354482765273628
986,0,-0.21445678410679
987,0,0.0648439856365621
988,0,-0.569618447507508
989,0,-0.258060117445596
990,0,0.973927568549447
991,0,-0.0719436951263937
992,0,-0.016801400864201
993,0,-0.638026454265821
994,0,0.244509685839907
995,0,0.727699816832737
996,0,0.2483129082324
997,0,-0.0928806350587052
998,0,0.439288325656096
999,1,-0.109039532912179
1000,1,-0.287505606876057
