Subj,Class,risk_1d
1,1,5.314
2,0,5.314
3,1,5.314
4,1,5.314
5,0,5.314
6,1,8.293
7,1,-3.586
8,1,1.728
9,1,-8.9
10,1,0
11,0,2.979
12,0,5.314
13,0,-5.314
14,0,-8.9
15,1,-5.921
16,0,8.293
17,0,1.728
18,0,-8.9
19,0,5.314
20,0,0
21,1,5.314
22,0,1.728
23,0,-3.586
24,0,-5.314
25,0,8.293
26,1,5.314
27,0,-8.9
28,1,5.314
29,0,-5.314
30,1,-5.921
31,0,-3.586
32,1,1.728
33,1,5.314
34,1,5.314
35,0,5.314
36,1,5.314
37,0,0
38,0,5.314
39,0,5.314
40,0,8.293
41,0,5.314
42,1,8.293
43,1,-8.9
44,0,5.314
45,1,0
46,1,-5.314
47,1,5.314
48,1,1.728
49,1,4.707
50,0,-8.9
51,0,5.314
52,1,-3.586
53,0,0
54,0,0
55,1,0
56,0,-0.607
57,1,0
58,0,-8.9
59,1,0
60,0,-2.335
61,0,2.979
62,1,5.314
63,0,2.979
64,1,4.707
65,0,-2.335
66,1,-5.314
67,0,-5.314
68,0,5.314
69,0,0
70,0,-5.314
71,1,1.728
72,0,8.293
73,0,5.314
74,1,8.293
75,1,5.314
76,1,0
77,0,5.314
78,0,-3.586
79,0,-8.9
80,1,0
81,1,0
82,0,0
83,0,1.728
84,1,0
85,0,2.979
86,1,-8.9
87,0,0
88,0,-5.921
89,1,-3.586
90,1,1.728
91,1,-0.607
92,0,-5.314
93,1,-5.314
94,0,5.314
95,0,0
96,0,-2.335
97,1,-2.335
98,0,5.314
99,1,1.728
100,0,0
101,1,1.728
102,0,5.314
103,0,0
104,0,-2.335
105,0,0
106,1,-5.314
107,1,8.293
108,0,-5.314
109,0,5.314
110,0,2.979
111,0,5.314
112,1,2.979
113,1,8.293
114,1,0
115,0,4.707
116,1,-3.586
117,1,-3.586
118,1,-8.9
119,0,-2.335
120,1,5.314
121,0,-8.9
122,1,1.728
123,0,-2.335
124,1,-5.314
125,1,-5.314
126,1,-5.314
127,1,5.314
128,1,1.728
129,0,8.293
130,1,-5.314
131,1,0
132,0,-3.586
133,1,-5.314
134,0,-5.921
135,0,0
136,1,-5.921
137,0,2.979
138,0,-3.586
139,0,1.728
140,1,0
141,0,8.293
142,0,-5.314
143,0,5.314
144,0,-8.9
145,0,2.979
146,0,1.728
147,0,5.314
148,0,5.314
149,1,-8.9
150,0,5.314
151,1,-5.314
152,0,-2.335
153,0,-5.314
154,0,1.728
155,1,5.314
156,0,-5.314
157,0,-5.314
158,0,-5.314
159,1,5.314
160,0,1.728
161,1,0
162,1,5.314
163,0,-5.314
164,1,0
165,0,5.314
166,0,2.979
167,1,-5.314
168,0,-5.314
169,1,5.314
170,0,1.728
171,1,1.728
172,1,8.293
173,0,5.314
174,1,5.314
175,0,8.293
176,1,0
177,1,2.979
178,1,5.314
179,0,-5.314
180,1,-5.921
181,1,1.728
182,0,4.707
183,0,5.314
184,1,0
185,1,-5.314
186,1,5.314
187,1,0
188,1,-5.314
189,1,4.707
190,0,-5.314
191,1,-5.314
192,1,4.707
193,1,-2.335
194,1,5.314
195,0,5.314
196,0,-3.586
197,0,-3.586
198,1,5.314
199,1,1.728
200,1,0
201,0,8.293
202,0,8.293
203,0,5.314
204,0,-0.607
205,1,-3.586
206,1,1.728
207,1,1.728
208,0,0
209,1,0
210,1,-5.314
211,0,-2.335
212,1,1.728
213,1,-5.314
214,0,2.979
215,0,0
216,1,-3.586
217,1,-5.314
218,0,8.293
219,1,2.979
220,1,-5.314
221,1,-5.314
222,0,-8.9
223,0,8.293
224,1,0
225,1,0
226,1,0
227,1,5.314
228,1,-5.314
229,0,-3.586
230,0,8.293
231,1,0
232,0,5.314
233,1,-3.586
234,0,5.314
235,0,8.293
236,1,5.314
237,1,8.293
238,0,8.293
239,0,-2.335
240,1,-5.314
241,1,-2.335
242,0,0
243,0,8.293
244,1,4.707
245,1,5.314
246,0,1.728
247,1,0
248,0,0
249,1,5.314
250,1,8.293
251,1,4.707
252,0,1.728
253,0,0
254,0,8.293
255,0,1.728
256,1,-5.314
257,1,5.314
258,1,0
259,0,5.314
260,1,-5.314
261,0,8.293
262,0,-2.335
263,0,5.314
264,1,8.293
265,0,1.728
266,1,5.314
267,0,8.293
268,1,0
269,1,8.293
270,0,-8.9
271,0,0
272,0,-3.586
273,1,-8.9
274,1,5.314
275,0,8.293
276,1,-8.9
277,0,8.293
278,0,0
279,1,-3.586
280,0,8.293
281,1,5.314
282,0,-3.586
283,0,5.314
284,1,-3.586
285,0,5.314
286,1,-5.314
287,0,4.707
288,0,-5.314
289,0,5.314
290,0,1.728
291,1,-2.335
292,1,0
293,1,5.314
294,0,-5.314
295,1,5.314
296,1,5.314
297,1,8.293
298,1,5.314
299,0,-2.335
300,1,1.728
301,0,-5.314
302,0,2.979
303,1,4.707
304,1,5.314
305,1,1.728
306,1,-5.314
307,1,4.707
308,1,-5.314
309,1,8.293
310,1,1.728
311,1,2.979
312,1,-5.314
313,0,1.728
314,0,8.293
315,1,5.314
316,0,0
317,1,5.314
318,0,-5.314
319,0,5.314
320,1,5.314
321,1,1.728
322,1,8.293
323,0,5.314
324,0,5.314
325,1,-5.314
326,0,0
327,0,0
328,0,5.314
329,1,-0.607
330,0,-5.314
331,0,0
332,0,2.979
333,1,5.314
334,0,0
335,1,-5.921
336,1,-5.314
337,1,5.314
338,1,5.314
339,1,-3.586
340,1,-3.586
341,0,0
342,0,-5.921
343,1,5.314
344,0,5.314
345,1,5.314
346,0,5.314
347,1,0
348,0,2.979
349,1,-8.9
350,0,4.707
351,0,0
352,0,-5.314
353,1,0
354,1,-5.314
355,1,-0.607
356,1,-3.586
357,1,-2.335
358,1,5.314
359,1,0
360,0,5.314
361,1,0
362,1,-5.921
363,1,2.979
364,1,8.293
365,0,-5.921
366,1,-8.9
367,0,5.314
368,1,2.979
369,0,8.293
370,1,-8.9
371,1,-2.335
372,0,2.979
373,0,0
374,0,1.728
375,1,-5.314
376,0,1.728
377,0,5.314
378,1,5.314
379,0,5.314
380,1,0
381,1,1.728
382,1,5.314
383,1,8.293
384,0,5.314
385,1,5.314
386,0,5.314
387,1,0
388,1,-5.314
389,0,-5.314
390,1,0
391,1,5.314
392,0,-3.586
393,0,-5.314
394,0,-8.9
395,0,5.314
396,1,-3.586
397,1,0
398,0,-3.586
399,0,1.728
400,0,8.293
401,0,5.314
402,0,5.314
403,1,1.728
404,1,5.314
405,1,5.314
406,0,5.314
407,1,5.314
408,0,-3.586
409,0,-3.586
410,0,5.314
411,1,0
412,1,-5.314
413,0,0
414,0,5.314
415,0,5.314
416,0,0
417,0,8.293
418,0,0
419,1,-5.314
420,0,5.314
421,0,0
422,0,-5.314
423,1,0
424,0,1.728
425,0,0
426,0,5.314
427,1,-5.314
428,1,-2.335
429,0,-3.586
430,0,5.314
431,1,-5.921
432,1,5.314
433,0,5.314
434,0,5.314
435,1,8.293
436,1,-3.586
437,1,8.293
438,1,0
439,1,8.293
440,0,5.314
441,1,-5.314
442,1,0
443,0,2.979
444,0,-5.314
445,1,-5.921
446,1,2.979
447,0,5.314
448,1,-5.314
449,0,1.728
450,0,5.314
451,1,8.293
452,1,-5.314
453,1,5.314
454,1,5.314
455,1,5.314
456,0,1.728
457,0,5.314
458,1,8.293
459,0,-5.314
460,1,0
461,0,4.707
462,0,-8.9
463,0,2.979
464,1,-8.9
465,0,8.293
466,0,-5.314
467,0,5.314
468,1,-3.586
469,1,1.728
470,0,5.314
471,0,1.728
472,1,-5.314
473,1,-0.607
474,0,2.979
475,0,5.314
476,1,2.979
477,0,5.314
478,1,1.728
479,1,5.314
480,0,5.314
481,1,8.293
482,1,0
483,1,8.293
484,1,-8.9
485,0,-5.314
486,1,-3.586
487,1,5.314
488,0,8.293
489,1,1.728
490,1,2.979
491,1,-3.586
492,0,-2.335
493,1,-3.586
494,0,5.314
495,0,-0.607
496,1,5.314
497,1,5.314
498,0,-5.314
499,1,-5.314
500,0,-2.335
501,0,0
502,0,-5.314
503,0,5.314
504,1,-5.314
505,1,5.314
506,0,5.314
507,1,-5.314
508,0,0
509,1,0
510,0,2.979
511,0,-2.335
512,1,5.314
513,0,5.314
514,1,0
515,1,-5.314
516,0,5.314
517,0,5.314
518,0,5.314
519,0,8.293
520,0,-5.314
521,1,-5.314
522,0,8.293
523,1,-3.586
524,0,5.314
525,0,5.314
526,1,2.979
527,1,-5.314
528,1,8.293
529,0,5.314
530,1,2.979
531,0,8.293
532,0,-2.335
533,0,5.314
534,1,5.314
535,0,-3.586
536,1,8.293
537,1,5.314
538,0,2.979
539,0,-2.335
540,1,2.979
541,0,5.314
542,0,8.293
543,0,-5.314
544,1,5.314
545,1,-3.586
546,1,8.293
547,1,5.314
548,1,-5.314
549,0,5.314
550,1,-8.9
551,1,5.314
552,1,5.314
553,1,5.314
554,0,2.979
555,0,5.314
556,1,0
557,1,5.314
558,0,5.314
559,1,-5.921
560,0,5.314
561,1,-5.314
562,0,2.979
563,1,0
564,0,0
565,0,5.314
566,0,8.293
567,1,1.728
568,1,-5.921
569,1,-5.314
570,1,-8.9
571,1,5.314
572,0,0
573,1,5.314
574,0,5.314
575,0,8.293
576,0,1.728
577,0,-5.314
578,1,-8.9
579,0,0
580,0,-5.314
581,1,-2.335
582,0,0
583,0,-5.314
584,0,8.293
585,0,5.314
586,0,0
587,0,8.293
588,1,-5.314
589,0,5.314
590,0,-5.314
591,0,-3.586
592,0,8.293
593,0,2.979
594,0,5.314
595,1,5.314
596,0,1.728
597,1,5.314
598,1,1.728
599,0,5.314
600,1,4.707
601,0,5.314
602,1,5.314
603,1,5.314
604,0,-5.314
605,1,0
606,0,8.293
607,1,-5.314
608,0,5.314
609,1,1.728
610,0,5.314
611,1,-5.314
612,1,5.314
613,1,-5.314
614,1,4.707
615,1,1.728
616,1,-3.586
617,1,5.314
618,0,0
619,1,1.728
620,1,0
621,0,0
622,1,0
623,1,8.293
624,1,0
625,0,1.728
626,0,0
627,1,8.293
628,0,5.314
629,0,1.728
630,0,-5.314
631,1,0
632,0,8.293
633,1,-5.314
634,0,5.314
635,0,5.314
636,1,5.314
637,0,0
638,1,0
639,0,1.728
640,0,-8.9
641,0,5.314
642,1,0
643,1,8.293
644,0,-5.314
645,1,-3.586
646,0,0
647,1,0
648,1,-8.9
649,1,-2.335
650,1,-5.314
651,0,5.314
652,1,5.314
653,0,0
654,0,-8.9
655,0,-5.314
656,1,5.314
657,1,1.728
658,1,5.314
659,0,-5.314
660,1,-5.314
661,1,-5.314
662,1,8.293
663,0,0
664,1,5.314
665,0,5.314
666,0,4.707
667,1,1.728
668,1,5.314
669,1,0
670,0,-5.314
671,0,0
672,0,-8.9
673,0,5.314
674,0,2.979
675,0,0
676,0,2.979
677,1,5.314
678,0,5.314
679,1,5.314
680,1,-3.586
681,1,1.728
682,0,5.314
683,1,1.728
684,0,5.314
685,1,-5.314
686,1,-0.607
687,0,5.314
688,0,8.293
689,0,-8.9
690,1,5.314
691,0,5.314
692,0,8.293
693,0,-5.314
694,1,-5.314
695,0,0
696,1,-2.335
697,1,0
698,0,-8.9
699,0,5.314
700,1,5.314
701,1,5.314
702,1,5.314
703,0,8.293
704,0,5.314
705,0,-2.335
706,1,-5.314
707,1,8.293
708,0,8.293
709,0,-0.607
710,0,-5.314
711,0,5.314
712,0,5.314
713,0,5.314
714,1,0
715,0,5.314
716,0,0
717,1,-5.314
718,1,5.314
719,0,5.314
720,1,8.293
721,0,5.314
722,1,4.707
723,1,-5.314
724,1,5.314
725,0,-8.9
726,0,-3.586
727,1,0
728,1,-3.586
729,0,8.293
730,0,8.293
731,0,-2.335
732,0,-8.9
733,0,8.293
734,1,-3.586
735,1,-2.335
736,0,0
737,0,-5.921
738,0,-5.314
739,1,5.314
740,0,4.707
741,1,-5.921
742,0,-5.314
743,1,5.314
744,0,-2.335
745,1,-5.314
746,1,-5.314
747,1,5.314
748,1,8.293
749,1,2.979
750,1,4.707
751,0,-3.586
752,1,-3.586
753,1,-5.314
754,0,2.979
755,1,4.707
756,1,-5.314
757,1,-3.586
758,1,0
759,1,5.314
760,1,0
761,1,5.314
762,0,4.707
763,1,5.314
764,0,2.979
765,0,-0.607
766,0,-5.314
767,1,-5.314
768,1,5.314
769,1,-3.586
770,0,5.314
771,0,8.293
772,0,1.728
773,0,1.728
774,1,5.314
775,1,8.293
776,0,8.293
777,1,0
778,1,5.314
779,0,0
780,0,1.728
781,0,-5.314
782,1,5.314
783,1,-8.9
784,1,8.293
785,1,-8.9
786,1,0
787,0,8.293
788,0,0
789,1,5.314
790,1,-5.314
791,0,0
792,1,5.314
793,1,1.728
794,1,1.728
795,0,5.314
796,0,-5.314
797,0,5.314
798,1,1.728
799,1,-5.314
800,0,-2.335
801,0,2.979
802,0,5.314
803,0,1.728
804,0,5.314
805,0,0
806,0,4.707
807,1,-5.921
808,1,1.728
809,1,8.293
810,0,1.728
811,0,5.314
812,0,5.314
813,0,-5.921
814,1,1.728
815,1,1.728
816,0,4.707
817,0,-3.586
818,1,5.314
819,0,0
820,0,5.314
821,0,0
822,0,2.979
823,0,1.728
824,0,5.314
825,0,5.314
826,1,0
827,1,1.728
828,1,-2.335
829,1,-2.335
830,1,0
831,0,2.979
832,1,5.314
833,1,5.314
834,0,-5.314
835,1,-3.586
836,1,1.728
837,1,2.979
838,0,2.979
839,0,5.314
840,0,8.293
841,0,5.314
842,1,-5.314
843,0,-5.314
844,1,8.293
845,0,1.728
846,1,-5.314
847,0,1.728
848,0,-3.586
849,1,5.314
850,1,0
851,1,0
852,1,8.293
853,1,5.314
854,0,5.314
855,0,5.314
856,0,-0.607
857,1,8.293
858,1,-5.314
859,1,5.314
860,1,5.314
861,1,5.314
862,1,-3.586
863,1,-5.314
864,0,1.728
865,1,-5.314
866,1,-5.314
867,1,0
868,1,8.293
869,1,8.293
870,1,8.293
871,0,2.979
872,0,8.293
873,0,5.314
874,1,2.979
875,1,8.293
876,0,5.314
877,1,-8.9
878,0,4.707
879,0,-5.314
880,0,5.314
881,1,5.314
882,1,-3.586
883,1,-3.586
884,0,8.293
885,0,4.707
886,0,5.314
887,0,8.293
888,0,2.979
889,1,5.314
890,1,-5.314
891,0,2.979
892,0,-3.586
893,1,-3.586
894,1,-3.586
895,0,5.314
896,1,8.293
897,1,5.314
898,0,-3.586
899,1,-0.607
900,0,0
901,0,5.314
902,0,8.293
903,1,-0.607
904,1,-5.921
905,0,8.293
906,0,-2.335
907,1,-5.314
908,1,5.314
909,0,0
910,1,0
911,0,5.314
912,1,8.293
913,0,8.293
914,1,5.314
915,0,5.314
916,1,-3.586
917,1,-5.314
918,1,5.314
919,0,0
920,1,-5.314
921,1,5.314
922,1,5.314
923,1,8.293
924,0,0
925,1,8.293
926,0,8.293
927,1,5.314
928,0,5.314
929,0,5.314
930,0,5.314
931,0,0
932,1,5.314
933,0,1.728
934,1,-3.586
935,0,-3.586
936,0,8.293
937,1,0
938,0,5.314
939,0,0
940,0,8.293
941,1,5.314
942,0,5.314
943,1,-3.586
944,0,0
945,1,-2.335
946,0,5.314
947,1,8.293
948,0,5.314
949,1,5.314
950,1,4.707
951,0,-8.9
952,0,8.293
953,0,8.293
954,0,-5.314
955,0,1.728
956,0,2.979
957,1,-5.314
958,1,-5.314
959,0,-3.586
960,0,-3.586
961,0,5.314
962,0,0
963,1,-5.314
964,1,2.979
965,0,1.728
966,0,5.314
967,0,8.293
968,1,5.314
969,0,1.728
970,0,0
971,0,5.314
972,0,2.979
973,0,-5.314
974,0,8.293
975,0,-0.607
976,0,1.728
977,1,0
978,0,5.314
979,1,1.728
980,0,-8.9
981,1,5.314
982,1,-5.314
983,1,-2.335
984,0,1.728
985,0,5.314
986,1,8.293
987,1,-5.921
988,1,0
989,1,-8.9
990,1,-2.335
991,1,4.707
992,1,-2.335
993,1,5.314
994,0,8.293
995,0,5.314
996,1,-2.335
997,0,0
998,1,1.728
999,1,1.728
1000,1,4.707
