Subj,Class,risk_2d
1,1,-1.051
2,1,-7.932
3,1,11.726
4,0,3.844
5,0,0.417999999999999
6,0,-4.536
7,1,2.723
8,1,-4.536
9,0,-14.841
10,0,8.97
11,0,-9.676
12,0,-1.744
13,1,4.533
14,1,14.036
15,1,0
16,1,6.602
17,1,4.467
18,1,0
19,0,0
20,1,2.792
21,0,-7.366
22,1,10.869
23,1,-11.794
24,0,0
25,0,-3.174
26,0,4.467
27,0,-2.354
28,0,-4.536
29,1,-3.777
30,0,7.259
31,1,4.155
32,0,8.801
33,1,-3.558
34,1,-0.591000000000001
35,1,4.467
36,0,-1.744
37,1,-8.824
38,1,-20.729
39,0,-1.071
40,0,-9.636
41,0,2.065
42,1,21.369
43,1,6.188
44,0,18.232
45,1,0.909
46,0,0
47,1,-4.148
48,1,7.133
49,0,-2.192
50,0,-2.792
51,0,-4.536
52,1,8.412
53,1,-4.536
54,1,1.363
55,0,-1.071
56,1,17.545
57,0,-4.085
58,0,13.864
59,0,-3.637
60,0,-3.417
61,1,0.978000000000001
62,0,-2.016
63,1,4.467
64,0,7.862
65,1,7.932
66,0,10.757
67,1,18.643
68,0,6.811
69,1,-3.449
70,1,31.532
71,1,4.434
72,0,2.341
73,0,-3.558
74,0,3.429
75,1,-4.536
76,1,-0.897000000000001
77,0,-4.085
78,0,-1.073
79,0,6.178
80,1,-4.085
81,1,-11.726
82,0,8.412
83,0,-16.935
84,0,3.945
85,1,-4.536
86,0,-9.003
87,0,-10.286
88,0,-5.445
89,1,-3.558
90,1,-4.536
91,1,24.452
92,1,-4.918
93,0,4.467
94,1,-3.067
95,0,-13.47
96,1,-9.003
97,0,-1.744
98,1,-0.971
99,0,-5.058
100,0,7.932
101,0,5.976
102,1,-2.354
103,1,0
104,0,2.487
105,1,5.976
106,1,0
107,0,-1.744
108,1,-13.47
109,1,8.24
110,1,4.855
111,0,-17.868
112,1,6.811
113,1,9.64
114,0,-9.003
115,1,12.365
116,0,-11.726
117,0,-2.792
118,1,13.556
119,1,-12.909
120,0,2.726
121,0,18.828
122,1,7.259
123,0,-14.209
124,0,8.171
125,1,15.724
126,1,-4.148
127,0,0
128,0,8.168
129,0,10.688
130,1,11.726
131,0,11.734
132,1,0.706
133,0,2.726
134,1,6.186
135,1,-9.003
136,1,-4.536
137,0,-4.467
138,1,2.653
139,0,0.738
140,0,-8.965
141,0,-12.465
142,1,-4.536
143,1,-2.308
144,1,-16.262
145,0,4.467
146,1,-5.819
147,0,-12.087
148,1,-5.591
149,1,-5.445
150,1,12.087
151,1,-8.86
152,0,-6.118
153,0,4.467
154,1,-3.379
155,1,2.909
156,0,-7.932
157,1,-8.835
158,1,2.832
159,1,19.378
160,0,-4.536
161,1,9.985
162,1,0
163,1,10.061
164,0,4.467
165,1,-13.47
166,0,-11.795
167,1,-5.445
168,1,5.416
169,0,0.909
170,1,-15.191
171,1,2.844
172,1,18.751
173,1,5.624
174,1,7.133
175,1,-11.795
176,1,-2.998
177,1,9.082
178,1,0.909
179,1,-5.368
180,0,4.467
181,0,-1.744
182,0,-0.769000000000001
183,0,10.896
184,0,-4.918
185,0,8.901
186,0,14.346
187,1,-15.836
188,1,7.133
189,1,0
190,0,-5.445
191,0,-16.935
192,0,2.758
193,1,-8.793
194,1,-9.003
195,1,29.757
196,1,-3.498
197,0,-14.753
198,1,5.624
199,1,-0.591000000000001
200,1,-0.448
201,0,2.726
202,0,-8.786
203,1,-2.866
204,1,16.172
205,1,4.467
206,1,5.936
207,0,5.772
208,0,-7.884
209,1,18.688
210,0,-3.558
211,0,1.637
212,1,4.467
213,1,22.496
214,1,-3.104
215,0,-9.003
216,1,-3.558
217,1,17.464
218,0,-7.259
219,1,4.553
220,1,0
221,0,-3.552
222,0,0.600000000000001
223,0,6.811
224,1,4.467
225,0,4.467
226,0,-0.978000000000001
227,1,0
228,0,-3.729
229,0,-0.591000000000001
230,0,-4.536
231,0,0.565999999999999
232,0,-5.75
233,1,4.467
234,0,3.701
235,0,1.821
236,0,-13.93
237,1,-10.728
238,0,0
239,0,-9.361
240,0,6.987
241,1,4.533
242,0,4.413
243,1,-2.641
244,0,-1.444
245,0,4.533
246,0,-1.283
247,1,9.603
248,0,-11.726
249,1,11.726
250,1,-4.536
251,0,-20.729
252,1,4.467
253,0,4.467
254,0,-3.987
255,0,-8.965
256,0,-2.505
257,1,3.637
258,1,9.06
259,1,8.461
260,1,-0.673
261,1,1.893
262,1,12.087
263,0,2.723
264,0,-4.467
265,1,6.533
266,0,-9.003
267,1,0.565999999999999
268,1,-0.695
269,1,2.832
270,0,-1.947
271,0,1.893
272,0,-6.671
273,0,2.94
274,1,0
275,1,8.35
276,0,-7.932
277,0,-5.745
278,0,-1.071
279,1,5.033
280,0,4.467
281,1,2.723
282,1,4.828
283,0,-4.467
284,0,-13.47
285,0,17.014
286,0,-9.003
287,1,2.874
288,0,-17.314
289,1,10.443
290,0,-9.003
291,0,-5.998
292,0,-11.887
293,1,-0.378
294,1,1.088
295,0,-15.954
296,0,-2.884
297,0,0
298,0,0
299,0,-14.654
300,0,-1.141
301,0,4.553
302,1,0.909
303,1,8.706
304,0,-0.448
305,0,6.811
306,1,10.896
307,1,21.369
308,0,7.932
309,0,-3.52
310,0,8.901
311,1,5.936
312,0,18.537
313,1,7.932
314,1,-6.833
315,1,-9.003
316,1,4.467
317,0,5.528
318,1,6.811
319,0,2.726
320,1,-8.31
321,1,10.131
322,1,4.085
323,1,1.219
324,0,5.757
325,1,-2.792
326,1,3.184
327,1,4.085
328,1,2.978
329,1,4.553
330,0,-1.283
331,0,6.626
332,0,14.246
333,1,4.553
334,1,4.467
335,0,4.467
336,0,7.259
337,1,4.533
338,0,-6.951
339,1,-2.792
340,1,4.855
341,0,13.556
342,1,-5.206
343,1,3.193
344,0,-13.158
345,0,9.985
346,0,-4.467
347,1,-6.277
348,1,-5.819
349,1,7.064
350,0,5.624
351,1,22.317
352,0,-11.49
353,0,-0.591000000000001
354,0,1.219
355,1,9.912
356,1,4.533
357,0,5.624
358,0,11.726
359,1,-4.808
360,1,18.828
361,0,4.467
362,0,20.668
363,1,11.726
364,0,0
365,1,2.94
366,0,4.467
367,0,-7.884
368,1,-13.082
369,1,2.723
370,1,1.893
371,0,-4.467
372,1,-4.175
373,1,-16.957
374,0,0
375,0,17.904
376,0,0.0739999999999994
377,0,2.541
378,0,-5.058
379,0,0.978000000000001
380,0,-5.445
381,1,7.517
382,1,10.443
383,1,-3.777
384,1,-7.292
385,1,14.598
386,1,0
387,0,-15.674
388,1,4.854
389,0,4.467
390,1,8.171
391,0,4.467
392,1,22.002
393,1,3.184
394,0,-1.071
395,0,-12.275
396,1,20.248
397,0,-4.536
398,0,7.932
399,1,4.467
400,1,4.467
401,1,-1.351
402,1,6.811
403,1,-4.841
404,0,1.893
405,1,10.896
406,1,-8.865
407,1,8.412
408,0,-16.262
409,1,-5.206
410,0,-16.935
411,0,-6.737
412,1,0
413,0,-2.487
414,0,-2.308
415,0,3.701
416,0,2.723
417,0,0
418,0,1.509
419,1,-2.641
420,0,4.085
421,0,-9.912
422,1,4.828
423,0,0.909
424,0,-3.691
425,0,-7.784
426,1,24.312
427,0,4.467
428,1,8.042
429,0,-6.972
430,0,-4.467
431,0,-15.74
432,1,4.467
433,1,22.843
434,0,4.467
435,0,4.467
436,0,-6.756
437,0,5.312
438,1,0.21
439,0,-4.467
440,0,4.854
441,1,18.063
442,1,-3.475
443,0,17.904
444,0,-4.536
445,1,16.341
446,0,-10.286
447,1,13.437
448,0,4.467
449,0,4.467
450,0,0.978000000000001
451,1,4.374
452,1,-2.363
453,1,-18.218
454,0,0
455,1,2.199
456,0,-13.47
457,0,1.219
458,1,2.378
459,0,-4.536
460,1,3.184
461,0,-4.536
462,0,2.726
463,1,1.44
464,1,-8.022
465,0,3.701
466,1,23.6
467,0,-18.218
468,1,4.467
469,1,15.223
470,1,17.904
471,1,7.237
472,1,4.085
473,0,6.22
474,1,1.668
475,0,1.219
476,1,-5.058
477,0,3.184
478,0,2.653
479,0,-4.536
480,1,0.597
481,0,-15.598
482,0,-5.75
483,1,0
484,0,10.896
485,1,3.184
486,0,5.312
487,0,5.312
488,1,5.067
489,1,2.792
490,1,-4.848
491,1,3.184
492,1,13.437
493,0,-4.536
494,1,6.498
495,1,-16.262
496,1,-5.058
497,1,0.426
498,1,-2.572
499,0,6.281
500,0,-2.016
501,0,1.814
502,0,0
503,0,-15.954
504,0,-5.058
505,1,2.723
506,0,-11.869
507,1,0.426
508,0,-0.21
509,1,6.721
510,0,4.467
511,1,8.412
512,0,-13.47
513,1,6.533
514,0,-17.379
515,0,2.723
516,1,-2.714
517,0,-3.174
518,1,-7.259
519,0,-13.47
520,0,5.243
521,1,23.349
522,0,1.814
523,1,-7.366
524,1,11.726
525,0,17.904
526,0,5.243
527,1,12.087
528,1,4.467
529,1,7.932
530,0,0.909
531,1,1.44
532,0,6.741
533,1,0
534,1,-4.848
535,1,4.467
536,0,-4.467
537,0,8.171
538,1,-1.744
539,1,7.932
540,0,0
541,0,0.909
542,1,-2.857
543,0,8.168
544,1,17.641
545,1,7.869
546,0,12.017
547,1,2.726
548,1,15.191
549,0,0.311999999999999
550,1,4.155
551,1,24.333
552,1,16.341
553,1,-2.308
554,0,-11.729
555,1,8.904
556,0,-1.071
557,0,-19.654
558,1,3.137
559,0,-4.536
560,1,9.082
561,1,10.263
562,1,7.932
563,1,0
564,1,-4.536
565,1,0
566,0,4.467
567,1,0.426
568,1,14.118
569,1,-8.577
570,1,9.912
571,0,-0.417000000000001
572,0,-3.987
573,1,3.945
574,0,-20.729
575,0,-0.374000000000001
576,1,6.046
577,1,-7.932
578,0,-4.467
579,0,4.467
580,1,0
581,0,-1.947
582,0,9.613
583,0,-6.951
584,1,-9.003
585,1,4.467
586,0,-3.552
587,1,22.983
588,0,-4.467
589,1,1.219
590,0,1.893
591,1,11.726
592,1,-4.918
593,1,9.912
594,1,-9.003
595,0,24.333
596,1,9.879
597,1,13.556
598,1,-5.75
599,1,24.977
600,0,8.171
601,0,14.07
602,1,8.412
603,1,12.017
604,1,6.289
605,1,1.128
606,0,-24.056
607,1,0.597
608,1,26.087
609,1,-1.744
610,0,-2.792
611,0,-4.536
612,1,21.369
613,1,13.437
614,1,12.087
615,0,-4.467
616,0,-1.071
617,0,-9.003
618,1,17.501
619,1,-4.536
620,1,-11.443
621,0,-4.536
622,1,21.369
623,1,5.033
624,1,6.649
625,0,13.556
626,1,-11.722
627,1,-4.536
628,1,-0.481
629,0,8.97
630,0,-16.649
631,0,-9.003
632,1,3.945
633,1,7.087
634,0,-4.319
635,0,1.219
636,0,-4.536
637,1,2.832
638,0,7.932
639,0,0
640,1,6.146
641,0,-4.536
642,1,-6.933
643,0,26.12
644,0,16.277
645,0,-7.932
646,0,-17.023
647,0,-11.729
648,0,-1.071
649,0,-4.536
650,1,9.985
651,1,4.467
652,1,4.467
653,0,4.085
654,1,-5.445
655,0,-9.003
656,1,-2.796
657,1,-4.231
658,0,1.36
659,0,-9.6
660,0,9.082
661,1,-3.027
662,0,-7.259
663,1,11.344
664,1,6.289
665,0,5.243
666,1,-3.132
667,0,12.339
668,0,3.184
669,1,-20.039
670,0,6.987
671,1,-4.536
672,0,-13.229
673,0,6.778
674,1,0
675,0,4.467
676,1,-4.467
677,0,-1.814
678,0,4.553
679,1,18.828
680,0,-13.47
681,1,2.723
682,1,-4.848
683,0,-3.379
684,1,-11.036
685,1,10.896
686,0,2.967
687,0,-15.191
688,1,-1.388
689,1,6.289
690,1,7.087
691,0,3.184
692,1,10.645
693,0,4.467
694,1,1.088
695,1,-20.729
696,1,-6.594
697,1,10.896
698,1,8.412
699,1,-15.74
700,1,-4.467
701,1,6.677
702,0,-6.111
703,1,2.688
704,1,-13.47
705,0,5.445
706,1,4.467
707,0,0
708,0,-8.86
709,1,15.223
710,1,1.088
711,1,25.454
712,1,4.434
713,1,9.709
714,0,-7.259
715,0,-4.536
716,0,16.493
717,0,4.467
718,0,-9.003
719,1,8.111
720,0,7.259
721,1,10.896
722,1,4.467
723,1,-0.590000000000002
724,0,-24.194
725,0,10.443
726,0,12.989
727,0,17.904
728,1,0.148
729,1,-15.814
730,1,22.983
731,1,13.493
732,1,-13.47
733,1,13.437
734,0,-8.481
735,0,6.188
736,0,-21.09
737,0,4.467
738,0,-8.33
739,1,2.723
740,0,1.219
741,0,-4.536
742,0,0
743,0,4.467
744,0,5.459
745,1,-4.536
746,0,-8.237
747,0,-4.536
748,0,17.522
749,1,15.924
750,1,3.945
751,1,-0.978000000000001
752,1,10.091
753,0,-5.058
754,0,-4.536
755,1,11.6
756,0,3.945
757,0,-22.773
758,1,20.367
759,0,-9.003
760,0,0.673
761,0,7.065
762,0,6.811
763,0,-10.363
764,1,-7.02
765,1,6.498
766,1,-4.467
767,0,10.896
768,1,6.811
769,0,5.66
770,1,-9.003
771,1,6.811
772,1,18.643
773,0,8.412
774,1,10.734
775,1,6.281
776,0,-4.467
777,1,4.893
778,0,-14.231
779,1,-0.0220000000000002
780,1,9.603
781,0,1.514
782,0,-6.211
783,0,-9.003
784,1,1.088
785,1,-2.998
786,0,-4.536
787,1,11.392
788,1,5.624
789,0,-4.536
790,1,-10.286
791,1,4.467
792,1,4.467
793,0,-4.536
794,1,7.259
795,0,2.828
796,1,1.128
797,0,-0.761000000000001
798,0,-4.231
799,1,-13.47
800,1,9.569
801,0,-2.714
802,0,0
803,0,-4.467
804,0,-3.558
805,1,23.086
806,1,2.723
807,0,6.811
808,1,7.029
809,1,-7.64
810,0,4.467
811,1,4.467
812,0,-4.467
813,1,-2.792
814,1,7.932
815,1,12.087
816,1,-4.467
817,1,4.085
818,0,3.184
819,1,13.437
820,0,6.289
821,0,-4.918
822,1,4.467
823,1,-4.47
824,1,4.467
825,0,-9.003
826,0,-21.02
827,0,5.243
828,1,-6.102
829,0,1.44
830,0,-2.431
831,0,4.374
832,0,-4.467
833,1,10.896
834,1,11.569
835,0,-12.087
836,0,-7.42
837,1,-0.0220000000000002
838,1,6.22
839,1,6.498
840,0,-9.912
841,1,0.387
842,0,-10.988
843,0,-13.47
844,1,12.024
845,0,4.467
846,0,-9.003
847,0,6.289
848,0,-10.363
849,0,2.723
850,0,-9.003
851,0,-4.536
852,0,0
853,0,-9.003
854,0,-1.187
855,0,-3.036
856,0,-22.933
857,0,-11.722
858,1,0
859,0,1.893
860,1,-8.929
861,0,-6.951
862,1,21.369
863,1,11.734
864,1,7.064
865,1,10.443
866,0,-4.536
867,0,-9.003
868,0,-13.47
869,0,4.467
870,1,4.467
871,0,17.904
872,1,-4.536
873,1,4.467
874,1,-4.536
875,0,0
876,1,-0.0220000000000002
877,1,4.085
878,0,-13.158
879,0,9.188
880,1,1.44
881,1,13.377
882,0,-2.714
883,0,-2.261
884,0,0.909
885,1,13.437
886,0,-6.756
887,0,-3.552
888,0,-13.47
889,0,-12.732
890,1,0
891,0,-14.753
892,1,12.087
893,1,-4.455
894,1,0
895,1,18.537
896,1,3.184
897,1,4.812
898,0,-13.168
899,0,6.741
900,1,-11.036
901,1,4.473
902,1,-13.47
903,1,1.219
904,0,-9.764
905,0,0
906,0,-5.445
907,0,6.664
908,0,-7.259
909,1,16.341
910,0,-3.027
911,0,6.811
912,0,2.792
913,0,2.726
914,0,0.0809999999999991
915,1,0.877999999999999
916,0,6.281
917,0,1.893
918,1,-2.792
919,0,-4.536
920,1,9.613
921,1,1.157
922,1,13.437
923,0,4.467
924,0,8.412
925,1,-14.231
926,0,-16.887
927,0,-16.433
928,1,2.873
929,0,4.996
930,0,5.151
931,1,7.156
932,1,-4.536
933,1,17.904
934,1,-18.809
935,0,0.673
936,0,-11.722
937,1,7.259
938,1,-4.085
939,0,0.673
940,0,3.945
941,1,4.467
942,0,14.246
943,1,3.707
944,1,4.467
945,1,1.443
946,0,6.178
947,0,4.467
948,0,8.901
949,1,1.219
950,0,0.978000000000001
951,0,12.094
952,0,-0.591000000000001
953,0,4.467
954,1,-11.869
955,1,0.978000000000001
956,0,-13.47
957,1,-0.591000000000001
958,1,-12.948
959,1,24.452
960,0,24.273
961,0,11.288
962,1,4.467
963,1,18.063
964,0,0.909
965,0,-4.467
966,1,4.467
967,0,0.673
968,0,-16.433
969,1,4.551
970,0,-9.912
971,0,-8.555
972,0,10.443
973,0,0.673
974,1,-3.558
975,1,-4.467
976,0,0.909
977,0,-9.003
978,1,-18.533
979,0,-4.467
980,0,-16.887
981,0,-7.259
982,1,-5.335
983,1,3.119
984,1,4.124
985,0,9.912
986,0,-9.764
987,0,15.191
988,0,-22.1
989,0,-14.679
990,1,10.091
991,1,1.44
992,1,-4.536
993,1,0.978000000000001
994,0,-7.392
995,0,-11.204
996,0,4.467
997,1,7.758
998,0,2.967
999,0,-8.965
1000,1,10.529
