Subj,Class,risk_2d
1,0,-681.578
2,0,-645.613
3,0,-752.01
4,0,-672.667
5,0,-646.852
6,1,748.638
7,0,-774.853
8,1,682.569
9,0,-666.302
10,0,-740.225
11,1,689.077
12,0,-652.35
13,0,-641.727
14,1,686.295
15,1,740.302
16,0,-766.452
17,1,716.471
18,0,-737.486
19,1,750.475
20,1,737.398
21,1,687.304
22,1,702.83
23,1,738.426
24,0,-695.174
25,0,-646.852
26,0,-715.804
27,1,-667.49
28,1,731.337
29,1,716.89
30,1,682.434
31,1,676.841
32,1,674.686
33,0,-661.015
34,1,708.382
35,0,-701.483
36,1,700.77
37,1,-660.719
38,0,-724.473
39,1,703.963
40,0,-645.315
41,1,-698.377
42,1,702.81
43,0,-674.851
44,1,665.235
45,0,-717.765
46,1,718.756
47,1,672.087
48,1,663.656
49,0,-622.578
50,0,-734.558
51,0,-656.346
52,1,684.682
53,1,686.295
54,1,706.967
55,0,-668.969
56,0,-741.605
57,0,-756.378
58,0,-718.11
59,1,671.212
60,1,699.189
61,1,717.686
62,0,-671.675
63,1,725.34
64,0,-711.051
65,0,-739.61
66,1,719.599
67,1,725.099
68,1,713.736
69,1,-659.827
70,0,-703.159
71,0,-716.459
72,0,-663.122
73,0,-691.337
74,1,723.451
75,0,-650.701
76,1,713.654
77,1,680.208
78,0,688.946
79,1,677.286
80,1,705.352
81,0,-651.604
82,1,651.178
83,1,718.16
84,0,-728.756
85,0,-712.018
86,1,728.175
87,0,-701.693
88,0,-723.527
89,0,-682.109
90,1,671.081
91,0,-676.087
92,1,685.958
93,1,692.338
94,0,-665.07
95,0,-661.162
96,1,773.376
97,1,686.121
98,0,-663.399
99,0,-652.474
100,1,705.558
101,1,773.818
102,1,737.176
103,0,-628.857
104,0,-690.964
105,1,-663.123
106,1,656.294
107,0,-710.056
108,0,-702.602
109,0,-635.551
110,1,718.133
111,1,662.201
112,1,666.852
113,0,-634.502
114,0,-716.947
115,1,691.02
116,1,666.461
117,1,754.202
118,0,-761.876
119,0,-754.38
120,1,718.591
121,1,707.235
122,1,696.635
123,0,-674.098
124,1,671.991
125,1,696.614
126,1,706.838
127,1,740.803
128,0,-712.93
129,1,673.095
130,1,684.57
131,1,674.956
132,1,666.552
133,1,745.842
134,1,771.965
135,0,-697.61
136,0,-710.315
137,1,714.168
138,0,-674.645
139,0,-658.126
140,0,-677.224
141,1,658.872
142,0,-701.181
143,1,666.616
144,1,686.157
145,0,-672.113
146,1,778.464
147,0,-636.681
148,1,674.814
149,0,-682.009
150,1,686.376
151,0,-646.601
152,0,-689.671
153,1,646.149
154,0,639.249
155,1,703.013
156,1,674.768
157,0,673.229
158,0,-710.313
159,1,725.843
160,1,741.621
161,0,-679.378
162,1,723.48
163,1,694.7
164,0,-720.73
165,0,-677.063
166,1,-689.954
167,1,-709.027
168,0,-746.885
169,1,698.525
170,0,693.106
171,1,754.474
172,1,721.912
173,1,746.012
174,1,-680.363
175,0,-692.183
176,0,-719.166
177,1,738.023
178,1,756.725
179,0,-667.815
180,1,729.888
181,1,695.154
182,0,-636.017
183,0,-641.259
184,0,-720.111
185,0,-699.352
186,0,-719.888
187,1,708.076
188,0,-689.637
189,0,-733.536
190,0,-751.639
191,1,690.27
192,1,689.082
193,1,712.522
194,0,-697.462
195,0,-721.732
196,1,721.839
197,0,-644.929
198,1,689.502
199,0,-660.345
200,0,-708.528
201,0,-726.145
202,0,-750.971
203,1,748.462
204,0,-729.33
205,1,656.635
206,1,717.795
207,0,-631.427
208,0,-748.723
209,1,715.268
210,0,-678.985
211,1,680.012
212,0,-700.544
213,1,731.443
214,0,-672.898
215,1,695.123
216,1,684.991
217,1,676.77
218,0,-680.484
219,1,693.54
220,1,692.913
221,0,-701.407
222,1,-701.128
223,0,-723.327
224,1,730.195
225,0,-704.172
226,1,709.861
227,1,724.309
228,1,711.579
229,1,692.777
230,0,-658.93
231,0,-673.972
232,0,-734.813
233,0,-689.213
234,1,674.948
235,1,683.953
236,0,-684.988
237,1,699.15
238,0,-712.38
239,0,-713.561
240,1,694.623
241,1,682.115
242,0,-703.559
243,1,734.156
244,0,-646.585
245,0,-676.919
246,1,758.246
247,1,675.418
248,0,-673.687
249,0,-656.974
250,0,-713.513
251,1,707.09
252,1,668.322
253,1,707.901
254,1,717.474
255,0,-693.272
256,1,720.346
257,0,-696.304
258,0,-721.622
259,0,-735.578
260,0,-697.365
261,1,716.571
262,0,-608.976
263,0,-649.585
264,0,-715.108
265,0,-700.211
266,1,643.82
267,0,-721.004
268,1,690.528
269,1,684.584
270,0,-684.481
271,1,744.508
272,0,651.558
273,1,725.657
274,1,720.664
275,0,-643.055
276,0,-687.968
277,0,-664.676
278,1,702.29
279,0,-711.915
280,0,-666.126
281,1,708.358
282,1,677.193
283,0,-693.85
284,1,-651.3
285,0,-690.662
286,1,786.97
287,1,695.02
288,0,-760.976
289,1,-651.069
290,1,694.583
291,1,694.71
292,0,-676.315
293,0,-654.802
294,0,-747.016
295,1,745.934
296,1,720.205
297,0,-760.974
298,1,702.35
299,1,720.261
300,1,724.381
301,1,735.811
302,0,-718.353
303,0,-699.753
304,1,731.916
305,1,-724.961
306,1,751.669
307,0,-659.314
308,1,741.254
309,1,761.074
310,0,-708.429
311,1,722.723
312,0,-693.342
313,0,-668.724
314,0,-741.255
315,1,755.614
316,1,-698.449
317,0,-637.947
318,1,668.816
319,1,657.923
320,0,-680.47
321,1,726.742
322,1,682.922
323,0,-611.509
324,1,668.827
325,1,729.887
326,0,-760.152
327,1,697.141
328,0,-712.4
329,0,-651.186
330,0,-709.761
331,1,695.217
332,0,-715.025
333,1,-684.003
334,1,685.109
335,0,-743.866
336,0,-681.237
337,1,723.84
338,0,630.472
339,1,-725.677
340,0,-687.286
341,1,683.093
342,1,668.615
343,0,-659.547
344,0,-675.15
345,0,-666.828
346,1,672.246
347,0,-672.52
348,0,-740.944
349,1,695.876
350,0,-713.561
351,0,-726.457
352,1,714.938
353,1,721.437
354,0,-697.96
355,1,714.169
356,0,-719.016
357,1,743.744
358,0,664.405
359,0,-692.962
360,1,681.987
361,0,-767.513
362,0,-668.628
363,1,764.358
364,1,673.103
365,0,-661.536
366,1,-694.837
367,0,-642.985
368,0,-679.243
369,1,712.755
370,1,774.861
371,0,-712.904
372,1,688.033
373,1,697.82
374,0,-694.249
375,0,704.129
376,0,-695.939
377,1,724.168
378,1,652.506
379,1,688.746
380,0,-692.291
381,1,727.067
382,0,-649.786
383,0,-717.083
384,0,625.039
385,0,-689.954
386,1,700.996
387,0,-705.065
388,1,685.659
389,1,716.527
390,0,-738.315
391,1,701.205
392,1,716.224
393,0,-652.89
394,0,-717.456
395,1,668.379
396,1,747.572
397,1,747.949
398,0,-741.447
399,1,698.607
400,1,661.217
401,1,698.016
402,1,707.279
403,1,711.987
404,0,-680.577
405,0,-650.795
406,1,706.274
407,0,-669.398
408,0,-665.443
409,1,679.998
410,0,-650.765
411,1,680.052
412,1,727.376
413,0,-727.901
414,1,744.567
415,0,-697.421
416,1,682.922
417,1,690.067
418,1,718.79
419,1,791.273
420,0,-734.558
421,0,-700.925
422,0,-690.964
423,1,722.955
424,0,-674.098
425,0,-660.162
426,1,707.816
427,0,-716.421
428,0,-675.265
429,0,-680.921
430,1,712.051
431,1,696.278
432,0,-693.998
433,1,757.976
434,0,-734.529
435,1,675.914
436,0,-640.194
437,1,717.66
438,0,-688.792
439,0,-709.101
440,0,-695.5
441,0,-697.872
442,1,671.377
443,0,700.928
444,1,721.138
445,0,705.226
446,1,693.105
447,1,716.357
448,1,712.744
449,1,698.934
450,1,721.912
451,1,-646.631
452,0,-639.944
453,0,-721.407
454,1,672.495
455,1,719.315
456,0,-678.388
457,0,-698.444
458,1,713.662
459,1,696.476
460,1,760.97
461,0,-716.88
462,0,-682.109
463,0,-622.578
464,1,688.58
465,1,675.946
466,0,-667.633
467,1,699.479
468,0,-654.414
469,0,-664.181
470,0,-715.099
471,1,730.892
472,0,-679.54
473,0,-684.271
474,1,671.27
475,1,659.425
476,1,733.075
477,0,-672.676
478,0,-685.862
479,0,-709.12
480,0,-690.499
481,0,-706.2
482,0,-743.652
483,1,679.695
484,1,729.575
485,0,-700.63
486,0,-735.644
487,0,-731.36
488,0,-702.878
489,1,757.353
490,1,695.605
491,1,655.374
492,1,711.521
493,0,-741.605
494,0,-686.329
495,1,683.482
496,1,749.542
497,1,717.935
498,1,693.2
499,0,-675.354
500,0,-742.234
501,0,-667.595
502,1,694.794
503,1,661.273
504,1,745.632
505,0,-694.295
506,0,-714.467
507,0,-674.95
508,1,724.237
509,1,702.442
510,0,-718.19
511,0,-697.516
512,0,-665.404
513,0,-668.724
514,1,674.365
515,1,713.677
516,1,671.264
517,1,734.437
518,1,735.667
519,1,705.607
520,1,739.976
521,0,-686.403
522,0,-698.494
523,1,722.521
524,1,738.222
525,1,755.39
526,1,661.441
527,1,678.21
528,1,695.626
529,0,-760.152
530,0,-715.099
531,1,682.181
532,0,-683.435
533,0,-731.676
534,1,697.943
535,0,-668.967
536,0,-707.973
537,1,742.665
538,1,680.326
539,0,665.757
540,0,-620.494
541,1,712.98
542,0,-692.534
543,1,731.154
544,1,672.727
545,0,-698.466
546,0,-726.117
547,0,-697.516
548,1,716.1
549,0,-672.286
550,1,753.906
551,1,700.152
552,1,685.668
553,0,-692.634
554,0,-666.715
555,0,-714.467
556,1,721.871
557,0,-638.149
558,1,688.521
559,1,662.644
560,1,660.608
561,1,713.611
562,0,-695.161
563,0,-687.143
564,0,-661.414
565,0,-637.559
566,0,-716.753
567,1,701.597
568,0,-700.54
569,1,709.61
570,0,-725.673
571,1,695.145
572,0,-687.385
573,1,700.419
574,1,698.564
575,1,686.62
576,1,674.131
577,0,-658.01
578,1,686.962
579,0,-723.508
580,1,703.013
581,0,-711.915
582,1,705.949
583,0,-694.702
584,0,-646.304
585,1,712.833
586,1,690.176
587,1,774.094
588,1,740.016
589,0,-675.787
590,1,724.045
591,0,-737.963
592,0,-638.393
593,1,794.642
594,0,-691.411
595,0,-731.257
596,0,-680.36
597,1,721.319
598,0,-678.945
599,1,737.791
600,1,783.991
601,0,-641.264
602,1,701.891
603,1,652.549
604,1,753.817
605,0,-705.57
606,1,758.966
607,0,-697.646
608,1,699.825
609,0,-732.677
610,1,724.846
611,0,-729.798
612,0,-687.143
613,0,-710.7
614,0,-680.802
615,1,717.913
616,0,-776.079
617,1,659.699
618,0,-665.07
619,0,-717.712
620,0,657.989
621,1,785.282
622,0,-684.789
623,1,724.535
624,0,-683.192
625,0,-767.686
626,1,-651.3
627,0,-676.767
628,1,712.533
629,0,-727.922
630,0,-762.758
631,0,-676.58
632,0,-721.909
633,0,-664.835
634,1,740.473
635,0,-728.278
636,0,-673.664
637,1,702.887
638,0,-729.656
639,1,729.41
640,1,707.888
641,1,745.198
642,0,-735.837
643,0,-755.45
644,0,-702.602
645,1,740.88
646,1,715.806
647,1,706.849
648,1,737.579
649,1,724.634
650,1,699.486
651,1,691.354
652,0,-670.243
653,1,731.584
654,1,723.723
655,0,-688.842
656,0,-673.664
657,0,-695.342
658,0,-731.25
659,0,-687.646
660,0,-699.578
661,0,-700.965
662,1,688.22
663,0,-694.734
664,0,-721.957
665,0,-712.722
666,0,-706.809
667,0,-659.314
668,1,727.029
669,1,689.314
670,0,-732.501
671,1,713.355
672,1,658.531
673,1,700.045
674,1,-645.439
675,1,716.877
676,0,649.506
677,0,-726.735
678,1,-661.054
679,0,-686.524
680,0,-724.519
681,1,730.941
682,1,692.41
683,1,681.636
684,1,744.528
685,1,729.812
686,0,-692.693
687,1,745.398
688,1,727.122
689,0,-668.707
690,1,748.773
691,0,-674.352
692,1,731.266
693,1,736.677
694,0,-679.241
695,0,-724.979
696,0,-640.926
697,0,-728.9
698,0,-667.595
699,1,725.398
700,0,-626.253
701,1,734.436
702,1,743.642
703,0,-667.49
704,0,-717.931
705,0,-678.014
706,1,688.455
707,1,679.168
708,0,-728.153
709,0,-740.387
710,0,-708.331
711,0,-730.125
712,1,684.768
713,1,662.104
714,1,680.553
715,1,655.178
716,0,-655.632
717,1,704.726
718,1,669.95
719,1,707.152
720,1,664.937
721,0,-717.49
722,0,-674.352
723,0,-740.064
724,0,-669.459
725,0,-746.734
726,0,-665.455
727,0,-662.427
728,0,-680.317
729,0,-694.896
730,1,687.172
731,1,-662.872
732,0,-692.182
733,1,-642.727
734,0,678.403
735,1,700.152
736,1,-631.255
737,0,-679.23
738,1,688.192
739,0,-648.571
740,0,-724.909
741,1,740.03
742,0,-688.097
743,0,-712.618
744,1,693.333
745,0,629.538
746,1,698.698
747,0,-725.653
748,1,705.817
749,1,-668.715
750,1,689.726
751,1,683.954
752,1,719.934
753,1,703.983
754,0,-698.963
755,0,-668.186
756,1,-639.19
757,1,720.209
758,0,-723.366
759,1,693.796
760,0,-684.176
761,1,-672.802
762,1,720.888
763,1,636.367
764,1,746.116
765,0,-617.446
766,1,686.377
767,0,-662.878
768,0,-684.914
769,1,665.75
770,0,-704.517
771,0,-727.07
772,1,744.567
773,0,-694.646
774,0,-690.694
775,1,-674.492
776,1,804.763
777,0,-685.068
778,0,-617.422
779,0,637.213
780,0,-679.243
781,1,674.251
782,0,-720.521
783,1,674.345
784,0,-679.306
785,1,741.979
786,0,-733.766
787,1,716.981
788,0,-664.069
789,0,-679.178
790,0,-723.568
791,0,-700.352
792,1,706.309
793,1,-667.748
794,0,-672.72
795,1,720.566
796,1,733.349
797,1,685.635
798,1,698.502
799,1,734.005
800,0,-700.059
801,0,-727.825
802,0,-714.251
803,1,714.333
804,0,-695.449
805,1,658.206
806,1,718.164
807,0,-699.198
808,1,709.437
809,0,-691.302
810,1,677.914
811,1,720.884
812,1,687.532
813,0,-722.015
814,1,696.42
815,1,-671.27
816,0,-689.955
817,1,721.061
818,1,727.846
819,0,-638.109
820,1,715.421
821,0,-702.445
822,1,730.379
823,0,-740.064
824,1,-684.23
825,0,-684.988
826,0,-713.324
827,0,-672.765
828,1,756.452
829,1,718.635
830,0,-680.921
831,0,-668.816
832,1,689.115
833,0,-665.977
834,0,-697.234
835,0,-662.643
836,1,722.313
837,1,699.629
838,1,668.379
839,1,740.03
840,0,-730.907
841,0,-620.448
842,0,713.932
843,0,-705.226
844,0,-706.481
845,1,718.549
846,0,-674.82
847,0,-705.332
848,0,-710.313
849,0,-700.175
850,1,702.753
851,1,720.457
852,0,-657.789
853,0,-714.504
854,0,-660.943
855,1,708.946
856,1,690.968
857,0,-686.524
858,0,-689.835
859,0,-692.933
860,0,629.823
861,0,-711.632
862,1,759.297
863,1,652.404
864,1,685.84
865,0,-698.901
866,0,-700.352
867,1,665.939
868,0,-631.427
869,1,684.301
870,1,727.018
871,1,638.067
872,0,-656.83
873,0,-700.52
874,1,743.254
875,1,694.037
876,1,-673.713
877,0,-693.998
878,1,726.556
879,1,737.63
880,0,-644.4
881,0,-693.998
882,1,-645.977
883,0,-658.054
884,1,716.835
885,1,683.044
886,0,636.24
887,0,-752.355
888,1,718.723
889,0,-736.326
890,1,686.106
891,0,-697.572
892,0,-665.327
893,0,-671.288
894,0,-653.864
895,1,659.653
896,1,670.526
897,1,746.225
898,0,-645.928
899,0,660.362
900,1,719.055
901,1,726.082
902,0,-698.991
903,1,663.28
904,1,749.259
905,0,-679.243
906,1,665.082
907,1,725.34
908,0,-686.524
909,0,-679.474
910,1,710.605
911,1,675.593
912,1,-650.34
913,0,-658.656
914,1,-662.696
915,1,700.727
916,0,-722.854
917,0,704.66
918,0,-704.383
919,1,695.217
920,0,-630.832
921,0,-742.459
922,1,733.734
923,1,-668.506
924,1,740.455
925,0,-722.854
926,0,-737.498
927,0,-721.407
928,1,710.324
929,0,-710.681
930,0,-667.805
931,0,-743.652
932,1,716.1
933,1,689.859
934,0,-685.817
935,1,698.64
936,1,775.006
937,0,-617.097
938,1,700.385
939,0,-673.234
940,0,690.598
941,0,-646.446
942,0,-705.475
943,0,709.839
944,1,736.035
945,1,773.625
946,0,-686.673
947,0,-658.114
948,0,-744.595
949,0,-670.257
950,1,-658.162
951,1,706.184
952,1,675.954
953,1,699.835
954,0,-654.033
955,0,-719.426
956,0,-683.489
957,1,671.373
958,1,731.154
959,0,-777.598
960,1,708.907
961,0,-696.332
962,1,680.553
963,0,-647.524
964,1,751.72
965,0,-670.136
966,1,679.131
967,0,-658.126
968,0,-677.281
969,1,-675.318
970,0,-745.469
971,0,-646.956
972,1,-696.053
973,0,-698.96
974,0,-719.535
975,1,700.931
976,0,-594.486
977,0,-700.683
978,0,-703.245
979,1,765.77
980,1,730.85
981,1,742.755
982,0,-678.894
983,0,-654.739
984,1,686.157
985,1,773.087
986,0,-694.646
987,0,703.51
988,0,-731.022
989,1,695.27
990,1,693.119
991,0,-659.341
992,1,705.439
993,1,683.367
994,1,689.289
995,0,-656.335
996,0,-755.135
997,1,713.408
998,0,-700.989
999,0,-701.965
1000,1,739.211
