Subj,Class,risk_2d
1,1,-272.343
2,0,-254.384
3,1,285.372
4,1,260.114
5,0,-268.409
6,1,295.958
7,0,-316.46
8,0,271.198
9,0,-291.852
10,1,292.904
11,1,235.447
12,0,253.063
13,0,245.863
14,0,-261.222
15,0,-279.755
16,1,-242.053
17,1,247.681
18,1,263.607
19,0,-295.958
20,0,272.92
21,1,-299.857
22,1,279.708
23,0,-283.917
24,1,-255.994
25,0,266.523
26,1,-266.1
27,0,-302.088
28,1,261.855
29,0,-326.089
30,0,-289.744
31,1,288.846
32,0,-258.889
33,1,292.213
34,1,288.554
35,0,-255.039
36,1,277.8
37,1,280.66
38,0,-272.038
39,0,253.357
40,1,279.396
41,0,-293.193
42,1,261.145
43,0,262.479
44,1,-274.29
45,1,292.451
46,0,-316.928
47,0,-284.229
48,1,282.527
49,0,-317.1
50,1,305.496
51,0,-291.433
52,1,278.731
53,1,278.887
54,0,-277.703
55,1,285.27
56,0,-292.23
57,1,286.199
58,1,277.029
59,0,-290.795
60,0,-255.663
61,0,-304.038
62,1,277.372
63,1,259.46
64,1,257.551
65,0,-301.839
66,1,269.018
67,0,-297.491
68,1,270.13
69,0,-290.656
70,1,270.718
71,0,265.096
72,1,275.405
73,1,288.84
74,0,-287.734
75,0,-270.636
76,1,-291.64
77,1,282.53
78,1,249.246
79,0,-294.424
80,1,279.676
81,1,-296.869
82,1,317.418
83,1,294.623
84,0,-299.127
85,0,-292.437
86,0,286.456
87,0,285.211
88,0,284.394
89,0,-295.119
90,0,278.407
91,0,265.739
92,0,254.531
93,0,257.248
94,0,276.101
95,0,-276.582
96,0,262.698
97,0,255.545
98,0,253.579
99,0,-304.038
100,0,-319.153
101,0,-312.408
102,0,-309.549
103,0,-293.726
104,0,-277.832
105,0,-302.271
106,1,286.443
107,1,290.162
108,1,274.339
109,0,-296.29
110,0,-261.569
111,0,265.739
112,1,279.352
113,0,-280.108
114,1,301.722
115,1,294.259
116,0,-264.679
117,1,-265.456
118,0,-291.833
119,1,309.81
120,1,-271.977
121,0,-273.377
122,0,-291.571
123,1,286.454
124,1,-248.885
125,0,-279.715
126,1,264.764
127,0,-289.223
128,1,255.659
129,1,-300.546
130,1,261.835
131,0,277.372
132,0,-278.681
133,1,-290.644
134,1,243.874
135,1,303.479
136,1,293.247
137,1,270.797
138,0,265.672
139,0,249.58
140,0,271.619
141,0,-286.474
142,1,-264.635
143,0,265.098
144,0,-265.906
145,1,258.504
146,1,275.405
147,1,-297.903
148,1,-289.029
149,0,-286.071
150,1,283.245
151,1,302.236
152,0,-252.659
153,1,287.328
154,1,277.873
155,1,297.285
156,0,-267.925
157,0,-280.942
158,0,-324.78
159,0,-290.007
160,0,-262.564
161,0,-287.599
162,1,294.61
163,0,-305.766
164,1,261.269
165,0,-299.436
166,0,-319.211
167,0,-291.852
168,0,-301.583
169,1,255.65
170,0,-287.163
171,1,287.186
172,0,-298.225
173,1,269.734
174,1,258.569
175,0,271.12
176,1,264.987
177,1,281.638
178,1,311.854
179,1,-270.123
180,0,285.523
181,1,297.347
182,0,-279.294
183,0,-283.662
184,1,254.429
185,0,-287.858
186,1,266.249
187,1,266.318
188,1,-307.699
189,1,276.996
190,0,280.027
191,1,252.909
192,1,277.625
193,1,269.594
194,1,-258.421
195,1,286.614
196,0,254.72
197,1,295.722
198,0,-297.869
199,0,-282.885
200,0,264.53
201,0,-259.791
202,1,-291.243
203,1,265.279
204,1,289.879
205,1,274.256
206,1,243.093
207,0,-300.56
208,0,-295.082
209,0,-293.181
210,1,273.541
211,0,-305.105
212,0,-287.498
213,1,286.438
214,0,-302.434
215,1,278.936
216,1,251.677
217,0,-268.903
218,0,-291.078
219,1,-249.099
220,1,295.655
221,1,293.552
222,0,-290.704
223,1,271.222
224,0,284.297
225,1,305.808
226,1,-306.056
227,0,-303.42
228,1,286.978
229,1,299.326
230,1,260.605
231,0,-262.762
232,0,-321.919
233,0,268.256
234,1,259.848
235,1,-244.004
236,1,305.813
237,0,-283.919
238,0,225.373
239,1,297.195
240,1,-259.803
241,0,-283.909
242,1,281.157
243,0,-319.583
244,1,283.665
245,1,-281.879
246,0,-255.582
247,1,284.873
248,1,-281.919
249,0,-266.28
250,0,-313.827
251,0,259.095
252,0,-308.985
253,1,-293.029
254,0,-250.832
255,0,-302.433
256,0,261.914
257,1,-296.37
258,1,292.786
259,0,-295.062
260,1,260.824
261,0,-315.499
262,1,288.29
263,1,-277.922
264,1,269.651
265,0,-310.717
266,0,-281.37
267,0,-265.996
268,1,306.903
269,1,298.485
270,1,269.966
271,0,-278.817
272,0,-274.908
273,1,297.424
274,1,-274.97
275,1,263.228
276,0,-292.546
277,1,-300.546
278,0,-313.898
279,1,276.725
280,1,282.53
281,1,262.879
282,1,269.018
283,0,-311.151
284,0,-268.758
285,0,-256.372
286,0,-288.914
287,1,264.639
288,1,283.625
289,0,-255.149
290,0,-269.886
291,1,267.87
292,1,280.248
293,0,-255.733
294,0,266.324
295,1,298.215
296,1,255.811
297,0,-273.953
298,0,-277.584
299,0,265.745
300,1,309.647
301,0,269.454
302,0,-279.788
303,1,280.715
304,1,268.607
305,0,-256.618
306,1,-257.312
307,0,-284.081
308,1,259.272
309,1,317.418
310,0,-265.456
311,0,-289.794
312,1,-248.804
313,0,-287.833
314,0,-297.6
315,1,278.098
316,1,-252.842
317,1,274.312
318,1,251.87
319,0,-268.196
320,0,-278.606
321,0,248.201
322,1,-280.024
323,1,285.315
324,1,273.549
325,0,-276.964
326,0,277.421
327,0,-263.062
328,0,-294.815
329,1,-250.599
330,1,-295.32
331,1,275.138
332,1,272.079
333,1,276.647
334,1,-279.925
335,0,-239.021
336,0,-291.358
337,1,300.128
338,1,-288.111
339,0,-291.273
340,1,280.622
341,1,281.622
342,1,-299.34
343,0,267.152
344,0,-309.83
345,1,-294.811
346,0,-265.424
347,1,258.87
348,1,-296.094
349,1,306.671
350,1,213.362
351,0,-299.966
352,0,-271.245
353,0,-277.233
354,1,-286.242
355,1,269.503
356,1,-282.136
357,1,255.94
358,0,-247.086
359,0,-264.599
360,1,-274.973
361,1,254.857
362,0,-266.26
363,1,286.134
364,1,304.148
365,0,-295.39
366,1,270.672
367,0,-267.293
368,1,283.03
369,0,292.186
370,1,263.211
371,1,-281.919
372,1,279.8
373,1,276.753
374,1,264.488
375,0,-271.366
376,1,287.83
377,1,-257.508
378,0,-289.313
379,0,-272.935
380,0,265.958
381,0,-297.544
382,0,-276.223
383,0,-293.651
384,1,288.623
385,0,256.107
386,1,289.408
387,0,-297.682
388,1,-278.319
389,1,263.386
390,1,-306.103
391,0,274.208
392,0,-253.111
393,0,-287.957
394,0,-268.087
395,1,307.457
396,1,-257.508
397,1,269.936
398,1,-277.185
399,0,-300.073
400,1,258.217
401,0,-267.656
402,1,263.266
403,1,278.098
404,1,284.958
405,0,-254.145
406,1,266.807
407,0,-274.143
408,1,-290.046
409,0,-286.689
410,1,299.228
411,1,273.559
412,0,-275.062
413,1,295.967
414,1,301.462
415,1,288.79
416,1,274.862
417,1,236.196
418,0,279.565
419,1,285.454
420,0,-271.7
421,1,282.909
422,1,255.966
423,0,-298.002
424,0,-315.209
425,0,-289.827
426,0,-262.277
427,0,262.799
428,0,-303.339
429,0,-284.154
430,0,-250.832
431,0,247.118
432,0,-268.196
433,1,-240.93
434,1,267.87
435,0,-290.634
436,0,-290.523
437,1,274.602
438,0,-336.413
439,0,261.894
440,0,-258.801
441,1,259.937
442,0,261.835
443,0,-277.97
444,1,-299.108
445,0,-293.814
446,1,290.267
447,1,273.477
448,0,-302.687
449,0,-278.098
450,0,-271.245
451,1,268.149
452,1,272.439
453,0,262.479
454,0,-301.513
455,0,-268.243
456,0,253.706
457,1,294.623
458,1,-287.862
459,1,270.769
460,1,288.384
461,0,-288.413
462,1,279.708
463,0,-282.812
464,1,280.099
465,1,291.901
466,1,279.307
467,1,269.783
468,0,-256.174
469,0,-279.235
470,1,-280.966
471,0,-301.941
472,0,-289.367
473,0,262.332
474,0,267.043
475,0,-281.544
476,1,269.661
477,1,258.766
478,1,300.505
479,0,-296.709
480,1,299.613
481,1,280.248
482,1,297.285
483,1,-285.899
484,0,-280.756
485,0,-307.281
486,1,300.206
487,0,271.468
488,0,-277.52
489,1,281.833
490,1,280.124
491,1,288.358
492,1,280.715
493,1,290.584
494,0,-295.417
495,0,-298.468
496,0,288.046
497,0,-274.125
498,0,-257.61
499,1,283.926
500,0,-296.16
501,1,273.418
502,1,298.816
503,0,-307.627
504,1,-297.903
505,0,-270.547
506,0,281.383
507,0,-271.006
508,0,273.912
509,0,-267.171
510,1,273.792
511,0,-276.964
512,0,-267.864
513,0,-306.897
514,1,282.261
515,0,-279.628
516,1,238.073
517,0,-304.691
518,0,-301.513
519,0,-304.226
520,0,-256.358
521,0,262.052
522,1,-257.793
523,1,272.351
524,1,255.841
525,1,310.447
526,1,294.491
527,1,288.789
528,0,-254.532
529,1,271.548
530,1,278.55
531,0,-258.217
532,0,-287.795
533,1,238.985
534,1,267.715
535,1,257.385
536,0,-273.635
537,0,-274.985
538,1,-299.34
539,1,268.547
540,0,-285.166
541,0,-297.501
542,1,298.718
543,0,266.26
544,1,281.189
545,0,256.156
546,0,-268.196
547,0,-297.77
548,1,264.431
549,0,249.065
550,1,280.631
551,0,246.372
552,1,274.418
553,1,269.439
554,0,281.071
555,0,-278.229
556,0,-308.798
557,1,273.655
558,0,-265.716
559,1,268.837
560,1,285.041
561,1,309.282
562,0,281.715
563,0,260.752
564,1,-229.005
565,0,-268.241
566,0,-307.904
567,1,-276.8
568,1,275.534
569,1,268.391
570,1,295.403
571,1,317.779
572,0,-274.671
573,1,290.185
574,1,-281.12
575,1,302.394
576,1,280.333
577,1,261.129
578,0,-283.936
579,0,254.531
580,1,264.467
581,1,278.531
582,1,304.696
583,0,-294.197
584,1,-256.467
585,0,-270.536
586,0,-294.925
587,0,-301.72
588,0,-281.63
589,1,-257.68
590,1,302.854
591,1,-279.139
592,1,300.518
593,1,265.846
594,1,286.749
595,0,-267.448
596,1,278.645
597,0,-294.119
598,0,-293.668
599,1,256.041
600,0,290.369
601,0,-286.584
602,0,-285.649
603,1,274.81
604,0,-300.653
605,0,266.449
606,0,-296.989
607,1,278.74
608,1,287.019
609,1,262.394
610,1,-243.853
611,1,266.768
612,1,287.712
613,0,-295.203
614,0,-268.124
615,1,-299.857
616,1,266.979
617,1,-302.034
618,0,265.49
619,0,-334.589
620,1,277.366
621,1,-251.835
622,1,-267.926
623,0,237.377
624,1,261.7
625,1,-257.267
626,1,271.23
627,0,-272.867
628,1,280.663
629,1,-257.61
630,0,-252.685
631,1,251.837
632,0,-306.89
633,0,-286.113
634,0,-312.855
635,1,259.376
636,1,261.158
637,1,-282.075
638,1,271.66
639,0,-304.89
640,0,-262.294
641,0,-289.937
642,0,-306.155
643,1,275.001
644,1,309.507
645,0,-269.616
646,0,-280.047
647,1,266.423
648,1,310.447
649,0,287.504
650,1,280.939
651,1,278.657
652,1,275.713
653,0,-305.295
654,1,288.029
655,0,251.505
656,1,245.023
657,0,-309.888
658,0,-304.123
659,0,-283.909
660,0,278.975
661,0,-267.359
662,1,268.241
663,1,314.146
664,0,-281.234
665,0,-285.058
666,1,287.634
667,0,-289.662
668,1,-318.566
669,1,257.747
670,0,-286.978
671,0,-287.468
672,0,273.017
673,0,282.56
674,0,-284.876
675,1,267.979
676,0,-271.137
677,1,-266.256
678,1,308.352
679,1,-300.137
680,1,313.2
681,0,265.855
682,0,289.663
683,0,-281.232
684,1,268.241
685,0,-271.824
686,1,262.226
687,1,-289.313
688,1,310.869
689,1,286.454
690,0,-274.464
691,0,-278.007
692,1,273.192
693,1,277.815
694,1,280.219
695,0,275.775
696,1,-272.097
697,1,260.601
698,1,278.453
699,1,253.318
700,1,262.845
701,1,269.983
702,1,306.321
703,1,294.63
704,1,-276.822
705,1,279.109
706,0,-307.424
707,0,-281.085
708,1,279.708
709,0,-279.022
710,1,-260.248
711,0,-296.686
712,0,243.707
713,0,257.383
714,0,-291.437
715,1,244.671
716,1,244.64
717,0,-294.119
718,1,267.542
719,0,-271.06
720,0,-304.422
721,1,267.952
722,1,280.934
723,0,-312.767
724,0,-287.161
725,0,-284.381
726,0,-273.064
727,0,-316.928
728,0,-324.956
729,0,-267.765
730,0,302.067
731,1,-271.363
732,1,275.838
733,1,291.224
734,0,-274.01
735,0,-283.487
736,0,267.991
737,0,-290.697
738,1,-290.767
739,1,294.241
740,0,262.052
741,1,252.366
742,1,279.328
743,0,-278.438
744,0,-294.883
745,0,-301.008
746,1,-290.868
747,1,-313.863
748,0,285.51
749,1,-288.128
750,1,291.125
751,0,278.178
752,1,-287.862
753,0,-304.387
754,1,-260.248
755,1,259.085
756,1,-266.49
757,0,-296.784
758,0,-291.43
759,0,-280.432
760,0,-267.275
761,0,248.453
762,0,-287.951
763,1,278.91
764,0,-290.751
765,1,266.019
766,0,-279.494
767,1,296.168
768,1,-263.45
769,1,299.326
770,1,282.426
771,0,-285.313
772,1,273.647
773,0,-258.448
774,1,240.67
775,1,290.198
776,0,-276.695
777,0,-280.047
778,0,-287.757
779,0,-276.702
780,1,282.973
781,1,281.057
782,0,-249.541
783,0,-300.787
784,1,270.298
785,0,270.797
786,1,276.704
787,1,260.133
788,0,-276.394
789,0,254.946
790,0,283.077
791,0,271.834
792,0,273.401
793,0,238.163
794,0,-296.638
795,0,-290.359
796,0,-285.518
797,0,255.679
798,0,296.616
799,0,255.811
800,0,284.417
801,0,-263.593
802,0,-282.136
803,0,-283.16
804,0,-279.097
805,0,-308.746
806,0,279.558
807,0,-282.135
808,0,260.32
809,0,-312.605
810,0,254.946
811,0,-278.952
812,0,-296.788
813,0,-303.178
814,0,267.082
815,0,-239.923
816,0,-291.833
817,0,258.944
818,0,-287.176
819,1,294.592
820,1,289.014
821,1,272.588
822,1,245.315
823,0,-266.385
824,1,-260.248
825,1,274.439
826,0,-297.585
827,1,289.808
828,0,-294.69
829,1,269.714
830,0,-302.18
831,1,-258.461
832,1,257.231
833,1,265.644
834,1,295.74
835,0,-289.595
836,1,268.877
837,0,-306.294
838,0,262.653
839,1,310.447
840,1,-278.952
841,1,282.027
842,1,272.35
843,0,254.72
844,1,269.305
845,0,310.381
846,0,-266.251
847,1,297.471
848,0,265.123
849,0,273.289
850,1,-277.647
851,0,-285.166
852,0,-264.388
853,1,300.206
854,1,270.887
855,0,262.468
856,1,279.524
857,0,257.869
858,0,-279.925
859,1,239.582
860,0,-294.984
861,1,293.569
862,1,284.778
863,0,-291.664
864,0,-299.141
865,0,266.26
866,0,-321.485
867,1,278.255
868,0,-284.295
869,0,-255.149
870,1,-274.962
871,0,-260.368
872,0,-240.93
873,1,-274.973
874,0,-298.955
875,1,306.903
876,1,-277.434
877,1,275.68
878,1,283.893
879,1,239.297
880,1,246.134
881,1,279.241
882,0,-280.89
883,0,-292.497
884,0,-321.191
885,1,286.208
886,0,-264.15
887,1,310.608
888,0,-289.699
889,1,282.635
890,1,299.577
891,0,-296.614
892,0,275.543
893,0,-279.828
894,1,-290.52
895,0,-286.969
896,0,290.501
897,0,-292.047
898,0,-294.236
899,1,292.554
900,0,-279.24
901,1,295.24
902,0,-306.332
903,1,282.182
904,0,-291.884
905,0,-258.724
906,0,-297.139
907,0,289.048
908,1,270.844
909,1,-278.098
910,1,-284.641
911,1,263.037
912,1,-256.467
913,1,277.138
914,1,254.206
915,1,-248.491
916,1,-270.97
917,0,-265.456
918,0,-299.165
919,1,-280.019
920,0,-298.317
921,0,-291.021
922,1,249.723
923,1,265.447
924,1,297.238
925,1,285.206
926,1,-281.879
927,1,279.708
928,0,-272.898
929,0,-259.53
930,0,-296.884
931,0,-276.964
932,1,277.138
933,0,279.591
934,1,-313.587
935,0,-284.927
936,0,-295.747
937,0,-284.701
938,1,278.527
939,1,-287.862
940,1,280.219
941,1,273.194
942,0,-283.007
943,1,-305.965
944,0,-265.98
945,1,286.334
946,1,256.079
947,0,249.065
948,1,281.463
949,1,-264.8
950,0,-290.752
951,1,-253.782
952,1,-259.241
953,0,-245.881
954,0,-278.328
955,1,270.866
956,1,272.126
957,1,266.267
958,1,281.378
959,0,-293.461
960,1,286.443
961,1,-303.369
962,0,278.428
963,0,-289.652
964,0,-271.051
965,0,-293.513
966,1,261.73
967,0,-290.745
968,0,-277.185
969,0,262.479
970,0,-274.431
971,1,278.428
972,0,256.025
973,1,-273.126
974,1,264.821
975,0,-318.626
976,1,290.157
977,0,-301.3
978,1,285.6
979,0,-271.824
980,1,-266.638
981,0,263.405
982,0,-295.203
983,1,276.753
984,0,-283.739
985,0,-310.456
986,0,288.841
987,0,-282.274
988,1,279.864
989,1,278.757
990,1,293.798
991,1,290.775
992,1,293.865
993,1,251.356
994,1,287.52
995,1,-271.977
996,0,-270.054
997,1,286.962
998,1,262.241
999,1,-290.908
1000,0,-304.798
