Subj,Class,risk_ori
1,1,-0.0446478274421359
2,1,0.339325521475105
3,1,0.236032542242764
4,1,0.218478954405752
5,1,0.355423694847287
6,1,-0.207446049892858
7,0,-0.0686562023206293
8,0,-0.144278100995143
9,1,-0.160167822309204
10,0,-0.316908955296427
11,0,-0.0978796435042244
12,0,-0.0497210619795458
13,1,0.148660578675705
14,0,-0.143608396861482
15,1,0.157321640484146
16,0,-0.0174069681374892
17,1,0.0579752254761744
18,0,0.157710164521018
19,1,0.129506660322393
20,1,-0.0311295207087592
21,0,-0.0667814619838288
22,0,0.129585799520999
23,1,-0.0655344024064526
24,1,0.287838950284806
25,0,-0.0686678180072901
26,0,-0.0948539049678778
27,1,0.253274208039787
28,0,0.238052625943408
29,1,0.101142793179205
30,0,0.0813166115214309
31,1,-0.0843295952690498
32,1,0.0401867427775543
33,1,-0.246731854075665
34,1,-0.146771193710323
35,1,-0.104038523415894
36,1,0.1663518912594
37,1,-0.0751860757215377
38,1,-0.140850374835795
39,1,-0.0393042342274234
40,1,0.0124848073815733
41,1,-0.17505023045523
42,1,0.205921764704988
43,1,0.172150017247868
44,1,-0.075201464471214
45,1,0.116468316737438
46,0,-0.0320709685108838
47,1,0.0679398345121724
48,0,-0.452553298438636
49,1,0.12118118578329
50,0,-0.251702367772858
51,1,-0.269250501058079
52,1,0.0637684654775602
53,0,0.323118036048842
54,0,-0.0354469024381615
55,0,-0.199141714849815
56,0,0.0414881537578024
57,0,-0.191852809823966
58,1,-0.139375181047086
59,1,-0.0403424116676842
60,0,-0.285791936937973
61,1,-0.0540735976076778
62,0,-0.198802948763545
63,0,-0.0541020103002803
64,0,-0.303198240592187
65,0,0.0314183511513558
66,0,0.244863126069364
67,1,-0.0837834428507265
68,1,-0.0264036153891511
69,1,-0.0211352506485954
70,0,0.107644253887511
71,1,0.0571685978293148
72,0,0.320752995349325
73,1,0.0920932073338915
74,1,-0.147080578548589
75,0,-0.126882989880454
76,0,0.0648113048984172
77,1,-0.0101457756295178
78,0,-0.18883199473508
79,1,0.0974051514432757
80,1,0.1828939953996
81,0,0.124428872577119
82,1,0.182441776683475
83,1,0.0230967653368416
84,1,-0.345362912841607
85,0,-0.171601502321814
86,1,0.00462358775073666
87,1,0.0713269906832135
88,1,-0.0478169692834431
89,0,-0.146867699341972
90,1,-0.23881869593279
91,1,-0.300215511997566
92,0,-0.166476316879732
93,0,0.0934521901812949
94,0,0.0626908849073153
95,1,-0.322952704414044
96,1,-0.06407015982113
97,0,-0.0626654718623028
98,1,0.124925821046517
99,0,-0.0841200448716283
100,0,-0.0704787955643318
101,1,0.029647928226073
102,0,0.215362831223736
103,1,-0.111385057904691
104,1,-0.037015361668763
105,1,0.18980843698741
106,1,0.0490566450757602
107,0,0.106734323580698
108,1,0.24289822509338
109,1,-0.129127445234127
110,0,0.0568048199408253
111,0,-0.046081300266198
112,0,0.00834326880753829
113,0,-0.131692862789956
114,0,-0.078847683061571
115,1,0.115596648909095
116,1,0.0472832974283334
117,1,0.0211477312118089
118,1,0.00235253834921179
119,1,-0.0825629773212015
120,0,0.0135821965304143
121,1,-0.0822654303499649
122,0,-0.00319940975295453
123,1,0.0943067137569621
124,0,-0.186359027835038
125,1,-0.123279590002149
126,0,-0.343803553137891
127,1,-0.010691928047841
128,1,0.255352153781542
129,1,-0.111469025494586
130,0,0.123071206524854
131,0,0.19000433087305
132,1,-0.0523768912436283
133,0,-0.324879310997139
134,0,0.203438638102113
135,1,-0.0934195559848847
136,1,0.0292694260711819
137,1,0.284057953186534
138,1,-0.244906900578167
139,0,0.098451488743723
140,0,-0.217665817267034
141,1,0.174118691286868
142,0,-0.236382465177109
143,1,-0.136191160043808
144,0,-0.115937970389135
145,0,-0.0568485944496289
146,0,-0.288544586303625
147,0,-0.299081235719097
148,1,-0.252794714256855
149,1,0.334307887924232
150,1,-0.219215571269594
151,1,0.0914188077821203
152,0,0.0704172843828869
153,0,0.0226138216966
154,0,0.000488622198518696
155,0,-0.103647042742459
156,1,0.155168162196108
157,0,-0.288295980856538
158,1,0.19794809252591
159,0,-0.0369214279665643
160,1,0.162162756663446
161,0,0.0564808483581488
162,1,0.245555968424402
163,1,0.426110932071946
164,0,-0.261306739405218
165,0,0.283684873669015
166,0,0.0420738884754525
167,1,0.224968577247028
168,1,-0.215735894205574
169,1,0.116973426024933
170,1,0.0297332604739673
171,0,-0.0756934894931515
172,0,0.171861771905662
173,0,-0.18511980905519
174,1,0.0295142584552532
175,0,0.244065090143877
176,1,0.202892485683789
177,0,-0.14006869166243
178,0,0.0164568038067247
179,0,0.181686518121551
180,1,0.412782050991495
181,0,-0.0544314747575205
182,0,0.0396335392361391
183,1,0.111586115779959
184,0,0.0162902622803871
185,1,0.0421065061361815
186,0,0.188273311077751
187,1,0.0611408268326298
188,0,0.207455165955426
189,1,-0.158158536042653
190,1,0.115894195880332
191,0,-0.0930079494963123
192,1,-0.062699377429469
193,0,-0.0394324813608713
194,0,0.0704172843828869
195,1,0.207160983484835
196,0,-0.246487021691593
197,0,0.148262046879177
198,1,-0.462529607819673
199,0,0.0875834176336263
200,1,-0.182146785106009
201,1,0.323664188467166
202,1,-0.0922559273471133
203,0,-0.163295337171395
204,1,-0.105980062164015
205,1,-0.0176919770669701
206,0,0.115765948746884
207,1,0.355604832552106
208,1,0.0382089237872868
209,1,-0.0623741179403552
210,0,-0.0775478800083287
211,0,0.0632859788497883
212,1,-0.0435145659152311
213,0,-0.0611846013414334
214,0,0.0976094291955881
215,1,0.121522798024525
216,0,-0.00153910687129926
217,0,-0.019842498718445
218,1,-0.284483474834633
219,0,0.116440348298655
220,0,0.175511763559034
221,1,0.259168432866463
222,1,0.00422620633865457
223,0,0.0342369273621353
224,0,-0.172982250825779
225,0,0.0937605613386388
226,1,-0.107565542407044
227,0,0.0425197621991104
228,0,0.0616739045589079
229,1,0.0050887947183368
230,0,0.474020352011175
231,0,0.113547780343217
232,1,0.190896300500735
233,1,0.0117709949668865
234,0,0.0915013498041443
235,0,0.0969297031799461
236,1,0.0999915709731726
237,1,-0.030209624289642
238,1,-0.0886492910560832
239,1,-0.408233285879384
240,1,0.132927420017027
241,1,-0.153161399408907
242,1,0.192701004942848
243,0,-0.235724376730109
244,0,0.0791203847585321
245,0,-0.00509972938604181
246,1,-0.101891247910077
247,1,-0.0133333186267411
248,0,-0.173860713856308
249,0,0.384041497678465
250,0,-0.0197235532140268
251,0,0.044212572259897
252,0,-0.219742612624344
253,1,-0.211003715771038
254,0,0.033193826474414
255,1,0.160879306362325
256,1,0.255490472774308
257,0,-0.348730653876949
258,0,0.394817425230619
259,0,-0.121451400091926
260,1,-0.000780033599008412
261,1,0.0112724066560633
262,0,0.0988330033048539
263,1,0.0927174604509174
264,1,-0.0686151034201249
265,1,0.0650200080256085
266,1,0.0363450076365937
267,0,-0.0496419227809406
268,0,0.218661370582937
269,0,0.0905077270908623
270,0,-0.0529421547255243
271,1,0.294547797325165
272,1,-0.00123774518969666
273,1,0.138109926257193
274,1,0.277098080712815
275,1,-0.194324900565077
276,1,0.0679062309885798
277,1,-0.210626863190503
278,0,0.0275843353937933
279,0,-0.206406722068152
280,1,0.0853559476009299
281,0,0.183541132643214
282,0,0.127699443497537
283,0,0.248822280380634
284,0,0.00964849449815244
285,0,0.0408230558350609
286,1,0.192403457971611
287,0,0.124372617505102
288,0,0.196901755225463
289,0,0.294993671048823
290,0,0.0204040883365449
291,1,0.319074914147678
292,0,0.060699643978269
293,1,0.0860123864735736
294,0,0.0370767807304081
295,0,-0.248222690708838
296,1,0.145657724265946
297,1,0.0966461198183354
298,0,0.289690328393743
299,0,-0.0629995887266264
300,0,0.180421692982832
301,1,0.206479532809972
302,0,0.00211253435642957
303,0,0.250014905559296
304,1,-0.0428219977857074
305,0,0.0555924192153153
306,1,0.0997349390448436
307,1,-0.0112201197870368
308,0,0.297051841243731
309,0,-0.0215874693647199
310,0,0.0300604108735765
311,0,-0.285281510760119
312,1,-0.0777087448025056
313,0,0.111043736424651
314,0,0.13041636662272
315,0,-0.0273482996040016
316,1,-0.0915946024873872
317,1,0.331204977000178
318,0,-0.201825882792276
319,0,-0.0137063981442603
320,0,0.0844112633860793
321,0,-0.32132515671511
322,0,-0.0660084667492626
323,1,-0.00611994614717507
324,0,-0.111579311948906
325,1,-0.373788597875878
326,0,0.104258248100915
327,0,-0.195285185205261
328,0,0.0627253645898388
329,0,0.581983761731472
330,0,-0.0350390690126045
331,0,0.175511763559034
332,0,-0.0536941768747232
333,0,-0.0372945074840835
334,1,-0.0802858051075795
335,1,0.123617358943177
336,0,-0.0301224202870217
337,0,-0.203356525731263
338,0,0.00964849449815244
339,1,0.0852393623503066
340,0,-0.0142596016856756
341,0,-0.131800788990482
342,0,-0.169867473145993
343,0,-0.046081300266198
344,1,0.0385341832764005
345,0,0.199190627784123
346,1,-0.0422687942442922
347,1,-0.132031628876226
348,0,-0.182803223978653
349,1,-0.366540911965063
350,0,0.0419372062983929
351,0,0.210624307796733
352,0,0.291234963831057
353,1,0.00348579987611654
354,1,0.0172349464952377
355,1,0.0602535480742416
356,0,-0.298893975202181
357,0,-0.0387760424882276
358,1,-0.0573947468679522
359,0,0.193039771029118
360,1,0.302932285247737
361,0,-0.30297605975654
362,1,-0.0632334699073115
363,1,0.0988922150134341
364,1,0.147715894460854
365,0,0.346289652913011
366,1,0.268099073207358
367,1,-0.199349807312493
368,0,0.0975821706644623
369,0,-0.00600801011849819
370,1,-0.00321737043208206
371,0,-0.13837292496508
372,1,-0.0363388720658468
373,1,-0.0483451610226389
374,1,0.237528207267227
375,0,-0.0265225608935693
376,1,0.158896444707214
377,0,-0.11937034577043
378,1,0.0929851769615768
379,1,0.175482160130661
380,0,-0.0155314363001353
381,1,-0.0171094211662527
382,1,-0.00245877928393033
383,1,-0.406408332381887
384,0,-0.156147929955245
385,1,-0.341966899295356
386,1,0.280133552783302
387,1,-0.0298547037763623
388,0,-0.0803037657867071
389,1,-0.0588809342791796
390,1,0.234509964107793
391,1,-0.0637987333892075
392,1,0.0121834873473213
393,0,0.0357207545195678
394,1,-0.0450153783936408
395,1,-0.409422802478306
396,0,-0.0480298484900601
397,0,-0.367858675697433
398,0,-0.107794774365783
399,0,0.0244874896860428
400,0,-0.404207456397042
401,1,0.167848930674794
402,1,0.192236948359693
403,0,0.0747936794957573
404,1,0.059644673309098
405,1,-0.0784491512650437
406,0,0.12259736618853
407,1,-0.120470989636606
408,0,0.0532047845631672
409,0,-0.169268606140505
410,1,0.00413227263645584
411,0,-0.218562905459966
412,0,0.0940231303953514
413,0,-0.0931919205974469
414,0,0.168564382930906
415,0,-0.18511980905519
416,1,0.0713269906832135
417,1,0.248593048421895
418,1,0.0721023750602755
419,0,0.0456079169423439
420,1,0.107754540341831
421,1,0.0642602664930115
422,1,-0.312576890904049
423,1,0.234278638320878
424,0,-0.10811874594846
425,1,-0.179812207435925
426,1,0.156307768715479
427,0,0.0389771003634953
428,1,-0.116573407287711
429,0,0.139783625254407
430,1,-0.191400591107841
431,0,0.0310943795686793
432,0,-0.0775478800083287
433,1,0.398315062973766
434,1,0.0397501244867624
435,1,-0.0682692862107629
436,0,-0.200140792114888
437,0,-0.226320381954061
438,1,-0.298171305412284
439,0,-0.253553745881795
440,0,-0.126682613024142
441,0,-0.0920523140780755
442,0,-0.0695364716032762
443,1,-0.126172186846288
444,0,0.084728936172453
445,0,0.237549209241295
446,0,-0.367103417135508
447,0,-0.0668132034856268
448,1,-0.0919101101377514
449,0,-0.0551222270614135
450,0,-0.111080501457714
451,0,-0.130667527463577
452,1,-0.0852831368591102
453,0,0.117629864897577
454,0,0.0722984929524014
455,1,0.0873355728433153
456,0,0.393627908631697
457,1,-0.215038178622104
458,0,0.0470976448384231
459,0,-0.0227100548716635
460,1,-0.251689379521382
461,0,-0.149584622467155
462,0,-0.123322367365711
463,1,-0.265393971413525
464,1,0.123239355978198
465,0,0.275740140435035
466,1,-0.280803462561652
467,0,0.175511763559034
468,1,-0.243105000643669
469,1,0.00598688715811918
470,1,0.0939478218555549
471,1,0.0282308081541326
472,0,-0.148952958631595
473,1,-0.218350026253349
474,0,0.105131550918847
475,1,-0.0864118451781509
476,0,-0.0626092167902857
477,1,0.184403441246733
478,0,-0.0691953452632112
479,1,-0.243452425780037
480,1,0.212470263268298
481,1,-0.142675328333292
482,0,0.204920173106257
483,1,0.317601814187146
484,0,-0.0774951654211634
485,1,0.0240720406690449
486,0,0.215642641522332
487,0,-0.00253431183021303
488,1,-0.19933114050274
489,0,-0.0585632614928059
490,0,-0.0678054518079775
491,1,-0.286036769322044
492,0,0.123290208543568
493,0,-0.00523262574143624
494,1,-0.0823717454161579
495,1,-0.114087128930487
496,1,-0.246612908571246
497,1,0.178868165917257
498,0,-0.159459947022901
499,0,0.198756369747126
500,1,0.226125476185221
501,0,-0.307859369451113
502,1,-0.2327558357516
503,0,0.142386488862254
504,1,-0.0248032029810953
505,1,0.0440051859278437
506,0,-0.0261767436842073
507,0,0.0198463202315608
508,1,-0.151343175610988
509,1,-0.0346622164320698
510,0,0.118908665976751
511,0,0.161218072448595
512,1,0.177245541665784
513,1,0.052836533436937
514,1,0.111987756156227
515,1,-0.00433135448472119
516,0,0.0639997912644752
517,0,-0.242244948501988
518,0,-0.0466719082122807
519,0,0.013952759888159
520,0,0.095226622934729
521,1,0.0480000664795833
522,1,0.168353863978084
523,0,-0.278198433817795
524,0,-0.0548610419252205
525,0,-0.0633017849198094
526,1,0.216357217619512
527,1,0.301775386309544
528,0,0.00900135725453846
529,1,-0.0777927123924
530,1,-0.224087764467417
531,1,-0.209685952038668
532,0,-0.0108432672065021
533,0,-0.0800963794546538
534,1,0.185694610931252
535,0,-0.0220978955425735
536,1,-0.0759380978707366
537,0,-0.13864949885095
538,1,0.340396092569609
539,0,0.196607444666952
540,0,-0.116329451062571
541,1,-0.164035743633933
542,0,-0.0690694583835582
543,1,0.176222566593199
544,1,-0.150140584320021
545,0,-0.18352865208
546,1,-0.0639489221634234
547,0,-0.143506967782371
548,0,-0.277075624304366
549,1,-0.167208121887966
550,0,0.062848569058443
551,1,0.330313007372492
552,1,-0.285827663178442
553,0,0.123754265126723
554,1,0.108269225483871
555,1,0.0489099967863961
556,0,0.1582493074636
557,0,-0.12026511990573
558,1,0.150562535124499
559,1,0.0788445207803195
560,0,-0.14966376166576
561,0,0.0674603572649219
562,0,0.0835099921293644
563,0,-0.234158007550652
564,0,-0.0859458745280567
565,1,0.199531754124188
566,0,0.349850275427753
567,0,-0.394106136295283
568,0,-0.180741817371019
569,1,-0.0404554564334556
570,1,-0.00794954886661896
571,1,0.0773356818206676
572,1,0.304984110450178
573,0,-0.0267212881755248
574,0,-0.195208012817553
575,1,-0.0849697230369224
576,0,-0.0502890600245545
577,0,0.116559293803073
578,1,-0.125241254565407
579,1,0.434250587610446
580,1,0.0301793563779947
581,0,0.00528983605792337
582,0,-0.0669361337287168
583,1,0.328412687739405
584,0,-0.1620867095089
585,1,-0.123524422386221
586,1,0.261116316607051
587,0,0.0777787972328744
588,1,0.0625245974757665
589,0,0.209620443787721
590,0,-0.0317416800378493
591,1,0.255719704733047
592,0,0.0623303434315517
593,0,-0.079469368026177
594,0,-0.073522050525986
595,1,0.0362874357694385
596,1,-0.0238373792701846
597,0,-0.18064788366882
598,0,-0.0556770385298346
599,1,0.325457429351566
600,1,-0.0788791503378548
601,0,0.062976816191891
602,0,-0.0172787210040413
603,1,0.246346953226796
604,0,-0.205073569586106
605,0,-0.0596182321619768
606,1,0.166453544344997
607,1,0.087867000995237
608,1,0.342100518317056
609,0,0.0544820418149987
610,0,0.0226049643213902
611,0,0.0216129381794091
612,1,-0.0670464201830372
613,1,0.139576238922354
614,1,-0.0272317143533783
615,0,0.0844112633860793
616,1,-0.10196195206507
617,1,-0.031323774752974
618,1,0.156216091475118
619,0,-0.213881279683911
620,0,0.0398690699911806
621,1,-0.0818273992499525
622,0,0.123786882787452
623,1,-0.17633368075635
624,0,-0.0886882537092789
625,0,0.0516680188120833
626,1,-0.07502839157041
627,1,-0.237571981776031
628,1,-0.0975869825200702
629,1,-0.121183683581266
630,1,0.21569694808806
631,0,0.0552286413268258
632,1,0.0644297903372863
633,0,-0.123340328044838
634,1,0.314033696295491
635,0,0.19418483210028
636,1,-0.0248753327039592
637,1,-0.0400687944183779
638,1,0.0482309063653278
639,0,-0.0712541799413938
640,1,-0.203601358115334
641,1,0.131489297971019
642,1,-0.310393211915837
643,1,0.178868165917257
644,1,-0.090702632859702
645,0,-0.128352060857065
646,0,-0.0447635365338282
647,0,0.101151426547929
648,1,0.0674294083343188
649,1,0.147747635962652
650,0,-0.0855774474176208
651,1,0.0242989123739886
652,0,0.314331243266728
653,0,-0.102419439649272
654,0,-0.348876193429219
655,1,-0.0918394348714585
656,0,-0.14017991778345
657,1,-0.0855508533697696
658,0,0.0705012519727812
659,1,-0.200108174454159
660,0,0.21059335886613
661,1,0.0737557260619827
662,0,-0.236790298602666
663,0,-0.157010296154558
664,1,-0.391980095341697
665,0,0.29313905652716
666,1,0.165410443457276
667,1,0.132422112404419
668,0,-0.229170201434638
669,1,-0.0618457021946733
670,0,-0.175351550489482
671,0,-0.301839257744784
672,1,0.258773137482662
673,0,-0.0534455714276365
674,1,-0.0984952632525266
675,1,-0.156106710840211
676,0,-0.203237580226845
677,1,0.0642602664930115
678,1,0.394709499030094
679,1,-0.0531550339321413
680,0,0.321281382206307
681,1,-0.120829939133806
682,1,0.20594969149642
683,0,0.150432817586037
684,0,-0.134068659575074
685,0,-0.00444164093904166
686,1,0.18130500356042
687,1,0.071819015705151
688,0,-0.101300627205344
689,0,-0.0972232046315807
690,0,-0.170905455468469
691,1,-0.072274396702527
692,0,-0.185956013067838
693,0,0.112614767584704
694,0,0.251671435377936
695,1,-0.154800562794503
696,0,-0.0265752754807346
697,0,0.137567546901885
698,1,-0.158410377902465
699,0,-0.277985554611178
700,0,0.0564445825371876
701,0,0.0256166761063585
702,0,0.202124110782469
703,0,0.154967120856521
704,0,0.126521542585276
705,0,-0.318342428120489
706,0,0.024569865297374
707,1,-0.0530611002299426
708,1,0.240336807632771
709,0,0.0414881537578024
710,1,0.154910865784504
711,1,-0.00317298514151453
712,0,-0.130021054703237
713,1,-0.0101457756295178
714,0,-0.166963289503895
715,0,0.0365306283120848
716,0,-0.211895685398723
717,1,-0.223578002772838
718,1,0.0050887947183368
719,0,-0.177590636208839
720,0,-0.00153205574820729
721,1,0.369744824250089
722,1,-0.0161895247471354
723,0,-0.326809234058599
724,0,-0.242310505203034
725,0,0.145030712837469
726,1,0.160721398204711
727,0,0.110368672389605
728,0,0.206144003136428
729,1,-0.00874404430725361
730,1,-0.15525596032756
731,0,0.12848644356126
732,1,-0.161864528673253
733,0,-0.0795104207305176
734,0,-0.230505257585829
735,1,0.0363858524423094
736,0,-0.0102786719849122
737,1,0.172508909149275
738,0,-0.0481845202349481
739,0,-0.204831719519972
740,1,0.129675960160182
741,0,0.0740651109002497
742,1,-0.193686227253776
743,1,0.0444939648041239
744,0,-0.00402514846338686
745,0,-0.0359837532274551
746,1,-0.142909209513977
747,0,0.0084301930339957
748,1,-0.219916395432805
749,0,-0.161263983204708
750,1,0.332695813633351
751,1,0.0254408329509911
752,0,0.0656361674499185
753,0,0.0966647449807376
754,1,0.273050475840979
755,1,-0.205832601211046
756,1,0.20236894316654
757,1,0.213068021536692
758,0,-0.0902910263711295
759,1,0.0763243224347441
760,0,0.0621586833399682
761,1,0.0892687323175011
762,0,-0.0556770385298346
763,1,0.169001001221698
764,1,-0.0229898651702588
765,1,0.0813376134954991
766,1,-0.0118852177097783
767,0,0.238717723866149
768,0,-0.0492574515832466
769,0,-0.178899098312179
770,0,-0.157275225465065
771,1,-0.0826617970104826
772,1,0.200669000389765
773,1,-0.206871929035752
774,0,0.0778813899851709
775,0,0.0254674269988423
776,0,-0.195644077106668
777,1,-0.185391899970387
778,1,0.233554328689556
779,1,-0.0547671082230218
780,1,0.247212498243041
781,0,-0.11372823702908
782,1,0.104139302596497
783,0,0.114984265573519
784,1,-0.109821797304976
785,0,-0.330360554944311
786,0,-0.111562959196785
787,0,-0.0719155048011199
788,1,0.0515857007965453
789,0,-0.204712774015554
790,1,-0.033605637835893
791,0,-0.0394324813608713
792,0,-0.239555993815587
793,1,-0.0057871171892887
794,0,0.0945158199005636
795,1,0.230630782914814
796,0,-0.09769722732704
797,0,-0.263676263075407
798,0,0.0277965501171356
799,1,0.120466177780998
800,1,0.122857841417067
801,1,0.109245376975005
802,1,-0.303380656769371
803,0,-0.0627873740032841
804,1,0.203971715828391
805,0,0.072399922031512
806,0,-0.0118587930983383
807,1,0.00422620633865457
808,1,0.12325846704177
809,1,0.248329814881907
810,0,0.0254222077885889
811,1,-0.00164234220252776
812,0,-0.0135665353241515
813,0,0.286605410063236
814,0,0.00583221541323122
815,1,0.125220131605028
816,1,-0.163741433075422
817,1,0.322829790706636
818,1,-0.142381017774782
819,1,0.18012037294858
820,0,-0.14966376166576
821,0,0.178535336959371
822,1,-0.0596937647082595
823,1,0.0811976660170127
824,1,-0.159733564272207
825,0,-0.211496181269764
826,0,-0.0844175918428648
827,1,-0.258008909953674
828,0,-0.0529873739357777
829,1,-0.065591945384907
830,1,-0.273329349199713
831,0,-0.13911470581855
832,0,-0.121285336666863
833,1,-0.103439656410406
834,0,-0.25007029575476
835,1,0.0163285566732767
836,0,-0.0884434213252076
837,1,0.0840724972998093
838,0,-0.10460334264397
839,1,-0.0319156322827212
840,1,-0.180745053783745
841,1,0.0588629901357332
842,0,0.0314938836976386
843,0,-0.0568159767888999
844,0,0.16234517284063
845,0,-0.0952424290047501
846,0,-0.0941858504085732
847,1,0.135587481182711
848,0,0.485223192138041
849,1,-0.00896090825254234
850,1,0.15674751962704
851,1,-0.0421221459549282
852,1,-0.087932995147354
853,0,0.0808161514558818
854,0,-0.145549935609603
855,1,-0.225281054129355
856,0,-0.142039015275786
857,0,-0.151399430683006
858,1,0.214173314624815
859,1,0.169468014441416
860,1,-0.119220156996214
861,0,0.0368599167851193
862,1,-0.112571338090887
863,0,-0.112589298770015
864,0,-0.245372871228261
865,1,0.158004475079529
866,0,0.105408124804717
867,0,0.0552373003769236
868,1,0.00476164431872761
869,0,0.124824836221227
870,1,0.0972894423515834
871,0,0.145515018476009
872,0,0.084600689039005
873,0,-0.175802252604429
874,1,0.00702550507516848
875,1,0.124310425304701
876,0,0.0749126250001756
877,1,0.172264076765204
878,1,0.298074816316315
879,0,0.0320043098754921
880,0,-0.240230393367359
881,0,-0.0333887322432537
882,1,-0.0376968123436262
883,0,-0.11085362975277
884,1,-0.0915946024873872
885,1,-0.334182362595247
886,0,0.0408230558350609
887,0,-0.209758151998724
888,1,0.255072567489433
889,1,0.128069951085605
890,1,-0.187494151383737
891,0,0.138480713621424
892,0,-0.0123017101854331
893,0,0.0734201387926453
894,0,0.170980626464084
895,1,-0.240842552696449
896,0,0.208262503509942
897,1,0.0138025711139431
898,1,-0.0918921494586238
899,1,-0.248449562413782
900,1,-0.00863099954148212
901,1,0.0834111724400832
902,0,0.161910914803633
903,1,-0.176333016273076
904,0,0.135095456160774
905,1,-0.119521477030466
906,0,0.0110781526118485
907,0,-0.0374708167976135
908,0,-0.0385817308482195
909,1,-0.232156744739625
910,0,0.0198120068003116
911,0,-0.00338667026987063
912,0,0.00909529095673721
913,1,0.0778727309350732
914,1,0.0739499801061975
915,1,0.351341112060927
916,0,-0.369989640098479
917,0,-0.187548544433959
918,1,0.237434273565029
919,0,-0.0591257666632508
920,1,-0.0617617026903598
921,1,0.311071940786237
922,0,-0.275584787671192
923,1,-0.125680398589487
924,0,0.0422476712839132
925,1,0.0288959060768741
926,1,-0.182395390553096
927,0,0.148262046879177
928,1,-0.0148057541039988
929,1,0.0321410209412526
930,1,0.276388917520075
931,1,-0.118139610056475
932,0,0.190256172732862
933,0,-0.159575656114593
934,1,0.0317821290398454
935,1,0.169094270440622
936,0,0.0852370020965117
937,0,-0.0589067646445368
938,1,-0.119253760519807
939,0,-0.00948768718251761
940,0,0.148074843958055
941,1,-0.0108421168220569
942,0,0.1329465310806
943,1,-0.241787460917785
944,1,-0.249020726634325
945,1,-0.17599491467008
946,1,-0.270790583287528
947,1,0.0546738555397788
948,0,0.0407328951958776
949,0,0.0751348058358223
950,0,0.160760360857907
951,0,0.0198579359182216
952,1,-0.0478169692834431
953,0,0.187297383593103
954,1,-0.301322486574464
955,0,0.0292346721631441
956,0,-0.0686645815945642
957,0,0.00831065114680931
958,0,0.173665808087468
959,1,0.156100382383426
960,1,0.364086618677523
961,1,-0.0801848202822888
962,0,0.0198579359182216
963,0,-0.00349695672419111
964,0,-0.160006099441224
965,0,-0.12026511990573
966,1,0.192248786226723
967,1,0.0295142584552532
968,1,-0.0763545903463914
969,0,0.000231325786915038
970,1,0.0949267157096976
971,1,0.0571685978293148
972,1,-0.193491973209561
973,0,0.319984620448005
974,1,0.0679624860605969
975,0,-0.0126568290238249
976,0,-0.142389651143505
977,0,-0.196145911563148
978,1,-0.211511781695096
979,0,0.373877761369819
980,0,0.151946305767635
981,1,-0.537202216068416
982,0,-0.0317696484766319
983,1,0.0668923592199132
984,0,-0.238516665990881
985,1,0.12130077386664
986,1,-0.051300419410478
987,1,-0.3764939053144
988,1,0.28015151346243
989,0,-0.0719192778641353
990,1,-0.146871472404988
991,0,0.215278863633842
992,1,-0.118862279846371
993,0,-0.0374675803848875
994,1,-0.158279089474077
995,0,0.0693741834951655
996,1,0.18205029601004
997,1,0.269953687729022
998,1,0.0282308081541326
999,1,0.186942264754711
1000,1,-0.165753647089836
