Subj,Class,risk_1d
1,1,1.815
2,0,-4.715
3,1,-7.058
4,1,16.488
5,0,4.715
6,1,0
7,1,4.715
8,1,0
9,1,16.488
10,0,0
11,1,-7.615
12,0,-16.488
13,0,4.715
14,1,4.715
15,0,4.715
16,1,0
17,1,16.488
18,0,-7.058
19,0,-2.9
20,1,4.715
21,0,4.715
22,0,-7.058
23,0,-7.058
24,0,7.058
25,1,4.715
26,1,13.588
27,0,16.488
28,1,-7.615
29,1,0
30,0,-7.058
31,1,-16.488
32,1,-7.615
33,1,16.488
34,0,4.715
35,1,8.873
36,1,-14.673
37,0,4.715
38,0,-14.673
39,0,0
40,1,7.058
41,1,-7.058
42,1,-4.715
43,1,1.815
44,0,-9.958
45,1,-4.715
46,1,-16.488
47,0,-16.488
48,0,13.588
49,1,-4.715
50,0,4.158
51,0,-7.058
52,1,-19.388
53,0,4.715
54,0,11.773
55,0,4.715
56,0,-14.673
57,0,-16.488
58,0,-7.058
59,0,-2.9
60,1,4.715
61,0,16.488
62,1,4.158
63,1,-19.388
64,0,-11.773
65,1,4.715
66,0,13.588
67,0,4.715
68,1,-7.615
69,0,16.488
70,0,1.815
71,0,16.488
72,0,-14.673
73,0,4.158
74,1,16.488
75,0,8.873
76,1,-11.773
77,0,-16.488
78,1,-7.058
79,1,1.815
80,0,-7.058
81,1,4.715
82,0,7.058
83,0,-2.9
84,0,-4.715
85,0,0
86,0,-14.673
87,1,-4.715
88,1,16.488
89,0,0
90,0,-16.488
91,1,-4.715
92,0,1.815
93,0,7.058
94,1,13.588
95,1,-16.488
96,0,-7.058
97,0,13.588
98,0,16.488
99,1,0
100,1,-4.715
101,0,-7.058
102,0,-7.058
103,0,-4.715
104,1,7.058
105,1,-7.058
106,1,-4.715
107,1,4.715
108,0,1.815
109,1,4.715
110,0,16.488
111,0,-4.715
112,1,-9.958
113,0,0
114,0,4.715
115,1,-14.673
116,0,11.773
117,0,-7.615
118,1,-7.615
119,1,13.588
120,1,4.715
121,0,-4.715
122,0,4.715
123,0,4.715
124,1,-19.388
125,1,16.488
126,1,-7.058
127,1,11.773
128,1,1.815
129,0,13.588
130,0,-7.615
131,0,16.488
132,1,0
133,0,-4.715
134,0,-2.9
135,1,4.715
136,0,4.715
137,1,16.488
138,1,1.815
139,1,1.815
140,1,-16.488
141,0,-4.715
142,0,-4.715
143,1,-11.773
144,1,16.488
145,0,-16.488
146,1,0
147,1,-2.9
148,1,1.815
149,0,4.715
150,1,7.058
151,0,0
152,0,0
153,0,0
154,1,4.715
155,1,11.773
156,0,11.773
157,1,7.058
158,1,-7.058
159,0,-9.958
160,1,8.873
161,1,4.715
162,1,-14.673
163,1,7.058
164,1,7.058
165,1,13.588
166,1,-7.058
167,1,1.815
168,1,1.815
169,1,-11.773
170,0,0
171,0,-7.615
172,1,13.588
173,0,-9.958
174,1,4.715
175,0,-4.715
176,1,-2.9
177,1,-16.488
178,0,-4.715
179,1,-7.058
180,1,11.773
181,1,1.815
182,0,-4.715
183,1,16.488
184,0,0
185,1,-19.388
186,0,4.715
187,1,0
188,0,-14.673
189,0,-7.058
190,1,11.773
191,0,4.715
192,1,7.058
193,1,0
194,0,-19.388
195,1,-9.958
196,1,-7.058
197,1,-9.958
198,0,-4.715
199,0,-19.388
200,0,16.488
201,0,-7.058
202,1,16.488
203,0,16.488
204,0,13.588
205,0,11.773
206,1,13.588
207,0,-14.673
208,1,-4.715
209,0,-7.615
210,0,-7.058
211,1,-16.488
212,0,4.158
213,1,4.715
214,1,-7.058
215,1,-7.058
216,1,-4.715
217,1,11.773
218,0,-7.615
219,0,-4.715
220,0,1.815
221,0,4.715
222,0,-7.058
223,0,4.715
224,0,4.715
225,0,-2.9
226,1,0
227,0,4.715
228,1,-16.488
229,1,-4.715
230,0,-7.058
231,0,-4.715
232,0,16.488
233,1,4.715
234,0,4.715
235,1,4.715
236,1,4.715
237,0,16.488
238,1,4.158
239,1,-4.715
240,1,11.773
241,0,11.773
242,1,16.488
243,0,4.715
244,1,13.588
245,1,-11.773
246,0,0
247,1,-16.488
248,1,16.488
249,0,-14.673
250,0,-7.058
251,0,4.715
252,0,16.488
253,1,4.715
254,0,-4.715
255,0,1.815
256,1,-2.9
257,0,11.773
258,1,7.058
259,1,-7.058
260,0,-9.958
261,0,0
262,1,7.058
263,1,1.815
264,1,-14.673
265,1,-7.058
266,0,-7.058
267,0,-2.9
268,1,-19.388
269,0,-9.958
270,1,-11.773
271,0,-16.488
272,0,1.815
273,0,4.715
274,1,0
275,1,4.715
276,0,4.715
277,0,4.715
278,1,-4.715
279,1,16.488
280,1,16.488
281,0,-11.773
282,0,-4.715
283,0,1.815
284,1,-7.058
285,1,0
286,1,-14.673
287,1,1.815
288,0,4.715
289,1,16.488
290,1,16.488
291,1,4.715
292,0,16.488
293,0,-7.058
294,0,-7.058
295,1,-4.715
296,1,-14.673
297,0,-11.773
298,0,-4.715
299,1,4.715
300,0,-7.058
301,1,4.715
302,0,-16.488
303,0,4.715
304,0,4.715
305,1,4.715
306,1,-9.958
307,1,-9.958
308,0,0
309,1,11.773
310,1,4.715
311,0,4.715
312,1,-4.715
313,1,4.715
314,0,-7.058
315,1,0
316,0,0
317,0,4.715
318,1,13.588
319,1,4.715
320,1,-7.615
321,0,16.488
322,0,8.873
323,1,0
324,0,0
325,1,4.715
326,0,11.773
327,0,0
328,1,4.715
329,1,4.715
330,1,-9.958
331,0,1.815
332,1,16.488
333,1,11.773
334,1,16.488
335,0,-9.958
336,0,-7.058
337,1,11.773
338,1,0
339,1,4.715
340,0,-11.773
341,0,0
342,0,-4.715
343,0,-16.488
344,1,1.815
345,1,-7.058
346,1,-9.958
347,1,-4.715
348,0,1.815
349,0,4.715
350,0,-7.058
351,1,-4.715
352,1,-2.9
353,1,4.715
354,0,-4.715
355,0,13.588
356,0,-2.9
357,1,-11.773
358,0,4.158
359,1,11.773
360,0,7.058
361,0,7.058
362,1,4.715
363,0,4.715
364,1,7.058
365,0,0
366,1,1.815
367,1,4.715
368,1,4.715
369,0,4.715
370,1,-14.673
371,0,1.815
372,0,0
373,0,4.715
374,1,4.715
375,0,-11.773
376,1,-11.773
377,0,-7.615
378,1,4.715
379,0,0
380,0,1.815
381,0,-7.058
382,1,4.715
383,1,-4.715
384,0,16.488
385,1,-11.773
386,1,4.715
387,1,7.058
388,0,-4.715
389,1,4.715
390,1,0
391,0,0
392,1,0
393,0,-7.058
394,1,-7.058
395,1,11.773
396,1,-4.715
397,0,7.058
398,1,1.815
399,1,-2.9
400,1,-7.615
401,0,-14.673
402,0,16.488
403,1,4.715
404,1,-11.773
405,1,4.715
406,0,-7.058
407,1,-11.773
408,1,-7.615
409,0,-4.715
410,0,-19.388
411,0,-7.615
412,1,0
413,0,4.715
414,0,-9.958
415,1,16.488
416,1,4.715
417,0,0
418,1,-16.488
419,1,-2.9
420,1,16.488
421,1,1.815
422,1,-4.715
423,1,4.715
424,1,-11.773
425,1,4.715
426,1,-2.9
427,1,16.488
428,1,0
429,0,4.715
430,0,-9.958
431,0,13.588
432,0,4.715
433,0,0
434,1,-7.058
435,1,0
436,0,-4.715
437,1,-9.958
438,0,0
439,1,4.715
440,0,-2.9
441,1,16.488
442,1,-7.058
443,0,-7.058
444,0,-16.488
445,0,-2.9
446,0,7.058
447,0,-4.715
448,0,-11.773
449,0,0
450,1,4.715
451,0,8.873
452,1,-7.058
453,1,4.715
454,1,4.715
455,1,11.773
456,0,11.773
457,0,-4.715
458,1,-4.715
459,1,-19.388
460,0,11.773
461,0,-7.615
462,1,-16.488
463,0,8.873
464,0,-4.715
465,0,-4.715
466,1,7.058
467,0,8.873
468,1,-7.058
469,0,8.873
470,1,1.815
471,1,-2.9
472,0,0
473,0,1.815
474,1,4.158
475,1,7.058
476,1,-4.715
477,0,1.815
478,1,-4.715
479,0,0
480,1,13.588
481,1,-7.058
482,0,0
483,1,1.815
484,1,0
485,1,-7.058
486,0,-9.958
487,1,-2.9
488,1,-2.9
489,0,13.588
490,1,4.715
491,0,-9.958
492,1,4.715
493,0,-4.715
494,1,0
495,0,4.715
496,1,-4.715
497,1,4.715
498,0,-7.058
499,0,0
500,0,-7.058
