Subj,Class,risk_1d
1,0,-3.862
2,1,6.424
3,1,14.148
4,1,0
5,1,5.694
6,1,14.148
7,1,10.286
8,1,5.694
9,1,4.227
10,1,-10.286
11,1,1.832
12,1,9.921
13,1,6.424
14,1,14.148
15,1,-14.148
16,1,-2.03
17,1,3.862
18,1,2.03
19,1,6.059
20,1,-10.286
21,1,-2.03
22,1,1.832
23,1,5.694
24,1,5.694
25,1,9.921
26,1,-8.089
27,1,8.089
28,1,-6.059
29,1,-2.197
30,1,6.059
31,1,-2.03
32,1,6.424
33,1,2.197
34,1,4.227
35,1,2.197
36,1,-5.694
37,1,-8.089
38,1,-9.921
39,1,-8.089
40,1,-2.03
41,1,6.059
42,1,-2.03
43,1,-0.365
44,1,0
45,1,0.365
46,1,1.832
47,1,-2.197
48,1,2.197
49,1,-9.921
50,1,10.286
51,1,1.832
52,1,4.227
53,1,-10.286
54,1,1.832
55,1,-8.089
56,1,-2.03
57,1,5.694
58,1,10.286
59,1,6.059
60,1,6.424
61,1,5.694
62,1,-5.694
63,1,-3.862
64,1,-6.424
65,1,6.424
66,1,2.197
67,1,0.365
68,1,5.694
69,1,6.424
70,1,-10.286
71,1,-3.862
72,1,2.197
73,1,6.424
74,1,0.365
75,1,-2.03
76,1,6.424
77,1,14.148
78,1,-2.03
79,1,2.197
80,1,6.059
81,1,-1.832
82,1,-14.148
83,1,2.197
84,1,-14.148
85,1,-9.921
86,0,6.059
87,0,0.365
88,0,-14.148
89,1,-9.921
90,0,6.424
91,0,0
92,0,1.832
93,1,-0.365
94,0,9.921
95,0,5.694
96,0,-2.197
97,0,-3.862
98,1,-14.148
99,0,10.286
100,1,5.694
101,1,5.694
102,1,2.197
103,1,2.197
104,1,-6.424
105,1,1.832
106,1,14.148
107,1,-10.286
108,1,3.862
109,1,6.424
110,1,6.424
111,1,0.365
112,1,0
113,1,2.197
114,1,1.832
115,1,-14.148
116,1,-14.148
117,1,5.694
118,1,-1.832
119,1,0.365
120,1,-8.089
121,1,2.197
122,1,-3.862
123,1,6.059
124,1,-0.365
125,1,1.832
126,1,5.694
127,1,2.197
128,1,-5.694
129,1,1.832
130,1,-3.862
131,1,-2.197
132,1,-5.694
133,1,-2.03
134,1,0.365
135,1,-2.03
136,1,-9.921
137,1,-0.365
138,1,0
139,1,-0.365
140,1,-10.286
141,1,-14.148
142,1,-2.03
143,1,-4.227
144,1,-14.148
145,1,10.286
146,1,5.694
147,1,-0.365
148,1,1.832
149,1,14.148
150,1,6.424
151,1,-2.03
152,1,8.089
153,1,-3.862
154,1,10.286
155,1,1.832
156,1,-6.424
157,1,-4.227
158,1,-8.089
159,1,5.694
160,1,-9.921
161,1,9.921
162,1,14.148
163,1,-8.089
164,1,-8.089
165,1,9.921
166,1,-8.089
167,1,1.832
168,1,-8.089
169,1,14.148
170,1,6.424
171,1,2.197
172,1,6.424
173,1,3.862
174,1,6.424
175,1,9.921
176,1,1.832
177,1,2.197
178,1,2.197
179,1,6.424
180,1,-5.694
181,1,6.059
182,1,-2.03
183,1,-4.227
184,1,2.197
185,1,-3.862
186,1,6.424
187,1,-14.148
188,1,3.862
189,1,-0.365
190,1,5.694
191,1,2.197
192,1,-10.286
193,1,6.059
194,1,6.059
195,1,-14.148
196,1,-9.921
197,1,9.921
198,1,-1.832
199,1,4.227
200,1,-2.03
201,1,5.694
202,1,-14.148
203,1,-0.365
204,1,9.921
205,1,0.365
206,1,-10.286
207,1,-2.03
208,1,0.365
209,1,-2.03
210,1,-14.148
211,1,2.03
212,1,-9.921
213,1,-9.921
214,1,-8.089
215,1,6.424
216,1,6.424
217,1,-9.921
218,1,-2.03
219,1,-4.227
220,1,14.148
221,1,0.365
222,1,-8.089
223,1,-2.03
224,1,2.197
225,1,-8.089
226,1,0.365
227,1,5.694
228,1,-5.694
229,1,6.424
230,1,-2.03
231,1,5.694
232,1,-8.089
233,1,-4.227
234,1,-8.089
235,1,-4.227
236,1,-1.832
237,1,2.03
238,1,3.862
239,0,2.197
240,0,6.424
241,0,4.227
242,0,-2.03
243,0,-8.089
244,0,1.832
245,0,-3.862
246,0,-4.227
247,0,-14.148
248,0,0.365
249,0,6.059
250,0,6.424
251,0,6.424
252,0,-6.424
253,0,6.424
254,1,-9.921
255,0,-14.148
256,0,1.832
257,0,-2.03
258,0,1.832
259,0,-8.089
260,0,8.089
261,0,-8.089
262,0,-6.424
263,0,5.694
264,0,-2.03
265,0,-3.862
266,0,-8.089
267,0,-3.862
268,0,-1.832
269,0,10.286
270,0,8.089
271,0,-8.089
272,0,6.424
273,1,-5.694
274,0,-3.862
275,0,-2.03
276,0,-2.03
277,0,-2.03
278,0,-6.424
279,0,-2.03
280,0,-0.365
281,0,2.197
282,0,-9.921
283,0,-1.832
284,0,5.694
285,0,-4.227
286,0,6.059
287,0,4.227
288,0,0
289,0,2.197
290,0,3.862
291,0,-2.03
292,0,6.424
293,0,3.862
294,0,-2.03
295,0,10.286
296,0,-2.197
297,0,6.059
298,0,-4.227
299,0,-8.089
300,1,-14.148
301,1,-9.921
302,0,2.197
303,0,3.862
304,0,0.365
305,0,2.197
306,1,-14.148
307,0,-3.862
308,0,1.832
309,0,10.286
310,0,2.197
311,0,3.862
312,0,-2.03
313,0,8.089
314,0,-2.03
315,0,-3.862
316,0,2.197
317,0,9.921
318,1,-14.148
319,0,-5.694
320,0,-8.089
321,0,-1.832
322,0,-3.862
323,0,0.365
324,0,6.424
325,0,-2.03
326,0,9.921
327,0,6.424
328,0,-6.059
329,0,-9.921
330,0,5.694
331,0,2.197
332,0,-6.424
333,0,-6.424
334,0,-0.365
335,0,2.197
336,0,3.862
337,0,-2.03
338,0,9.921
339,0,-4.227
340,0,2.197
341,0,6.424
342,0,1.832
343,0,1.832
344,0,1.832
345,0,-9.921
346,0,-3.862
347,0,-3.862
348,1,-14.148
349,0,-2.03
350,0,-8.089
351,0,-2.03
352,0,6.424
353,0,2.197
354,0,-14.148
355,0,2.197
356,0,-1.832
357,0,-6.424
358,0,-6.424
359,0,-8.089
360,0,1.832
361,1,-9.921
362,0,-2.03
363,0,2.197
364,0,9.921
365,0,-2.03
366,0,0
367,0,6.059
368,0,2.03
369,1,-5.694
370,0,-8.089
371,0,14.148
372,1,-9.921
373,1,-5.694
374,0,6.059
375,0,-2.03
376,0,-2.03
377,1,-9.921
378,0,-4.227
379,1,-14.148
380,0,0.365
381,0,5.694
382,0,-4.227
383,0,0
384,0,14.148
385,0,-2.03
386,0,-2.03
387,0,-2.03
388,0,-10.286
389,0,-2.03
390,0,10.286
391,0,9.921
392,0,2.197
393,0,10.286
394,0,-6.424
395,0,-0.365
396,0,-10.286
397,0,6.424
398,0,-8.089
399,0,9.921
400,0,-10.286
401,1,-9.921
402,0,3.862
403,0,-0.365
404,0,-5.694
405,0,1.832
406,0,0
407,0,1.832
408,0,0.365
409,0,-8.089
410,0,-2.03
411,0,-2.03
412,0,6.424
413,0,-2.03
414,0,-5.694
415,0,0.365
416,0,-8.089
417,0,-2.03
418,0,-4.227
419,0,6.059
420,0,-8.089
421,0,6.059
422,0,-10.286
423,0,14.148
424,0,-0.365
425,0,1.832
426,1,-14.148
427,1,-14.148
428,0,8.089
429,0,-4.227
430,0,6.424
431,0,-10.286
432,0,2.197
433,0,2.197
434,0,-4.227
435,0,5.694
436,0,0
437,0,-3.862
438,0,0.365
439,1,-14.148
440,0,-6.424
441,0,-2.03
442,0,-2.03
443,0,1.832
444,0,-2.03
445,0,-4.227
446,0,14.148
447,0,-2.03
448,0,-1.832
449,0,2.197
450,0,-5.694
451,0,0
452,0,10.286
453,0,-3.862
454,0,0.365
455,0,5.694
456,0,-10.286
457,0,2.197
458,0,-6.424
459,0,-8.089
460,1,-9.921
461,0,-3.862
462,0,-0.365
463,0,-8.089
464,0,-2.03
465,0,-0.365
466,0,-2.03
467,0,1.832
468,0,0.365
469,0,4.227
470,1,-9.921
471,0,2.03
472,0,-2.03
473,0,5.694
474,0,6.424
475,0,5.694
476,0,14.148
477,0,-9.921
478,0,10.286
479,0,5.694
480,0,-8.089
481,0,2.197
482,0,-1.832
483,0,2.197
484,0,2.03
485,0,-10.286
486,0,10.286
487,0,-4.227
488,0,-9.921
489,0,-2.03
490,0,2.197
491,0,4.227
492,0,6.059
493,0,-2.03
494,0,0.365
495,0,-2.03
496,0,2.03
497,0,-2.03
498,0,2.197
499,0,2.03
500,1,6.424
