Subj,Class,risk_2d
1,0,-472.71
2,1,483.344
3,0,-463.943
4,1,429.488
5,0,-444.322
6,1,469.517
7,0,-450.345
8,0,-455.674
9,1,444.556
10,0,-465.687
11,0,-460.183
12,1,431.171
13,0,-446.041
14,1,492.505
15,1,461.285
16,0,-456.332
17,1,497.943
18,1,461.191
19,0,-487.291
20,0,-455.446
21,1,462.328
22,0,-457.227
23,0,-464.317
24,1,474.908
25,1,451.307
26,0,-467.071
27,1,461.357
28,1,479.079
29,1,459.889
30,1,488.748
31,0,-471.09
32,1,458.253
33,0,-453.946
34,1,423.595
35,0,-448.355
36,1,469.772
37,1,463.893
38,1,458.994
39,1,442.971
40,1,486.69
41,1,448.386
42,0,-465.248
43,0,-458.148
44,0,-468.01
45,0,-455.462
46,1,436.398
47,1,446.03
48,0,-460.512
49,1,451.398
50,1,437.364
51,1,471.972
52,0,-450.751
53,0,-456.106
54,1,462.542
55,1,460.825
56,1,488.976
57,1,466.479
58,0,-460.207
59,0,-458.462
60,0,-455.194
61,0,-467.436
62,0,-442.784
63,0,-433.005
64,0,-449.671
65,0,-480.079
66,1,439.623
67,1,424.633
68,0,-434.011
69,0,-482.384
70,1,434.671
71,1,445.842
72,0,-473.72
73,0,-444.605
74,1,438.734
75,0,-436.302
76,0,-451.555
77,1,465.179
78,0,-434.591
79,1,474.229
80,0,-426.242
81,1,469.504
82,1,470.157
83,1,443.959
84,1,437.649
85,1,473.068
86,0,-470.691
87,1,460.722
88,0,-445.855
89,1,451.576
90,0,-470.196
91,0,-454.162
92,0,-450.052
93,0,-449.314
94,1,447.656
95,0,-444.666
96,0,-420.495
97,0,-493.284
98,0,-449.207
99,1,436.496
100,0,-447.56
101,1,448.671
102,0,-443.841
103,0,-455.35
104,0,-446.789
105,0,-471.418
106,1,426.717
107,1,450.326
108,1,456.354
109,1,452.402
110,0,-471.362
111,0,-451.914
112,0,-443.205
113,0,-460.892
114,0,-471.863
115,0,-459.863
116,0,-457.729
117,0,-486.722
118,0,-448.769
119,1,462.221
120,1,460.002
121,0,-449.795
122,1,451.638
123,1,471.723
124,0,-462.725
125,0,-447.354
126,1,442.005
127,0,-455.907
128,1,440.159
129,1,491.79
130,1,-425.854
131,1,464.209
132,0,-455.194
133,1,439.325
134,1,461.72
135,1,410.53
136,1,481.794
137,1,-439.943
138,0,-465.693
139,1,450.803
140,1,440.532
141,1,470.517
142,0,-465.184
143,0,-462.004
144,1,421.69
145,1,469.314
146,0,-440.142
147,1,469.916
148,0,-434.452
149,0,-443.615
150,0,-468.633
151,0,-495.676
152,0,-464.785
153,0,-458.52
154,0,-449.336
155,1,466.792
156,1,-441.961
157,1,-451.772
158,1,-473.034
159,1,479.57
160,0,-472.245
161,0,-459.815
162,1,464.948
163,1,435.196
164,1,462.048
165,1,468.228
166,1,-442.183
167,1,-451.411
168,0,-435.297
169,0,-464.032
170,0,-470.598
171,1,480.653
172,0,-478.904
173,0,-465.619
174,0,-457.082
175,0,-458.656
176,0,-464.172
177,1,464.171
178,0,-478.842
179,1,468.525
180,0,-462.831
181,0,-445.662
182,0,-450.6
183,1,442.72
184,0,-457.291
185,1,484.17
186,0,-439.366
187,0,-454.478
188,1,426.682
189,0,-447.56
190,0,-444.214
191,0,-441.307
192,1,430.838
193,1,471.383
194,1,463.638
195,1,460.185
196,1,484.918
197,1,453.69
198,0,-475.94
199,0,-447.89
200,0,-442.907
201,0,-466.512
202,1,474.087
203,1,436.526
204,0,-471.72
205,0,-465.787
206,0,-444.275
207,0,-445.661
208,0,-457.537
209,0,-456.68
210,0,-454.437
211,1,418.289
212,0,-469.534
213,1,450.935
214,0,-449.891
215,1,425.774
216,1,450.175
217,1,443.264
218,0,-434.011
219,0,-433.62
220,1,416.585
221,1,468.558
222,0,-459.444
223,0,-450.212
224,0,-435.802
225,0,-443.615
226,0,-463.558
227,1,478.238
228,0,-452.515
229,0,-451.261
230,0,-469.173
231,1,461.251
232,0,-501.59
233,1,492.253
234,1,454.162
235,0,-431.062
236,1,436.756
237,1,457.651
238,0,-455.817
239,1,441.829
240,0,-455.173
241,0,-453.69
242,0,-468.084
243,0,-470.196
244,0,-471.857
245,0,-447.449
246,1,457.283
247,1,413.664
248,0,-474.516
249,1,438.01
250,0,-438.664
251,0,-438.664
252,1,465.587
253,1,448.24
254,1,424.831
255,1,452.957
256,1,465.587
257,0,-472.585
258,1,445.744
259,0,-477.111
260,1,462.756
261,1,437.396
262,1,458.117
263,0,-487.504
264,1,415.7
265,0,-473.556
266,0,-446.068
267,1,450.193
268,1,457.095
269,1,448.175
270,0,415.858
271,1,466.274
272,0,-458.502
273,1,439.511
274,0,-447.808
275,1,468.785
276,1,448.386
277,1,462.998
278,0,-425.638
279,0,-453.147
280,0,-425.039
281,0,-461.021
282,0,-475.636
283,1,465.875
284,1,454.22
285,0,-448.13
286,0,-471.757
287,1,457.604
288,1,478.616
289,1,441.669
290,1,488.904
291,0,-486.944
292,1,455.071
293,0,-442.784
294,0,-454.478
295,1,447.276
296,1,433.278
297,1,471.076
298,1,475.748
299,1,441.322
300,1,439.528
301,1,451.343
302,1,464.525
303,0,-434.77
304,0,-476.389
305,0,-446.998
306,0,-469.618
307,1,466.733
308,0,-443.798
309,0,-451.225
310,0,-461.172
311,0,-441.966
312,1,454.694
313,0,-452.515
314,0,-474.152
315,0,-475.009
316,1,446.134
317,1,443.281
318,0,-483.918
319,0,-465.714
320,1,464.078
321,0,-451.826
322,0,-443.262
323,1,461.114
324,0,-449.487
325,1,445.464
326,0,-487.855
327,0,-478.216
328,1,447.816
329,0,-482.704
330,0,-478.474
331,1,454.311
332,1,467.081
333,0,-457.916
334,0,-471.618
335,1,453.302
336,0,-454.848
337,0,-419.009
338,0,-479.383
339,0,-444.275
340,0,-458.03
341,0,-448.355
342,0,-456.947
343,1,460.938
344,1,449.259
345,1,449.278
346,1,454.006
347,1,455.573
348,0,-435.771
349,1,455.056
350,0,-480.925
351,1,457.906
352,0,-475.918
353,1,473.685
354,1,449.946
355,1,437.069
356,1,474.157
357,1,468.583
358,1,451.421
359,0,-468.962
360,0,-461.503
361,0,-443.886
362,0,-461.783
363,0,-452.822
364,1,461.503
365,1,468.35
366,1,443.959
367,1,436.545
368,1,475.076
369,0,-462.668
370,1,434.836
371,0,-460.18
372,0,-470.196
373,0,-444.275
374,0,-448.84
375,0,-454.8
376,0,-459.514
377,0,-455.394
378,1,472.81
379,0,-447.113
380,1,463.672
381,1,426.384
382,1,438.164
383,0,-445.189
384,1,454.247
385,1,435.096
386,1,463.177
387,0,-471.621
388,1,468.517
389,1,458.457
390,0,-443.573
391,1,419.645
392,1,415.899
393,1,446.368
394,1,461.345
395,0,-477.856
396,0,-454.006
397,1,453.878
398,0,-465.523
399,1,434.198
400,1,463.177
401,1,490.826
402,1,475.933
403,1,436.67
404,1,462.636
405,1,484.193
406,0,-465.755
407,1,447.147
408,0,-435.84
409,0,-469.94
410,1,449.946
411,1,431.46
412,1,453.212
413,0,-458.578
414,1,442.454
415,0,-477.392
416,1,468.143
417,0,-439.269
418,0,-450.441
419,0,-457.739
420,1,464.653
421,0,-489.08
422,0,-438.243
423,1,464.209
424,0,-474.904
425,1,465.16
426,0,-442.183
427,1,453.69
428,1,435.675
429,1,447.703
430,1,483.633
431,0,-467.144
432,0,-454.006
433,1,450.417
434,1,481.442
435,1,441.51
436,0,-450.062
437,1,471.583
438,0,-458.466
439,1,425.365
440,0,-445.636
441,1,467.017
442,1,471.076
443,1,445.68
444,0,-490.667
445,1,473.946
446,1,463.11
447,0,-468.943
448,0,-459.172
449,0,-462.808
450,1,423.406
451,1,454.006
452,1,448.24
453,0,-463.791
454,0,-448.114
455,1,429.314
456,1,469.352
457,0,-450.273
458,1,474.971
459,1,484.723
460,0,-477.514
461,1,478.176
462,1,472.683
463,0,-465.714
464,1,453.834
465,1,455.797
466,0,-440.752
467,1,473.94
468,0,-451.29
469,0,-450.524
470,0,-473.215
471,0,-461.364
472,1,444.819
473,0,-483.163
474,1,438.625
475,0,-463.533
476,0,-460.303
477,0,-461.681
478,0,-449.873
479,1,460.36
480,0,-493.19
481,1,432.274
482,0,-421.763
483,0,-446.881
484,1,447.362
485,1,460.057
486,0,-439.259
487,1,468.787
488,1,428.091
489,0,-462.846
490,0,-448.382
491,1,448.225
492,1,468.35
493,0,-471.896
494,0,-472.317
495,1,453.545
496,0,-484.76
497,0,-446.155
498,1,443.918
499,1,463.638
500,0,-462.323
