Subj,Class,risk_2d
1,0,46.996
2,1,56.952
3,0,68.624
4,0,-50.551
5,0,37.817
6,1,57.366
7,1,73.145
8,0,58.188
9,0,-52.987
10,0,45.738
11,0,71.804
12,1,75.855
13,1,-35.129
14,0,60.84
15,0,-36.248
16,1,65.726
17,1,-62.31
18,1,42.885
19,0,-42.916
20,0,-53.873
21,1,66.715
22,0,49.197
23,1,16.832
24,1,82.1
25,0,7.19
26,1,18.199
27,1,62.188
28,0,57.448
29,0,24.168
30,0,6.25
31,1,63.883
32,0,-2.606
33,1,34.231
34,0,50.857
35,0,14.013
36,0,-63.588
37,1,73.509
38,1,52.425
39,0,-10.154
40,0,45.745
41,1,28.722
42,1,58.25
43,0,-47.417
44,1,-30.774
45,1,66.604
46,1,62.594
47,0,-36.696
48,1,67.344
49,0,31.003
50,0,41.551
51,1,52.632
52,0,-64.781
53,1,33.217
54,1,-82.294
55,1,86
56,1,60.501
57,0,43.362
58,0,-17.728
59,1,9.72
60,1,17.566
61,1,52.403
62,0,-44.761
63,0,-50.681
64,1,66.505
65,0,-42.948
66,1,39.596
67,1,50.851
68,0,-63.441
69,1,54.575
70,1,53.331
71,1,-48.123
72,0,-56.816
73,0,-43.779
74,0,69.301
75,0,5.593
76,0,-30.25
77,0,-1.507
78,0,49.322
79,1,46.826
80,0,-12.669
81,0,-74.37
82,0,-51.947
83,1,49.406
84,0,-52.951
85,0,27.808
86,1,-68.411
87,0,-2.003
88,0,-60.969
89,0,10.997
90,1,91.507
91,0,-50.171
92,0,59.756
93,0,71.804
94,1,59.138
95,1,75.792
96,0,42.071
97,1,18.199
98,1,56.299
99,0,-46.93
100,0,-55.504
101,1,-32.454
102,0,40.125
103,1,-49.186
104,0,55.727
105,0,-28.72
106,0,-54.487
107,0,-45.312
108,1,36.468
109,1,65.62
110,1,47.736
111,0,100.089
112,1,52.773
113,0,71.08
114,0,46.871
115,0,-57.687
116,0,-48.764
117,0,49.859
118,0,17.484
119,1,78.296
120,0,-58.425
121,0,-51.932
122,0,-8.008
123,1,93.869
124,0,-56.18
125,0,-41.407
126,1,19.517
127,1,63.097
128,0,-25.513
129,0,52.24
130,0,-27.43
131,1,-58.52
132,1,-71.541
133,0,63.506
134,1,-48.197
135,0,10.206
136,1,54.139
137,1,58.576
138,0,-50.692
139,1,55.129
140,1,41.109
141,1,41.841
142,0,-3.749
143,0,82.702
144,0,-34.344
145,1,-14.976
146,1,-54.908
147,1,21.204
148,1,64.902
149,1,6.282
150,0,28.042
151,0,33.087
152,1,84.476
153,0,16.484
154,0,-31.014
155,0,31.461
156,1,-18.054
157,1,-64.159
158,1,39.573
159,0,-38.612
160,0,-54.107
161,1,58.743
162,1,37.598
163,1,-19.49
164,0,-48.513
165,1,55.317
166,1,76.591
167,0,76.811
168,0,-64.329
169,1,-33.723
170,0,68.091
171,0,36.781
172,0,-66.754
173,0,-60.229
174,1,52.83
175,1,60.278
176,0,-62.455
177,1,76.836
178,0,-2.618
179,0,-62.388
180,1,-64.326
181,0,-27.583
182,1,58.743
183,0,82.587
184,0,-71.67
185,0,21.777
186,1,51.544
187,1,51.354
188,1,-30.355
189,0,9.42
190,0,46.871
191,1,58.743
192,0,-51.21
193,0,-82.616
194,1,-30.303
195,1,12.256
196,0,-10.456
197,1,52.634
198,0,-65.927
199,0,-72.808
200,1,32.568
201,1,-15.796
202,1,28.634
203,1,53.102
204,1,-32.454
205,1,45.74
206,0,-54.381
207,1,61.469
208,1,-24.125
209,1,-4.274
210,0,-53.691
211,1,53.921
212,0,-60.229
213,0,-57.206
214,1,8.915
215,0,47.312
216,0,-62.455
217,1,36.945
218,1,48.435
219,0,-73.53
220,0,-62.785
221,1,59.636
222,0,-62.25
223,1,-42.148
224,1,51.707
225,1,-47.952
226,1,-24.125
227,1,38.586
228,0,24.61
229,1,-27.587
230,0,9.731
231,0,-62.161
232,1,5.266
233,0,-51.729
234,1,72.396
235,1,67.115
236,1,66.427
237,1,-13.391
238,0,-69.816
239,1,21.289
240,1,24.236
241,1,11.049
242,1,71.37
243,1,66.118
244,1,51.757
245,1,89.328
246,1,53.762
247,1,11.718
248,1,35.911
249,1,-49.945
250,0,-56.842
251,0,41.551
252,1,-27.815
253,1,-28.711
254,1,-24.599
255,1,38.496
256,0,60.424
257,1,32.695
258,0,31.421
259,0,-39.543
260,0,-40.26
261,1,-15.796
262,1,65.811
263,0,-59.121
264,0,18.762
265,1,-30.995
266,0,-87.607
267,0,31.741
268,1,-24.125
269,1,-62.374
270,0,-50.994
271,1,64.384
272,0,-24.84
273,0,-50.094
274,0,-15.866
275,1,40.27
276,1,56.226
277,1,49.596
278,0,-30.704
279,0,-32.317
280,1,-32.497
281,1,69.432
282,0,-56.832
283,1,-48.012
284,0,-40.335
285,0,-35.438
286,0,45.4
287,0,61.308
288,0,-91.548
289,1,47.186
290,0,75.485
291,1,65.647
292,1,-63.464
293,0,60.84
294,0,42.791
295,1,54.752
296,1,-37.174
297,1,77.604
298,1,-35.634
299,1,-21.72
300,1,6.208
301,1,45.071
302,0,-67.209
303,0,-32.145
304,1,93.004
305,1,2.827
306,0,-63.073
307,1,-59.077
308,0,-67.171
309,1,76.42
310,1,68.335
311,0,-49.945
312,0,-50.797
313,0,-23.113
314,1,79.517
315,1,13.125
316,1,-32.454
317,1,51.707
318,0,-69.992
319,1,37.044
320,1,38.753
321,0,-32.691
322,0,35.145
323,1,46.739
324,0,-27.43
325,0,-10.986
326,1,92.314
327,0,45.879
328,0,41.08
329,0,-9.484
330,1,71.671
331,1,59.96
332,1,12.96
333,0,13.399
334,0,-46.194
335,0,-58.314
336,0,52.643
337,1,42.741
338,0,-17.659
339,1,75.576
340,1,60.91
341,1,76.618
342,0,14.952
343,0,-79.612
344,0,-47.84
345,0,-67.209
346,0,-53.065
347,1,33.465
348,1,-7.789
349,0,-64.729
350,1,12.546
351,1,37.338
352,0,-54.315
353,0,-20.913
354,1,51.963
355,1,-66.926
356,1,57.697
357,0,52.528
358,1,42.885
359,1,55.693
360,0,69.584
361,0,46.682
362,0,-60.069
363,0,-33.888
364,1,-39.641
365,1,43.047
366,1,39.173
367,1,-50.046
368,0,52.895
369,0,-48.594
370,1,-37.827
371,0,43.501
372,0,-71.329
373,0,49.47
374,0,49.231
375,0,-58.732
376,0,55.693
377,0,-61.812
378,1,68.294
379,1,45.255
380,0,-70.5
381,0,76.42
382,1,58.957
383,0,-85.089
384,0,-66.041
385,0,14.079
386,0,-41.407
387,0,-56.52
388,1,37.177
389,0,40.125
390,0,-47.902
391,0,-56.78
392,1,0.798000000000004
393,1,-30.734
394,0,-6.57
395,0,55.561
396,1,-5.997
397,0,36.781
398,1,50.057
399,0,-24.096
400,1,73.952
401,1,-32.454
402,0,24.893
403,0,-60.229
404,0,-43.695
405,0,66.027
406,1,62.113
407,0,36.781
408,0,36.332
409,0,-48.718
410,0,54.939
411,0,6.155
412,1,30.501
413,0,10.303
414,1,22.847
415,1,53.264
416,1,37.295
417,0,-59.605
418,1,45.828
419,0,-51.893
420,1,38.526
421,1,-27.175
422,1,33.089
423,0,88.462
424,0,43.776
425,0,-25.962
426,0,46.915
427,1,-33.784
428,1,45.407
429,0,20.947
430,0,14.85
431,0,-63.307
432,0,-63.554
433,0,-60.229
434,0,-36.983
435,1,-36.739
436,0,36.74
437,1,-28.711
438,0,-41.564
439,1,56.141
440,0,23.681
441,0,-56.889
442,0,-13.912
443,0,-50.175
444,1,59.963
445,1,47.972
446,0,69.883
447,1,-27.005
448,1,-35.092
449,1,-47.425
450,1,47.159
451,0,-8.76
452,0,-65.171
453,0,-19.387
454,0,-35.947
455,0,17.389
456,1,61.866
457,0,-14.181
458,0,-76.725
459,0,-73.585
460,1,60.91
461,1,-5.182
462,1,50.857
463,1,-96.123
464,0,-52.877
465,0,52.565
466,0,-67.209
467,1,36.242
468,1,61.488
469,0,-51.507
470,0,-2.985
471,0,60.674
472,0,-50.191
473,0,65.984
474,1,50.607
475,0,38.497
476,1,45.421
477,1,90.61
478,1,-4.533
479,1,54.964
480,1,52.54
481,0,-42.661
482,0,-56.855
483,1,69.648
484,1,86.073
485,0,-68.385
486,1,86.168
487,1,-36.869
488,1,54.801
489,1,63.176
490,1,36.269
491,0,31.716
492,1,72.347
493,0,1.348
494,0,43.952
495,1,50.889
496,1,14.887
497,0,-60.069
498,1,60.278
499,0,20.047
500,1,78.556
501,0,0.683
502,1,69.039
503,0,-48.715
504,0,27.808
505,0,-39.16
506,1,73.145
507,1,63.736
508,1,-16.138
509,1,71.635
510,1,34.231
511,0,49.109
512,1,-47.269
513,1,-44.767
514,0,-8.76
515,0,-45.396
516,1,60.674
517,0,-55.276
518,0,59.453
519,1,-36.226
520,0,65.984
521,1,47.364
522,0,-45.179
523,0,61.866
524,1,51.823
525,0,-55.209
526,1,-79.84
527,1,43.996
528,0,-52.605
529,0,-71.014
530,0,66.686
531,0,59.384
532,0,-59.707
533,0,44.449
534,0,30.207
535,1,53.786
536,0,44.747
537,1,-27.044
538,1,62.11
539,0,36.781
540,1,19.88
541,1,36.6
542,0,0.791
543,0,-36.083
544,1,76.618
545,0,-62.237
546,1,37.553
547,1,-60.94
548,0,8.56
549,0,38.88
550,1,-15.796
551,1,-66.532
552,1,4.084
553,1,-77.322
554,0,92.567
555,0,44.972
556,1,79.709
557,0,36.438
558,1,41.837
559,1,38.148
560,1,58.746
561,0,-38.237
562,1,-77.015
563,0,-64.781
564,1,-30.734
565,0,7.568
566,1,39.736
567,0,-38.551
568,0,-14.7
569,1,21.204
570,1,-56.579
571,0,6.241
572,1,46.35
573,0,43.83
574,1,39.274
575,1,-76.51
576,0,43.952
577,1,-58.704
578,0,-75.779
579,0,-72.237
580,0,-58.475
581,0,-57.172
582,0,15.77
583,1,-39.535
584,1,78.46
585,0,-10.39
586,1,19.331
587,1,59.9
588,0,33.087
589,1,57.598
590,1,-12.623
591,1,51.963
592,0,-75.032
593,1,-30.865
594,1,51.833
595,1,-27.044
596,1,22.823
597,0,-60.069
598,0,-50.96
599,1,70.206
600,0,-66.094
601,1,87.721
602,0,-75.026
603,1,61.866
604,0,-69.853
605,0,20.652
606,1,12.989
607,0,-28.376
608,0,43.501
609,1,-11.145
610,0,54.067
611,0,-56.723
612,0,-52.53
613,0,37.817
614,0,-79.744
615,0,0.538000000000001
616,1,-57.908
617,0,-32.006
618,1,48.657
619,0,32.497
620,1,53.728
621,1,-41.066
622,0,-47.08
623,0,24.944
624,0,-48.828
625,1,-32.454
626,0,-69.674
627,1,35.521
628,1,71.442
629,1,51.974
630,1,-29.932
631,1,70.295
632,0,-37.386
633,1,81.003
634,1,52.081
635,1,-27.175
636,1,65.48
637,1,28.958
638,0,-51.947
639,0,-51.947
640,1,46.094
641,1,55.827
642,0,-43.27
643,1,62.899
644,0,-77.821
645,1,46.331
646,1,40.731
647,1,-48.682
648,1,-11.815
649,0,-51.765
650,0,-35.111
651,1,35.242
652,1,-58.008
653,0,73.274
654,0,-6.742
655,0,-40.129
656,1,61.518
657,1,23.933
658,1,51.168
659,1,26.654
660,0,70.117
661,0,54.408
662,0,-49.542
663,0,64.732
664,1,-59.29
665,1,50.691
666,0,0.182999999999998
667,0,57.2
668,1,-42.052
669,0,-60.749
670,0,-68.586
671,1,-10.517
672,1,-46.283
673,1,82.281
674,1,64.875
675,1,31.849
676,0,52.369
677,0,-43.027
678,0,-64.883
679,1,-33.99
680,0,50.75
681,1,68.091
682,1,76.266
683,1,25.054
684,1,50.062
685,1,-24.125
686,1,61.893
687,1,-36.869
688,1,59.932
689,1,80.59
690,0,51.065
691,1,55.872
692,1,-49.629
693,1,12.328
694,0,-56.009
695,1,-54.545
696,1,-35.467
697,0,-50.597
698,0,21.591
699,1,45.421
700,1,65.859
701,1,16.703
702,1,36.498
703,0,-51.107
704,0,25.669
705,0,49.749
706,0,58.646
707,1,38.871
708,0,73.061
709,1,46.423
710,1,-14.116
711,1,45.732
712,1,81.435
713,0,0.828
714,1,67.041
715,1,-16.31
716,0,39.371
717,0,-0.356999999999999
718,0,-28.308
719,1,45.51
720,0,-40.231
721,0,43.911
722,1,56.01
723,0,61.855
724,1,54.164
725,0,62.509
726,1,50.889
727,1,-12.56
728,0,-58.009
729,0,-58.622
730,1,28.003
731,0,40.203
732,1,59.96
733,0,34.511
734,0,-13.252
735,1,-36.144
736,1,-73.343
737,0,-47.687
738,1,52.012
739,0,-31.286
740,0,-23.688
741,1,64.819
742,0,-53.065
743,0,55.206
744,0,-1.507
745,0,-57.262
746,0,-2.197
747,1,-32.497
748,1,46.012
749,0,-44.276
750,0,23.307
751,0,38.551
752,1,66.027
753,0,-56.115
754,1,68.01
755,1,-19.866
756,0,-67.209
757,0,77.828
758,1,43.758
759,0,74.209
760,1,16.467
761,0,55.76
762,0,64.024
763,0,-49.405
764,0,-65.965
765,0,83.431
766,1,-72.879
767,0,-44.296
768,0,-41.111
769,1,69.569
770,0,-57.629
771,1,-43.626
772,1,-28.711
773,0,40.736
774,0,49.859
775,1,64.022
776,1,8.9
777,0,-66.897
778,1,25.136
779,0,26.182
780,1,45.738
781,0,-50.286
782,0,-40.945
783,1,8.664
784,0,-51.134
785,1,-10.903
786,1,47.004
787,0,69.872
788,1,48.86
789,1,57.207
790,1,-44.767
791,0,-61.109
792,0,-55.311
793,1,63.07
794,1,67.001
795,1,46.423
796,0,55.929
797,0,52.528
798,1,31.802
799,1,41.749
800,0,53.301
801,1,-63.352
802,1,-29.799
803,0,-55.905
804,0,60.968
805,0,24.893
806,1,-9.474
807,0,-53.065
808,0,-10.465
809,0,39.443
810,0,70.268
811,1,51.629
812,0,-34.931
813,0,-22.46
814,0,5.628
815,1,62.12
816,1,39.497
817,1,11.077
818,1,63.368
819,1,39.353
820,1,73.625
821,0,47.5
822,0,39.736
823,1,70.822
824,0,28.3
825,1,70.41
826,0,-79.612
827,1,-62.31
828,1,52.285
829,0,64.962
830,1,-22.576
831,0,-3.821
832,0,5.07
833,1,-19.892
834,0,-71.018
835,1,76.797
836,0,-25.604
837,1,-21.452
838,0,31.181
839,0,-6.929
840,0,-33.772
841,1,-43.796
842,1,51.482
843,1,55.129
844,0,-72.985
845,0,-60.558
846,0,2.868
847,0,42.826
848,1,29.533
849,0,-60.844
850,0,30.038
851,0,-17.297
852,0,24.628
853,1,51.702
854,1,83.392
855,0,11.241
856,0,48.285
857,0,-61.455
858,1,-27.945
859,0,100.089
860,1,9.057
861,1,64.348
862,1,-27.138
863,0,52.453
864,1,35.054
865,1,62.345
866,0,-38.612
867,0,-40.745
868,1,81.164
869,0,-62.455
870,1,72.252
871,0,-47.417
872,1,42.75
873,0,-53.487
874,0,32.612
875,0,59.27
876,1,-44.245
877,1,58.604
878,0,-69.48
879,1,47.364
880,1,37.409
881,0,-48.513
882,1,35.955
883,1,39.173
884,0,-47.453
885,0,2.425
886,1,9.705
887,0,34.511
888,0,-41.882
889,1,-38.632
890,0,-8.94
891,1,-72.8
892,0,69.728
893,1,17.845
894,1,74.989
895,0,-27.204
896,1,-44.603
897,0,-56.52
898,0,20.652
899,0,-45.057
900,1,-16.27
901,1,52.846
902,1,35.443
903,0,50.848
904,1,-9.399
905,1,43.776
906,0,31.461
907,1,21.285
908,0,88.462
909,1,-76.275
910,0,19.406
911,0,74.373
912,1,61.893
913,0,15.483
914,0,-31.668
915,0,-65.405
916,0,2.749
917,1,-4.757
918,1,41.087
919,0,-80.913
920,1,57.924
921,0,59.756
922,1,72.655
923,0,-33.202
924,0,44.722
925,0,43.047
926,0,18.52
927,0,52.377
928,0,45.879
929,1,-56.408
930,1,-54.092
931,1,11.087
932,1,-48.146
933,1,64.384
934,1,-62.465
935,1,-13.436
936,0,-59.605
937,1,31.826
938,0,-40.231
939,1,-67.406
940,1,50.114
941,0,81.439
942,0,-27.152
943,1,50.134
944,1,-36.869
945,0,90.867
946,0,-9.01
947,1,73.24
948,0,35.702
949,0,26.272
950,1,62.509
951,1,27.447
952,0,-88.229
953,1,39.029
954,1,37.813
955,0,-32.751
956,1,-64.159
957,0,75.217
958,1,-31.59
959,1,-69.711
960,1,61.045
961,1,47.364
962,0,70.608
963,1,17.983
964,1,55.367
965,0,60.755
966,1,44.096
967,1,-4.355
968,1,75.285
969,1,-58.098
970,1,-3.445
971,1,-54.092
972,0,-59.208
973,0,27.128
974,1,-47.425
975,0,-74.709
976,1,-39.975
977,0,-43.972
978,1,48.094
979,1,5.542
980,1,5.542
981,0,68.624
982,0,-64.337
983,0,-53.033
984,1,-36.964
985,1,35.896
986,1,-48.836
987,1,31.296
988,1,76.006
989,1,73.544
990,1,-13.76
991,1,58.601
992,1,22.713
993,0,-57.331
994,1,-24.125
995,0,56.951
996,0,-69.622
997,0,74.373
998,1,-47.85
999,0,47.249
1000,1,37.409
