Subj,Class,risk_2d
1,1,12.863
2,1,4.814
3,1,5.956
4,0,-17.212
5,0,-5.303
6,0,-9.094
7,1,-1.511
8,1,10.727
9,1,-3.97
10,1,-4.872
11,1,9.936
12,0,3.002
13,1,-1.581
14,0,-15.054
15,0,-22.15
16,0,-15.682
17,0,-5.677
18,0,9.579
19,0,-1.086
20,1,-16.894
21,0,7.366
22,0,-14.719
23,0,34.327
24,0,-11.534
25,0,29.414
26,0,-3.231
27,0,-0.324999999999998
28,0,7.471
29,0,21.628
30,1,-13.778
31,0,-1.429
32,0,3.07
33,0,22.635
34,0,-15.122
35,1,17.326
36,1,-16.894
37,1,-1.604
38,1,-3.616
39,1,19.229
40,0,12.648
41,0,17.625
42,1,13.58
43,1,0.263000000000001
44,1,-13.148
45,0,-20.295
46,1,-8.7
47,1,20.628
48,0,5.773
49,0,-10.506
50,1,-9.982
51,0,12.98
52,0,-4.171
53,1,-3.872
54,1,27.249
55,1,-2.074
56,1,-2.659
57,1,2.606
58,0,8.159
59,0,17.679
60,0,0.17
61,1,26.757
62,0,4.431
63,0,20.052
64,1,-0.61
65,0,-3.247
66,0,21.278
67,0,-14.164
68,0,4.697
69,1,19.581
70,0,8.96
71,0,-32.19
72,1,16.175
73,0,-4.583
74,0,-1.336
75,0,-14.928
76,1,-7.879
77,1,16.629
78,1,-20.646
79,1,-9.751
80,0,-13.148
81,0,-24.912
82,1,-9.982
83,0,-10.045
84,0,-13.148
85,1,-3.229
86,1,-14.821
87,1,9.982
88,1,7.702
89,1,6.802
90,0,-20.212
91,0,9.149
92,1,-5.279
93,0,-4.382
94,0,-23.453
95,1,-9.585
96,1,-11.688
97,1,-10.233
98,0,4.117
99,0,7.036
100,1,12.322
101,1,4.543
102,1,-3.7
103,1,4.002
104,1,15.777
105,0,1.368
106,0,-2.434
107,1,-28.006
108,0,-13.383
109,1,-7.269
110,0,1.799
111,0,-13.702
112,1,-6.481
113,0,-6.842
114,1,15.012
115,0,24.785
116,1,-1.379
117,0,-29.361
118,1,26.213
119,0,-2.484
120,1,11.13
121,0,-11.023
122,1,-3.385
123,1,-29.346
124,0,9.982
125,0,1.28
126,0,-14.576
127,1,9.661
128,0,5.03
129,0,28.673
130,0,-4.793
131,0,9.751
132,0,-2.159
133,0,9.935
134,0,-5.175
135,0,12.984
136,0,-8.684
137,0,-7.336
138,1,6.366
139,1,-15.481
140,1,9.347
141,1,-7.267
142,0,1.051
143,1,12.931
144,0,7.448
145,1,-3.375
146,1,9.332
147,1,25.929
148,1,28.168
149,1,8.465
150,0,1.629
151,0,27.644
152,0,1.303
153,1,9.608
154,0,4.753
155,0,5.991
156,1,16.327
157,1,-25.664
158,0,-7.788
159,0,1.368
160,0,2.874
161,1,14.769
162,1,-18.397
163,1,16.585
164,1,-20.911
165,1,15.028
166,0,-41.659
167,1,9.67
168,0,-9.701
169,0,-1.939
170,1,18.946
171,0,0.975999999999999
172,0,-9.498
173,1,-7.989
174,0,23.001
175,1,20.491
176,0,-6.175
177,0,-10.712
178,0,-4.59
179,1,-2.474
180,0,27.164
181,1,6.212
182,1,12.578
183,0,1.105
184,0,-6.782
185,0,-13.702
186,0,-14.719
187,1,-6.569
188,0,17.238
189,1,5.303
190,0,-29.4
191,1,17.483
192,1,33.501
193,1,2.606
194,1,-9.126
195,1,9.285
196,1,-20.646
197,0,-6.175
198,1,4.569
199,1,8.812
200,1,16.301
201,1,-11.465
202,1,4.142
203,1,12.863
204,1,1.525
205,1,23.933
206,0,-11.266
207,0,21.328
208,1,-1.944
209,0,-11.534
210,0,-11.207
211,0,-0.231000000000002
212,0,-0.61
213,0,11.446
214,0,-11.738
215,1,40.739
216,1,0.205000000000001
217,0,-1.592
218,0,25.941
219,0,33.178
220,1,14.496
221,0,23.619
222,1,15.55
223,1,25.441
224,0,-13.363
225,0,-2.115
226,0,14.124
227,0,-9.751
228,0,-11.542
229,0,-20.017
230,1,6.514
231,0,-3.385
232,1,2.32
233,1,-2.087
234,1,7.082
235,0,9.702
236,0,-7.251
237,0,14.354
238,0,4.421
239,0,-20.951
240,1,-4.936
241,1,35.949
242,0,-5.01
243,0,-20.146
244,1,29.451
245,0,-3.033
246,0,-3.103
247,0,-20.146
248,1,21.502
249,0,-2.292
250,0,-19.448
251,1,5.152
252,0,9.801
253,1,26.863
254,1,-1.105
255,0,19.677
256,0,-28.561
257,0,-14.928
258,0,-3.292
259,0,-20.146
260,0,-14.928
261,1,6.813
262,0,17.637
263,0,-0.61
264,0,-40.402
265,0,-2.28
266,0,-20.656
267,0,-4.341
268,0,-0.0400000000000009
269,0,-7.175
270,1,25.394
271,0,1.646
272,0,-9.222
273,0,-14.928
274,0,1.461
275,1,2.55
276,1,14.087
277,1,26.647
278,1,41.265
279,1,15.05
280,0,-1.882
281,0,13.814
282,1,-21.175
283,0,-5.742
284,1,-3.385
285,0,-1.987
286,0,-1.542
287,1,-4.233
288,0,-9.928
289,1,20.746
290,0,21.814
291,1,-18.397
292,1,18.783
293,0,-21.294
294,1,-18.397
295,1,-8.35
296,0,3.932
297,1,23.934
298,1,13.237
299,1,17.892
300,1,1.31
301,1,15.922
302,1,7.007
303,1,9.762
304,1,14.769
305,1,16.348
306,1,6.883
307,1,2.606
308,1,-24.328
309,0,-2.049
310,0,4.651
311,0,5.399
312,1,16.327
313,1,14.414
314,1,8.823
315,1,19.197
316,1,-12.299
317,1,-21.794
318,1,-20.847
319,0,-5.287
320,0,-1.272
321,0,-12.191
322,1,-8.742
323,0,-6.366
324,1,19.977
325,1,-21.794
326,0,4.207
327,1,-7.013
328,0,-2.292
329,0,-6.639
330,0,1.105
331,0,5.007
332,1,19.292
333,0,3.932
334,0,-32.243
335,1,7.275
336,1,13.676
337,1,15.788
338,1,-21.187
339,0,17.374
340,1,11.264
341,1,4.543
342,0,23.521
343,1,35.527
344,0,-1.545
345,1,4.422
346,0,12.913
347,0,7.752
348,1,-18.397
349,1,12.473
350,0,16.348
351,0,-20.565
352,0,19.28
353,0,-8.453
354,0,1.177
355,1,6.626
356,1,20.96
357,0,-28.561
358,1,3.628
359,1,2.715
360,1,6.354
361,0,9.149
362,1,-3.722
363,1,9.936
364,1,5.947
365,0,-5.543
366,1,6.366
367,1,-16.599
368,0,3.112
369,1,-6.782
370,0,-13.294
371,1,8.159
372,1,1.1
373,1,10.52
374,1,6.366
375,0,-13.744
376,1,3.112
377,0,-16.484
378,1,-8.214
379,1,11.939
380,0,-13.473
381,0,-25.877
382,0,-2.292
383,0,6.394
384,0,-18.113
385,1,-1.76
386,0,-4.583
387,1,-9.755
388,1,-5.972
389,1,20.453
390,1,12.81
391,0,0.678
392,1,-1.956
393,1,-2.813
394,1,-11.534
395,0,14.33
396,0,9.343
397,1,23.791
398,0,6.854
399,1,10.292
400,0,9.372
401,1,-1.592
402,1,34.534
403,0,-10.361
404,0,-5.468
405,0,-5.168
406,1,24.763
407,0,-7.054
408,1,21.023
409,0,-14.931
410,0,-8.684
411,0,-2.434
412,0,-5.224
413,0,-2.138
414,0,-5.056
415,0,-9.751
416,0,19.176
417,0,-17.973
418,1,-8.847
419,1,-7.267
420,0,-8.362
421,1,6.063
422,0,-8.453
423,1,12.313
424,1,-8.7
425,0,22.905
426,1,2.858
427,0,13.751
428,1,34.628
429,0,-5.111
430,1,14.781
431,0,-13.325
432,1,-5.935
433,1,3.336
434,1,4.741
435,1,12.733
436,0,-2.98
437,0,13.939
438,1,31.541
439,0,11.312
440,0,-21.115
441,0,-21.294
442,1,1.524
443,0,7.556
444,0,12.499
445,1,-12.031
446,0,-1.513
447,1,12.355
448,1,9.982
449,1,35.949
450,1,5.018
451,0,8.315
452,0,-2.434
453,1,19.581
454,1,2.518
455,1,20.746
456,1,12.527
457,0,-7.032
458,1,3.063
459,1,-16.345
460,0,20.79
461,0,7.457
462,1,1.369
463,1,4.562
464,1,-11.755
465,0,-3.042
466,0,-0.422000000000002
467,1,11.871
468,0,-14.334
469,1,-25.664
470,1,16.585
471,1,-18.397
472,1,1.969
473,0,6.834
474,0,26.153
475,0,3.094
476,0,-34.27
477,1,12.467
478,0,0
479,0,-16.486
480,0,3.2
481,0,10.057
482,0,6.123
483,0,-12.269
484,1,-4.989
485,0,-1.946
486,1,12.594
487,0,-2.003
488,0,37.829
489,0,-4.65
490,0,-3.28
491,1,-2.369
492,1,-9.982
493,1,14.099
494,1,6.623
495,0,3.462
496,1,2.201
497,0,14.525
498,1,-24.161
499,1,20.737
500,1,-7.632
501,0,19.176
502,1,26.812
503,1,22.247
504,1,-12.76
505,1,15.429
506,1,-17.041
507,1,-0.967000000000001
508,0,-7.918
509,1,24.134
510,1,-7.267
511,1,13.471
512,1,-1.357
513,0,-20.146
514,1,-13.836
515,0,-11.968
516,0,22.573
517,1,5.214
518,0,-0.273
519,0,9.332
520,0,7.005
521,1,7.338
522,0,1.105
523,0,18.226
524,1,32.552
525,1,8.415
526,0,4.266
527,0,32.072
528,1,14.182
529,0,-12.285
530,0,1.52
531,0,-0.202999999999999
532,1,-3.653
533,1,14.371
534,0,4.774
535,0,11.264
536,1,22.663
537,0,2.951
538,1,17.018
539,0,3.902
540,1,21.502
541,0,-3.385
542,1,-2.166
543,1,13.919
544,0,0
545,1,16.148
546,1,0.547000000000002
547,0,0.231000000000002
548,1,5.165
549,1,-7.44
550,0,-21.294
551,0,7.702
552,1,-0.0250000000000008
553,1,16.992
554,0,-2.583
555,1,4.158
556,0,7.471
557,1,20.729
558,1,11.361
559,1,7.576
560,0,-10.361
561,1,17.264
562,1,-16.663
563,0,8.159
564,1,3.161
565,1,-0.879000000000002
566,0,-1.086
567,0,8.142
568,1,-5.709
569,0,-3.67
570,1,-1.18
571,0,-21.294
572,0,9.881
573,1,-1.728
574,0,7.471
575,0,-5.576
576,0,-39.8
577,1,14.525
578,0,14.414
579,0,12.099
580,0,-7.953
581,0,-14.928
582,0,-2.989
583,1,-7.267
584,0,14.525
585,0,-9.408
586,0,-30.74
587,0,-16.87
588,1,-9.982
589,1,4.659
590,0,-10.297
591,0,3.086
592,0,-2.487
593,0,-9.637
594,0,-14.931
595,1,-5.279
596,0,15.471
597,0,9.625
598,1,23.85
599,1,16.373
600,0,29.414
601,1,2.292
602,0,3.07
603,1,24.763
604,1,-5.267
605,1,13.473
606,1,6.366
607,0,-13.639
608,0,-28.561
609,0,6.597
610,1,33.936
611,0,-17.247
612,1,-1.357
613,0,-4.483
614,0,4.774
615,1,-3.397
616,1,11.229
617,0,23.048
618,1,-13.778
619,1,-0.285
620,0,-0.273
621,0,25.589
622,0,-7.504
623,0,15.013
624,1,0.408000000000002
625,1,-3.67
626,0,-0.0190000000000001
627,1,5.82
628,0,-17.355
629,0,1.453
630,1,-4.112
631,0,-2.022
632,0,-14.008
633,1,20.119
634,1,16.76
635,0,-3.385
636,0,-32.243
637,1,-7.926
638,0,-7.032
639,0,-0.678000000000001
640,0,6.277
641,1,12.926
642,1,19.581
643,1,9.068
644,0,-4.998
645,1,4.574
646,1,34.24
647,1,-20.027
648,0,13.664
649,0,10.716
650,1,6.328
651,1,38.832
652,0,-26.111
653,1,-4.737
654,1,6.255
655,1,21.837
656,1,19.688
657,0,3.515
658,0,-15.742
659,0,-9.751
660,0,-11.222
661,0,-9.574
662,1,15.028
663,1,5.311
664,1,17.018
665,1,39.823
666,0,-18.401
667,1,12.999
668,0,-9.196
669,0,-9.751
670,0,-6.513
671,0,18.763
672,0,-23.222
673,1,-2.813
674,1,15.69
675,1,10.36
676,1,-16.894
677,0,9.907
678,0,-7.336
679,1,5.272
680,1,-9.595
681,0,-7.632
682,1,-7.115
683,0,0.781
684,1,32.199
685,1,16.117
686,1,0.881000000000002
687,1,15.061
688,1,26.985
689,0,-7.267
690,0,1.348
691,1,1.463
692,0,13.814
693,1,-15.466
694,1,25
695,0,10.763
696,1,26.942
697,1,0
698,0,4.774
699,0,-2.292
700,1,-6.003
701,1,9.327
702,0,-1.45
703,0,-4.72
704,1,-7.408
705,1,7.965
706,1,44.108
707,1,-3.872
708,0,-6.856
709,0,-10.429
710,1,-20.11
711,1,-2.45
712,1,-1.641
713,0,-7.824
714,0,0.165999999999999
715,0,0.294
716,1,6.939
717,0,19.544
718,1,1.31
719,1,7.968
720,1,5.245
721,1,9.788
722,0,-10.707
723,1,10.928
724,1,40.738
725,1,-9.919
726,1,34.014
727,0,-29.819
728,1,4.543
729,1,12.733
730,1,-9.279
731,0,-0.647999999999999
732,0,-24.671
733,1,-16.551
734,1,19.881
735,0,-16.025
736,0,2.03
737,0,13.841
738,1,-20.931
739,1,0
740,1,17.985
741,0,18.381
742,0,-27.058
743,0,24.763
744,1,-2.369
745,0,-8.31
746,1,-11.729
747,0,-32.243
748,1,7.56
749,0,9.042
750,1,-12.509
751,1,1.573
752,1,12.951
753,0,-20.7
754,1,-17.909
755,0,14.662
756,0,4.809
757,0,6.514
758,0,1.105
759,1,24.15
760,0,-32.243
761,0,-20.644
762,1,37.931
763,1,35.803
764,0,9.478
765,0,-25.877
766,0,6.366
767,0,28.464
768,0,3.019
769,1,1.099
770,1,16.327
771,0,0
772,0,-7.267
773,1,24.384
774,0,-8.646
775,0,1.142
776,1,20.737
777,0,-31.472
778,1,8.755
779,0,-16.157
780,0,-3.385
781,0,4.774
782,1,6.035
783,1,-1.361
784,1,19.047
785,0,9.935
786,1,25.861
787,0,8.357
788,0,-5.21
789,0,-6.298
790,0,5.249
791,1,-3.63
792,1,3.886
793,1,3.103
794,0,9.907
795,0,-24.3
796,1,-27.609
797,1,18.409
798,1,-0.61
799,1,15.249
800,0,8.581
801,1,2.566
802,1,-5.056
803,1,4.753
804,0,-7.426
805,1,-9.429
806,1,10.95
807,0,-24.912
808,1,21.148
809,1,-8.672
810,0,-5.056
811,1,14.525
812,0,19.014
813,0,-7.267
814,1,1.462
815,0,0.79
816,1,9.515
817,1,-11.422
818,0,9.368
819,1,16.348
820,0,-2.016
821,0,12.765
822,1,9.939
823,1,9.534
824,0,-4.197
825,1,15.44
826,1,15.975
827,0,8.439
828,1,4.422
829,0,2.291
830,1,4.753
831,0,1.646
832,0,-20.951
833,0,-20.385
834,1,2.961
835,0,4.774
836,0,5.258
837,1,-0.0380000000000007
838,1,0.313999999999999
839,1,12.989
840,0,-17.099
841,0,-3.385
842,1,18.783
843,0,-3.385
844,0,-1.592
845,1,11.995
846,0,-8.395
847,0,-21.798
848,0,2.969
849,1,25.565
850,1,-23.222
851,1,-9.595
852,1,-1.944
853,1,17.018
854,0,14.103
855,0,-18.409
856,0,-15.05
857,0,19.131
858,1,9.488
859,0,-13.702
860,0,6.123
861,0,4.774
862,0,-1.592
863,0,15.269
864,1,3.606
865,0,-2.278
866,1,4.855
867,0,-4.906
868,0,1.669
869,1,-12.688
870,1,26.812
871,1,10.649
872,0,-3.231
873,1,4.843
874,0,5.701
875,0,9.495
876,1,-4.817
877,1,10.524
878,0,3.231
879,0,-1.685
880,0,-10.099
881,0,-5.543
882,0,-14.576
883,1,16.76
884,1,15.716
885,1,10.524
886,1,30.339
887,1,10.271
888,0,-5.825
889,1,29.029
890,0,27.429
891,0,-26.111
892,1,24.763
893,1,-12.07
894,0,-11.495
895,0,-10.036
896,0,5.858
897,0,5.709
898,1,-3.616
899,1,17.018
900,1,36.617
901,1,9.809
902,1,-5.763
903,1,18.141
904,1,-5.915
905,1,-13.425
906,1,-3.488
907,0,-0.354
908,1,-14.728
909,0,-6.406
910,0,-23.808
911,1,4.741
912,0,-9.751
913,0,-11.207
914,1,-22.637
915,1,12.765
916,1,23.619
917,1,14.872
918,1,-17.061
919,0,-13.383
920,0,11.056
921,1,26.812
922,1,6.366
923,0,-1.946
924,1,0.472999999999999
925,1,-6.35
926,1,-6.029
927,1,-3.042
928,0,-1.793
929,1,20.805
930,0,25.333
931,0,14.111
932,1,-11.179
933,0,26.081
934,0,-19.791
935,1,7.763
936,1,4.474
937,0,-1.592
938,1,1.31
939,0,-16.11
940,0,-22.579
941,1,-1.823
942,0,-7.426
943,1,-12.469
944,0,9.105
945,1,34.628
946,0,23.171
947,1,14.031
948,0,-3.679
949,1,12.573
950,1,-7.013
951,1,8.465
952,1,7.217
953,0,18.381
954,0,23.991
955,0,24.688
956,1,7.958
957,1,0.737999999999999
958,0,26.55
959,1,17.483
960,0,0.213999999999999
961,0,-16.663
962,1,16.921
963,1,20.512
964,1,16.383
965,1,4.574
966,1,-9.702
967,0,-1.621
968,1,-29.061
969,0,-12.917
970,0,-7.336
971,0,-13.104
972,1,19.572
973,0,-3.166
974,0,-20.239
975,1,-7.509
976,1,-7.896
977,1,32.579
978,1,-5.056
979,1,-3.229
980,0,-7.31
981,1,-14.576
982,1,11.035
983,0,9.982
984,1,-10.233
985,0,34.709
986,0,13.026
987,1,7.082
988,1,1.39
989,1,9.608
990,0,24.117
991,0,10.713
992,1,0.231000000000002
993,1,14.913
994,0,-18.259
995,0,3.932
996,0,1.28
997,0,11.128
998,1,6.709
999,1,19.087
1000,0,-6.363
