Subj,Class,risk_1d
1,0,496.006
2,1,-496.006
3,1,-496.006
4,1,-496.006
5,0,496.006
6,0,496.006
7,1,-496.006
8,0,496.006
9,1,-496.006
10,1,-496.006
11,1,-496.006
12,1,-496.006
13,1,-496.006
14,0,496.006
15,1,-496.006
16,0,496.006
17,0,496.006
18,0,496.006
19,0,496.006
20,0,496.006
21,0,496.006
22,1,-496.006
23,1,-496.006
24,1,-496.006
25,1,-496.006
26,1,-496.006
27,1,-496.006
28,0,496.006
29,1,-496.006
30,1,-496.006
31,1,-496.006
32,0,496.006
33,0,496.006
34,1,-496.006
35,0,496.006
36,0,496.006
37,0,496.006
38,1,-496.006
39,0,496.006
40,1,-496.006
41,0,496.006
42,0,496.006
43,1,-496.006
44,1,-496.006
45,0,496.006
46,0,496.006
47,1,-496.006
48,0,496.006
49,1,-496.006
50,1,-496.006
51,1,-496.006
52,1,-496.006
53,0,496.006
54,1,-496.006
55,1,-496.006
56,0,496.006
57,1,-496.006
58,1,-496.006
59,1,-496.006
60,1,-496.006
61,0,496.006
62,1,-496.006
63,1,-496.006
64,0,496.006
65,1,-496.006
66,0,496.006
67,1,-496.006
68,1,-496.006
69,0,496.006
70,1,-496.006
71,0,496.006
72,1,-496.006
73,0,496.006
74,1,-496.006
75,0,496.006
76,1,-496.006
77,1,-496.006
78,0,496.006
79,0,496.006
80,0,496.006
81,1,-496.006
82,1,-496.006
83,1,-496.006
84,0,496.006
85,0,496.006
86,1,-496.006
87,1,-496.006
88,0,496.006
89,1,-496.006
90,0,496.006
91,0,496.006
92,0,496.006
93,1,-496.006
94,0,496.006
95,0,496.006
96,0,496.006
97,0,496.006
98,1,-496.006
99,0,496.006
100,0,496.006
101,1,-496.006
102,0,496.006
103,0,496.006
104,1,-496.006
105,0,496.006
106,0,496.006
107,1,-496.006
108,1,-496.006
109,0,496.006
110,0,496.006
111,1,-496.006
112,1,-496.006
113,1,-496.006
114,0,496.006
115,1,-496.006
116,0,496.006
117,0,496.006
118,0,496.006
119,1,-496.006
120,0,496.006
121,1,-496.006
122,0,496.006
123,0,496.006
124,1,-496.006
125,1,-496.006
126,1,-496.006
127,1,-496.006
128,0,496.006
129,1,-496.006
130,1,-496.006
131,0,496.006
132,0,496.006
133,0,496.006
134,1,-496.006
135,1,-496.006
136,0,496.006
137,0,496.006
138,1,-496.006
139,0,496.006
140,1,-496.006
141,0,496.006
142,1,-496.006
143,1,-496.006
144,1,-496.006
145,1,-496.006
146,1,-496.006
147,0,496.006
148,0,496.006
149,1,-496.006
150,0,496.006
151,0,496.006
152,0,496.006
153,0,496.006
154,0,496.006
155,0,496.006
156,0,496.006
157,0,496.006
158,0,496.006
159,1,-496.006
160,0,496.006
161,0,496.006
162,1,-496.006
163,1,-496.006
164,0,496.006
165,1,-496.006
166,1,-496.006
167,0,496.006
168,1,-496.006
169,0,496.006
170,0,496.006
171,1,-496.006
172,0,496.006
173,1,-496.006
174,1,-496.006
175,1,-496.006
176,0,496.006
177,0,496.006
178,1,-496.006
179,0,496.006
180,1,-496.006
181,0,496.006
182,0,496.006
183,1,-496.006
184,1,-496.006
185,0,496.006
186,0,496.006
187,1,-496.006
188,1,-496.006
189,0,496.006
190,0,496.006
191,0,496.006
192,1,-496.006
193,1,-496.006
194,0,496.006
195,0,496.006
196,0,496.006
197,1,-496.006
198,0,496.006
199,0,496.006
200,0,496.006
201,0,496.006
202,1,-496.006
203,1,-496.006
204,0,496.006
205,1,-496.006
206,0,496.006
207,0,496.006
208,1,-496.006
209,1,-496.006
210,1,-496.006
211,1,-496.006
212,1,-496.006
213,0,496.006
214,0,496.006
215,0,496.006
216,1,-496.006
217,1,-496.006
218,0,496.006
219,0,496.006
220,0,496.006
221,0,496.006
222,1,-496.006
223,0,496.006
224,0,496.006
225,1,-496.006
226,1,-496.006
227,0,496.006
228,1,-496.006
229,1,-496.006
230,0,496.006
231,1,-496.006
232,1,-496.006
233,1,-496.006
234,0,496.006
235,1,-496.006
236,0,496.006
237,1,-496.006
238,0,496.006
239,0,496.006
240,0,496.006
241,1,-496.006
242,0,496.006
243,1,-496.006
244,0,496.006
245,1,-496.006
246,0,496.006
247,0,496.006
248,0,496.006
249,1,-496.006
250,1,-496.006
251,1,-496.006
252,0,496.006
253,1,-496.006
254,0,496.006
255,1,-496.006
256,0,496.006
257,1,-496.006
258,0,496.006
259,1,-496.006
260,1,-496.006
261,0,496.006
262,0,496.006
263,0,496.006
264,0,496.006
265,1,-496.006
266,1,-496.006
267,0,496.006
268,0,496.006
269,0,496.006
270,1,-496.006
271,0,496.006
272,0,496.006
273,0,496.006
274,1,-496.006
275,0,496.006
276,0,496.006
277,0,496.006
278,0,496.006
279,1,-496.006
280,1,-496.006
281,0,496.006
282,0,496.006
283,0,496.006
284,0,496.006
285,1,-496.006
286,1,-496.006
287,1,-496.006
288,0,496.006
289,1,-496.006
290,1,-496.006
291,0,496.006
292,1,-496.006
293,1,-496.006
294,1,-496.006
295,1,-496.006
296,0,496.006
297,1,-496.006
298,0,496.006
299,1,-496.006
300,0,496.006
301,1,-496.006
302,0,496.006
303,0,496.006
304,0,496.006
305,1,-496.006
306,0,496.006
307,0,496.006
308,1,-496.006
309,0,496.006
310,0,496.006
311,0,496.006
312,0,496.006
313,0,496.006
314,0,496.006
315,1,-496.006
316,1,-496.006
317,0,496.006
318,0,496.006
319,1,-496.006
320,0,496.006
321,1,-496.006
322,0,496.006
323,0,496.006
324,0,496.006
325,1,-496.006
326,0,496.006
327,1,-496.006
328,1,-496.006
329,0,496.006
330,1,-496.006
331,1,-496.006
332,0,496.006
333,0,496.006
334,1,-496.006
335,1,-496.006
336,0,496.006
337,0,496.006
338,1,-496.006
339,0,496.006
340,0,496.006
341,0,496.006
342,1,-496.006
343,0,496.006
344,0,496.006
345,0,496.006
346,1,-496.006
347,0,496.006
348,1,-496.006
349,1,-496.006
350,0,496.006
351,1,-496.006
352,1,-496.006
353,1,-496.006
354,1,-496.006
355,1,-496.006
356,0,496.006
357,1,-496.006
358,0,496.006
359,1,-496.006
360,1,-496.006
361,0,496.006
362,1,-496.006
363,1,-496.006
364,1,-496.006
365,0,496.006
366,0,496.006
367,1,-496.006
368,0,496.006
369,1,-496.006
370,0,496.006
371,0,496.006
372,1,-496.006
373,0,496.006
374,0,496.006
375,1,-496.006
376,0,496.006
377,1,-496.006
378,1,-496.006
379,0,496.006
380,1,-496.006
381,0,496.006
382,0,496.006
383,0,496.006
384,1,-496.006
385,0,496.006
386,0,496.006
387,0,496.006
388,1,-496.006
389,1,-496.006
390,0,496.006
391,1,-496.006
392,1,-496.006
393,0,496.006
394,1,-496.006
395,0,496.006
396,0,496.006
397,1,-496.006
398,0,496.006
399,0,496.006
400,1,-496.006
401,1,-496.006
402,0,496.006
403,0,496.006
404,1,-496.006
405,1,-496.006
406,1,-496.006
407,0,496.006
408,1,-496.006
409,1,-496.006
410,0,496.006
411,0,496.006
412,1,-496.006
413,0,496.006
414,1,-496.006
415,1,-496.006
416,1,-496.006
417,0,496.006
418,1,-496.006
419,0,496.006
420,0,496.006
421,0,496.006
422,0,496.006
423,0,496.006
424,0,496.006
425,0,496.006
426,0,496.006
427,1,-496.006
428,0,496.006
429,1,-496.006
430,0,496.006
431,1,-496.006
432,0,496.006
433,0,496.006
434,0,496.006
435,0,496.006
436,1,-496.006
437,0,496.006
438,0,496.006
439,1,-496.006
440,0,496.006
441,0,496.006
442,0,496.006
443,0,496.006
444,1,-496.006
445,1,-496.006
446,0,496.006
447,0,496.006
448,1,-496.006
449,0,496.006
450,1,-496.006
451,1,-496.006
452,0,496.006
453,0,496.006
454,0,496.006
455,0,496.006
456,1,-496.006
457,1,-496.006
458,0,496.006
459,1,-496.006
460,1,-496.006
461,1,-496.006
462,1,-496.006
463,1,-496.006
464,1,-496.006
465,1,-496.006
466,1,-496.006
467,0,496.006
468,0,496.006
469,0,496.006
470,0,496.006
471,0,496.006
472,1,-496.006
473,1,-496.006
474,1,-496.006
475,0,496.006
476,0,496.006
477,0,496.006
478,1,-496.006
479,1,-496.006
480,0,496.006
481,1,-496.006
482,1,-496.006
483,1,-496.006
484,1,-496.006
485,1,-496.006
486,0,496.006
487,0,496.006
488,1,-496.006
489,0,496.006
490,0,496.006
491,1,-496.006
492,0,496.006
493,1,-496.006
494,0,496.006
495,0,496.006
496,0,496.006
497,0,496.006
498,0,496.006
499,1,-496.006
500,1,-496.006
