Subj,Class,risk_ori
1,0,-0.932941046112044
2,1,-0.349783100968194
3,1,-0.717757446965317
4,1,-0.8460451335541
5,1,-0.76069964301005
6,1,0.307147618653988
7,1,-0.229314187963745
8,1,0.0758703777665142
9,1,-0.0542970124078375
10,1,-0.270174292822247
11,1,-0.0777070384497745
12,1,0.0554794261691334
13,1,0.718301932657896
14,1,-1.05662857553504
15,1,0.179072247620655
16,1,-0.778617669462669
17,1,0.109131619852248
18,1,-0.167902743259279
19,1,-0.508145400270801
20,1,-0.0486006226605222
21,1,-0.913894729465669
22,1,-0.345395259357858
23,1,-0.171642651514211
24,1,-0.32486255202919
25,1,-0.765424637470939
26,1,-0.568894448921068
27,1,-0.211964277096134
28,1,-0.344879857108234
29,1,-0.344529555185514
30,1,-0.0790111186094448
31,1,0.422270443833842
32,1,-0.333628175844602
33,1,-0.651954122282487
34,1,-0.208809651217878
35,1,-0.403483834071685
36,1,0.641317801246423
37,1,-0.40996650124717
38,1,-0.307719083898975
39,1,-0.146418236618826
40,1,-0.902550842126598
41,1,-0.221902515260654
42,1,-0.235922074943795
43,1,-1.01566762774646
44,1,-0.0565407831385692
45,1,-0.474601625594917
46,1,-0.629791768467918
47,1,0.347877983914807
48,1,-0.343284997588826
49,1,-0.194085427124448
50,1,-0.0666859153696048
51,1,-0.590074078428495
52,1,-0.420364135750062
53,1,-0.440332901408731
54,1,-0.00730631572970325
55,1,-0.497301464061438
56,1,-0.0677777340923981
57,1,0.521693572063273
58,1,-0.0985828561193939
59,1,0.107614525523836
60,1,-0.340860582245452
61,1,-0.0881431751646031
62,1,-0.507525339339389
63,1,-0.140157905201511
64,1,-0.134841043147536
65,1,0.0395106217234905
66,1,-0.606046984789
67,1,0.311404665478822
68,1,-0.569376103304189
69,1,0.261497473606486
70,1,-0.677863214228113
71,1,-0.176159099783668
72,1,-0.198934967120905
73,1,-0.773816209658317
74,1,-0.543590524461838
75,1,-0.753864386780128
76,1,-0.321980476667722
77,1,0.0630953756800607
78,1,-0.0372822050553171
79,1,-0.483979761863752
80,1,-1.087489450761
81,1,-0.492438774992814
82,1,0.107887062255561
83,1,-0.171270383306277
84,1,-0.317439896183492
85,1,-0.961654081094384
86,1,-0.400544339601271
87,1,-0.355252701896063
88,1,-0.877534973422646
89,1,-0.236480194670379
90,1,-1.07379199966226
91,1,-0.843762797064597
92,1,-0.190065097073848
93,1,-0.206662866162075
94,1,-0.651273506355799
95,1,-0.0995531962180015
96,1,-0.42519332966447
97,1,-0.432906764869906
98,1,-0.5919826550495
99,1,0.0653447399862177
100,1,-0.334210414261187
101,1,-0.669058023846719
102,1,-0.564728928152869
103,1,0.359221871253879
104,1,-0.404649639193195
105,1,-0.567497387002802
106,1,-0.682251055838449
107,1,-0.173936285857148
108,1,-1.06994270523214
109,1,-0.399602536147912
110,1,-0.810353518634594
111,1,-0.287814308780599
112,1,-0.560074731157104
113,1,0.00641493919292963
114,1,-0.273997059824021
115,1,-0.662950431303298
116,1,-0.60771539423438
117,1,0.162588040925389
118,1,-0.350035917196406
119,1,-0.64581353460443
120,1,-0.327872263534303
121,1,-0.267374817762842
122,1,-0.66945411882983
123,1,-0.575704216822633
124,1,-0.531966283230735
125,1,-0.874333880215002
126,1,-0.266708900224205
127,1,0.198249359052531
128,1,0.327888872174089
129,1,-0.944108390753336
130,1,0.131631845934479
131,1,0.0704327638852837
132,1,-0.545106195033324
133,1,0.0480677534660424
134,1,-1.34155043760504
135,1,-0.409499853458649
136,1,-0.202691075531851
137,1,-0.651905176008355
138,1,-1.13950418079791
139,1,-0.482095155975604
140,1,-0.223647023987049
141,1,-0.950487791640911
142,1,-0.918346561616297
143,1,0.0356148599639832
144,1,-0.398368961693831
145,1,-0.748547524726153
146,1,-0.820710912302507
147,1,-0.578255343631135
148,1,0.337190244321174
149,1,0.280068942794573
150,1,-0.139206176300025
151,1,-0.38649695264225
152,1,-0.383693254265251
153,1,0.0345230412411898
154,1,-0.466025263940171
155,1,-0.853123691774664
156,1,0.0185387856756308
157,1,-0.894535018840281
158,1,-0.85124120610926
159,1,-0.448235162302087
160,1,-0.46263392128768
161,0,-0.42181718541961
162,0,-0.26937214271745
163,0,0.302220939045072
164,0,-0.0826905170172132
165,0,-0.66606277617734
166,0,-0.619586103438427
167,0,-0.740883616225275
168,0,-0.841536502444949
169,0,-1.08728679415633
170,0,-0.542895855909974
171,0,-0.932366121299438
172,0,-0.432605002367561
173,0,-0.734177663120291
174,1,-0.844829801728032
175,1,-0.513785670756704
176,1,-0.458011727785569
177,1,0.00511109358557549
178,1,-0.37569219291382
179,1,0.418374682074334
180,1,-0.414514953010279
181,1,0.0673872324226792
182,1,-0.406965669430627
183,1,-0.815880226727536
184,1,0.194341122489854
185,1,-0.188934101870121
186,1,-0.805653627845124
187,1,-0.444693130111165
188,1,-0.273227349685622
189,1,0.0958485063646253
190,1,-0.245633271576583
191,1,-0.300451270381209
192,1,-0.271192061599489
193,1,-0.00749105809725051
194,1,0.0695990632065925
195,1,-0.862181761931106
196,1,0.480254725928327
197,1,-0.0164614419713711
198,1,-0.629791768467918
199,1,0.0966683761265646
200,1,0.364615006838286
201,1,-0.856981920011928
202,1,-0.54216670056291
203,1,-0.154266559096364
204,1,-0.360333145954092
205,1,-0.429149669174778
206,1,-0.667422609535976
207,1,-0.308359490912437
208,1,-0.322555401480328
209,1,-0.463998222623625
210,1,-0.184949591777011
211,1,-0.122280117281107
212,1,0.197068791996136
213,1,-1.1673807914971
214,1,-0.259544362422609
215,1,-0.300994865969159
216,1,0.184704646827679
217,1,-0.39876883546922
218,1,-0.534027598725634
219,1,-0.115097712342207
220,1,-0.0507098971453724
221,1,-0.28868063853148
222,1,-0.325859050987035
223,1,-0.00703655672101153
224,1,-0.886622705822451
225,1,0.357010040469965
226,1,-0.186420938193145
227,1,-0.484437713641382
228,1,-0.649074150375056
229,1,-0.817290343879397
230,1,-1.02707926166258
231,1,-0.518603881528505
232,1,-0.667422609535976
233,1,0.00493455088779538
234,1,-0.918443181228778
235,1,-1.10081903157801
236,1,-0.606621909601606
237,1,0.270130704630053
238,1,-0.145084584810427
239,1,-0.516572426353224
240,1,-0.316539382093364
241,1,-0.630329596231026
242,1,-0.349283149838486
243,1,-0.297539532776376
244,1,-0.169194103956064
245,1,-0.577181821654928
246,1,-0.0420671289329457
247,1,0.00217159911516157
248,1,-0.441906374514646
249,1,0.0470368356166337
250,1,-0.375117268101213
251,1,-0.331058892906213
252,1,-0.0875407312826671
253,1,-0.376784011636613
254,1,-0.616094317369171
255,1,-0.255663708476096
256,1,-0.693543291893417
257,1,0.184314135991732
258,1,-0.802150772135136
259,1,0.045827752099328
260,1,-0.816436297118656
261,1,-0.555409259259197
262,1,-0.430229449567147
263,1,-0.374056778603076
264,1,-0.0889448887966554
265,1,-0.702575271094258
266,1,-0.124237640176244
267,1,-0.639490245637821
268,1,-0.979835748756233
269,1,-0.0481894198644169
270,1,-0.260675357626336
271,1,-0.549267247824213
272,1,-0.599464544787291
273,1,-0.150373520941316
274,1,-0.942140871999773
275,1,-0.102613114124783
276,1,-0.00490186554955732
277,1,-0.0428368390713449
278,1,-0.252887936022183
279,1,-0.836336660525772
280,1,-0.979835748756233
281,1,-0.410102297340585
282,1,-0.534318378085372
283,1,-0.432605002367561
284,1,0.26431389144637
285,1,-0.534757506804564
286,1,-0.0793128811117896
287,1,-0.452984970822335
288,1,-0.28094933618874
289,1,-0.133691751197223
290,1,-0.964490408543573
291,1,-0.394134984555505
292,1,0.0384312778038672
293,1,-0.51290749178119
294,1,-0.602404039257705
295,1,0.235647904223843
296,1,-0.264524652056456
297,1,0.00474980852024802
298,1,-0.0383877305251773
299,1,-0.232029036788748
300,1,-1.08286453365443
301,1,-0.180765774262226
302,1,-0.145495787606533
303,1,-0.714222970271137
304,1,-0.165162790762857
305,1,-0.0685539371992747
306,1,-0.266088839292793
307,1,-0.650862303559694
308,1,-0.252294768581564
309,1,0.0595389099451418
310,1,-0.469469177517602
311,1,-0.51494148001979
312,1,-0.861454098244605
313,1,-0.773241284845711
314,1,-0.988957809452967
315,1,0.0139028854264527
316,1,-0.0772666098830496
317,1,-0.624211020544998
318,1,-0.368844461880728
319,1,0.033718912211227
320,1,0.0301132555424606
321,1,0.0235824854193442
322,1,-0.47149486486804
323,1,-0.566366391799075
324,1,-0.594147682733316
325,1,-0.204648598426988
326,1,0.444224251456978
327,1,-0.246918383964606
328,1,-0.441463896612458
329,1,-0.662950431303298
330,1,-0.788001328896632
331,1,-0.0636558577824418
332,1,-0.287024878138687
333,1,-0.103584509411209
334,1,-1.24130840830336
335,1,-0.500056216164304
336,1,-0.621563918297041
337,1,-0.596374964637145
338,1,-0.188934101870121
339,1,-0.0645099045431824
340,1,-0.14737003593061
341,1,-0.748320735906707
342,1,0.195783243135368
343,1,-0.772471574707312
344,1,-0.124326388509847
345,1,-0.251240046908269
346,1,-0.360561984109001
347,1,0.53743729439076
348,1,-0.985716552480208
349,1,-0.80024219551413
350,1,-0.744131099692442
351,1,0.115724055712382
352,1,-0.575314034377574
353,1,-0.591556753865344
354,1,-0.0813443904056442
355,1,-0.0829753367390785
356,1,-0.159768163517886
357,1,-0.308934415725044
358,1,-0.492176595825159
359,1,-0.0017241626443458
360,1,-0.48794056935137
361,1,-0.814503588282877
362,1,-0.031552474295256
363,1,-0.331388174477887
364,1,-0.555924661508821
365,1,-0.707200188200829
366,1,-0.274398899680684
367,1,-0.176675993693855
368,1,-0.297327942364561
369,1,0.104980562919784
370,1,-0.36588777997012
371,1,-0.452984970822335
372,1,-0.744694367093444
373,1,-0.277986092013013
374,1,-0.0259135036568867
375,1,-0.465965741377188
376,1,-0.491584728232073
377,1,-0.604952442461746
378,1,0.132372330302259
379,1,-1.28248637511819
380,1,-0.361894664460755
381,1,-0.394650386805129
382,1,-0.697663789892972
383,1,-0.841375892292176
384,1,-0.662648668800954
385,1,-0.0690583563062916
386,1,-0.468177572161101
387,1,-0.645392702631825
388,1,-0.370101494280586
389,1,0.152841047090635
390,1,-0.700954964596508
391,1,-0.381332463399722
392,1,-1.01908378445831
393,1,-0.788576253709238
394,1,-0.583282100594369
395,1,-0.245814907830209
396,1,0.181829142897557
397,1,-0.750923077526567
398,1,-0.483488737200743
399,1,-0.651954122282487
400,1,-0.124539402678589
401,1,-0.267627633991054
402,1,-0.309010689255476
403,1,-0.738724815035867
404,1,0.10031132165786
405,1,-0.754581067324022
406,1,-0.782684466842657
407,1,-0.379286192170982
408,1,-0.362770364491524
409,1,0.00783733933493058
410,1,0.0340977656355702
411,1,-0.35649313739355
412,1,-0.233373671739754
413,1,-0.410104195854905
414,1,-0.421917262773928
415,1,-0.566014477013636
416,1,-0.465437864324394
417,1,-0.53511780458571
418,1,-0.747669345750639
419,1,-0.231944371775519
420,1,-0.13388659064159
421,1,-0.0149171946360758
422,1,-0.0180373337191319
423,1,-0.0707812191031041
424,1,-0.433512752991804
425,1,-0.376784011636613
426,1,-0.385614305689427
427,1,0.0771039522205949
428,1,-0.502920088617757
429,1,-0.448603355706407
430,1,0.187405788905614
431,1,-0.458946651601033
432,1,-0.57601534226442
433,1,-1.14777325678518
434,1,-0.0720498251833924
435,1,-0.285691226330288
436,1,-0.308620178419529
437,1,-0.580542148097947
438,1,-0.947909582235825
439,1,-0.661315016992555
440,1,-0.231327400511014
441,1,-0.370814459579036
442,1,-0.779697013382292
443,1,0.0186558058104282
444,1,-0.747669345750639
445,1,-0.855334030898014
446,1,-0.310861234974062
447,1,-0.466118480251082
448,1,-0.466089254480463
449,1,-0.707200188200829
450,1,-0.859242267460692
451,1,-0.415556854002295
452,1,-0.463493803516608
453,1,0.484178006757164
454,1,-0.708544823151834
455,1,-0.237769750691416
456,1,-0.776112377064572
457,1,-0.286772061910474
458,1,-0.578908033634737
459,1,-0.41255636806386
460,1,-0.277375927673341
461,1,-0.14867858406759
462,1,-0.839276154996186
463,1,-0.149809579271317
464,1,0.0335685887352433
465,1,-0.0419921552500469
466,1,0.648482339048019
467,1,-0.53151337986084
468,1,-1.02172668086951
469,1,-0.496423285085923
470,1,-0.610454046883269
471,1,0.151507395282236
472,1,-0.328758313788697
473,1,-0.918560201363576
474,1,-0.379935532991588
475,1,0.0170079166965144
476,1,-0.914185508825407
477,1,-0.27332742703994
478,1,-0.466890968112515
479,1,-0.00496648166838576
480,1,-0.28829323955926
481,1,-0.502101432205226
482,1,-0.476724278435946
483,1,-0.941791006549797
484,0,-1.19403412384726
485,1,-0.350112382539868
486,0,-0.415816983834486
487,0,-0.615119518781175
488,0,-0.421222594222064
489,0,-0.400544339601271
490,1,0.0497235138588354
491,0,-0.54174103393107
492,0,-0.279675206943324
493,0,-0.779032994357975
494,0,-0.549014431596001
495,0,-0.284511714461711
496,0,-0.575225286043972
497,0,-0.566743195887955
498,0,-0.230285153640889
499,0,-0.331211631780107
500,0,-0.208874696945989
501,0,-0.691848355019691
502,0,-0.650348279620472
503,0,0.110676952667099
504,0,-0.529326408088631
505,0,-0.186282897707301
506,0,0.0896569230769723
507,0,-0.331388174477887
508,0,-0.180402439861436
509,0,-0.068267625816846
510,0,0.173308464031478
511,0,-0.291572030054263
512,0,0.00325243469534814
513,0,-1.00125796408113
514,0,-1.14643960497679
515,0,-0.0899015221481962
516,0,0.0561713711165371
517,0,-0.453552024356062
518,0,-1.13803283438178
519,1,0.0708993740022455
520,0,-0.538801539460656
521,0,-1.0066105448742
522,0,-0.431360444770873
523,0,-0.0101102587664172
524,0,-0.231148134208773
525,0,-0.480779723843927
526,0,0.286691184855752
527,0,-0.276028569117876
528,0,-0.0998263585282631
529,0,-0.139066086478718
530,0,-0.232919170363515
531,0,-0.523980266145463
532,0,-0.385845562486182
533,0,-0.705605328681421
534,0,-0.678803593924546
535,0,-0.475315652944649
536,0,-0.91276956973013
537,0,-0.409056701287464
538,1,-0.235873128669663
539,0,-0.232919170363515
540,0,-0.44110261154713
541,0,-0.0275692640496798
542,1,-0.174825447975269
543,0,-1.06906700520137
544,0,-0.30035595061626
545,0,-0.0110850573544132
546,0,-0.0365655245114232
547,0,-0.702804109249167
548,0,-0.478077304869749
549,0,-0.50311827724512
550,0,-0.775801251622785
551,0,-0.736288361362068
552,0,-0.867669659605561
553,0,-0.420583610965529
554,0,-0.412829530374122
555,0,-0.767621360441858
556,0,-0.717954664136034
557,0,0.0915528708297284
558,0,-0.732210144366729
559,0,-0.791685063771579
560,0,-0.357602143556538
561,0,-1.07525956728611
562,0,0.178207217717308
563,0,-0.167902743259279
564,0,-0.810455087649475
565,0,-0.0114326356726738
566,0,-0.596395310719194
567,0,-0.993503974084361
568,0,-0.232798746927147
569,0,-0.565984814770272
570,0,-1.04098525895276
571,0,-0.615480803846503
572,0,-0.314327551309451
573,0,-0.283742004323311
574,0,-0.368704197810004
575,0,-0.503042177964105
576,0,-0.198360042308299
577,0,-0.68475150005254
578,0,-0.211962785435571
579,0,-0.348236780869161
580,0,-0.518224353835165
581,1,0.146873544368521
582,1,0.233601632995103
583,0,-1.12250308019246
584,0,0.0960250490624054
585,0,-0.177037278759182
586,0,-0.315408386889637
587,0,0.096462607658165
588,0,-0.805580077919152
589,0,-0.596395310719194
590,0,-0.509830386434214
591,0,-0.0756370175157222
592,0,0.0147600440509208
593,0,-0.487134387742009
594,0,-0.48437372310109
595,1,-0.0489013978786851
596,0,-0.113356606917382
597,0,-1.02139981469574
598,0,-0.362295517033236
599,0,-0.242851586584618
600,0,-0.431630203779565
601,0,-0.478177382224067
602,0,-0.794272643456553
603,0,-0.459659616899483
604,0,-0.276782760232722
605,0,-0.313482867488153
606,0,-0.0520102079410254
607,0,-0.415317032704779
608,0,-0.58652999690211
609,0,-0.91110797386915
610,0,-1.21909648263612
611,0,-0.471342125994146
612,0,-0.464057745186608
613,0,-0.8680917914257
614,0,-0.713017001384511
615,0,-0.244886874670752
616,0,-1.21086863246525
617,0,-0.469921025699678
618,0,-0.424121857023726
619,0,-0.0473852908344541
620,0,-0.549848132274692
621,0,-0.399980397931271
622,0,-0.527464879227438
623,0,-0.71033032314231
624,0,-0.555349736696215
625,0,0.0819039203643831
626,0,-0.107025769794477
627,0,-1.04765611889718
628,0,-0.134659024384449
629,0,-0.662375506490692
630,0,-0.606891668610298
631,0,-0.932139332479992
632,0,-0.505728856206307
633,0,-0.532301386745825
634,0,0.0128389926267455
635,0,-0.532682963774629
636,0,-0.764153552445905
637,0,-0.67423684541485
638,0,-0.549267247824213
639,0,-0.973167284025382
640,0,-0.928169828981483
641,0,-0.447015418764758
642,1,-0.184160161135099
643,0,-0.448918173442347
644,0,-0.0747474865682009
645,0,0.0764343194365137
646,0,-0.533938850392032
647,0,-0.416120795672294
648,0,-0.710943211086442
649,0,-0.553814399739789
650,0,-0.111462638089791
651,0,-0.343011835278564
652,0,-0.562197467729306
653,0,-0.719852257614433
654,0,-0.702804109249167
655,0,-0.479208300073476
656,0,-0.0217524508659971
657,0,-0.00676339441074995
658,0,-0.585878606746042
659,0,-0.482952988869069
660,0,-0.422040195446777
661,0,-0.509724695320132
662,0,-0.763768877078146
663,0,-0.894019180117912
664,0,-1.06165533249828
665,0,-0.192390490250722
666,0,-1.30538198619468
667,0,-0.855410496241476
668,1,0.113463708263619
669,0,-0.770123104503482
670,0,-0.31416382929295
671,0,-0.553239474927183
672,0,-0.712440584911342
673,0,0.0257811671310905
674,0,-0.402629113041947
675,0,-0.813669887604186
676,0,-0.874305373861491
677,0,-0.224492144281092
678,0,-1.32280588346101
679,0,-0.409265193360324
680,0,-0.781168359798426
681,0,-1.02503299043384
682,0,-0.897712285272747
683,0,-0.605137184829294
684,0,-0.607062704230778
685,0,-0.45868136056965
686,0,-0.504286735560793
687,0,-0.718771422034246
688,0,-0.37569219291382
689,0,-1.02413976719217
690,0,-0.0400221575517391
691,0,-0.741089384693675
692,0,0.427587305887817
693,0,-1.11277643243975
694,0,-0.46263392128768
695,0,-0.20547783112837
696,0,0.0477659909636977
697,0,-0.155566869892017
698,0,-0.824577448291394
699,0,-0.455801388662219
700,0,-0.820622163968904
701,0,-0.926649385470073
702,0,-0.489032388074164
703,0,0.54139257871325
704,0,-0.941714541206335
705,0,-0.0719497478290745
706,0,-0.212468696203151
707,0,-0.232571958107701
708,0,-0.706180253494027
709,0,0.234673105635847
710,0,-0.644508701712894
711,0,-0.327570501031959
712,0,-1.14007910561052
713,0,-0.976943302045632
714,0,-1.02303076102918
715,1,-0.00668934446519826
716,0,-0.719199567610831
717,0,-0.708422733805486
718,0,-0.435525965539072
719,0,-0.686591015528699
720,0,-0.0557366541086064
721,0,-0.372800801391037
722,0,-0.570027493460257
723,1,-0.0210357703221033
724,0,-0.775411069177726
725,0,-0.222553905416723
726,0,-0.134095082714449
727,0,-0.737785735186968
728,0,0.204069261903121
729,0,-0.806349788057551
730,0,-0.527542644418434
731,0,-0.448146413968485
732,0,-0.0813443904056442
733,0,-0.733181838431443
734,0,-0.836046555435031
735,0,-0.688516534930183
736,0,-0.313752626496844
737,0,-0.532283089999239
738,0,-0.333298894272927
739,1,-0.289934566408056
740,0,-0.2886727672526
741,0,-0.0674979156784468
742,0,-0.620666939018614
743,0,-0.468135525709203
744,0,-0.556742330637171
745,0,-0.320435143852871
746,0,0.307508903719315
747,0,-0.592814030924917
748,0,-0.346164969496257
749,0,-0.697604267329989
750,0,-0.578819285301135
751,0,0.0157644142876452
752,0,-0.581194838101549
753,0,-0.0244817332349972
754,0,-0.575225286043972
755,0,-0.917012909807898
756,0,-0.582381663574106
757,0,-0.651075943306973
758,0,-0.624953211614068
759,0,-0.466025263940171
760,0,-0.431260367416555
761,0,-0.640849344424561
762,0,-0.176470225225455
763,0,-0.13388659064159
764,0,-0.73387527503941
765,0,0.188100457457478
766,1,-0.191309654670535
767,0,-0.567298211091257
768,0,-0.917943230099071
769,0,-0.00121974353732882
770,1,0.159112361650557
771,1,0.225036629973672
772,0,-0.872519873871015
773,0,-0.990126338178937
774,0,-0.661001209296322
775,0,-0.544348959698095
776,0,-0.296297024515152
777,0,-0.165464553265201
778,0,0.101704496029241
779,0,-0.783153401762893
780,0,-0.0424180564342027
781,0,0.180221485452395
782,0,-0.572711692757714
783,0,-0.0122408666174986
784,0,-0.57678505240282
785,0,-0.114011041293833
786,1,-0.140005166327617
787,0,0.29563441572299
788,0,-0.245271986511256
789,0,-0.277452393016804
790,0,0.381540078573022
791,0,-0.684059555105136
792,0,-0.290113396237551
793,0,-0.780213907292479
794,0,-1.41515594582691
795,0,0.178508305950656
796,0,-0.258939775366638
797,0,-0.529025319855283
798,0,-0.298784090373064
799,0,-0.211387860622964
800,0,0.0659196647988241
801,0,-1.01133553933509
802,0,0.122159438166914
803,0,-0.532441476567132
804,0,0.398675675424357
805,0,-0.0712330672851806
806,0,-0.784351156259483
807,0,-0.907002674277225
808,0,0.234021715479778
809,0,-0.330236833192111
810,0,-0.73842372680252
811,0,-0.875911216523506
812,0,-0.916456839416778
813,0,-0.432452263493667
814,1,0.350738725910044
815,0,-0.433512752991804
816,0,-0.418407600139106
817,0,-0.389889595142274
818,1,-0.232026313184288
819,0,-0.21708425037028
820,0,-0.747164926643622
821,0,-0.816134534616311
822,1,-0.0834181807037138
823,0,-0.0625248625787151
824,0,-0.620102997348614
825,0,-0.522917727311862
826,0,-0.774936221719437
827,0,-0.503193250928019
828,1,0.113292672643138
829,0,-0.864882904009042
830,0,-0.272707732170975
831,0,-0.919232611870691
832,0,-0.308417521814857
833,0,-0.957634806231602
834,0,-0.974018935572551
835,0,-0.940332372733086
836,0,-0.31416382929295
837,0,-0.284511714461711
838,0,-0.41991993781932
839,1,-0.20152254680588
840,0,-0.410303982488612
841,0,-0.369634518101177
842,0,-0.323131817953498
843,0,-0.305205490612717
844,0,-0.285300715494341
845,0,-0.327931786097286
846,1,-0.255950363165447
847,0,0.51007205443663
848,0,-0.730971499308093
849,0,-0.286255168000288
850,0,-0.5081824973203
851,0,-0.452119266649991
852,0,-0.321483928839584
853,0,-0.0421448941239411
854,0,-0.05193244275003
855,0,-0.411437847663304
856,0,-1.05553675681225
857,0,-0.267725745264099
858,0,-0.509724695320132
859,0,-0.253930182892308
860,0,-0.391104926968342
861,0,-0.0468698885848304
862,0,-0.70839208427794
863,1,0.199464690878599
864,0,-0.342419967685479
865,0,-0.207024151227403
866,0,-0.355312224459046
867,1,-0.10313000803497
868,0,-0.704665638110359
869,0,-0.753727020563282
870,0,-0.32940313251342
871,0,-0.454441555303583
872,0,-0.818179505997518
873,0,-0.300055175398098
874,0,-0.504313262989139
875,0,-0.217629949412267
876,0,-0.338098862416715
877,1,0.301752991409017
878,0,-0.0529327110718923
879,0,0.15855778292
880,1,-0.172797473493115
881,0,-0.871818237593281
882,0,-0.567136101937474
883,0,-0.347607090141771
884,0,-0.93261893752765
885,0,-0.613607181100962
886,0,-0.916198721372676
887,0,-0.933713479854904
888,0,-1.11024497201619
889,0,-0.168494610852364
890,0,-0.855081214669802
891,0,-0.715744234418049
892,0,-0.805853240229414
893,0,-0.421664446545715
894,0,-0.111209821861579
895,0,-0.846563259408184
896,1,-0.514689877140985
897,0,-0.75018498837236
898,0,-0.251756940818456
899,0,-0.753940660310561
900,0,-0.0897989355573961
901,0,0.394450632093176
902,0,-0.317415082124133
903,0,-0.826953001091809
904,0,-0.274483236303025
905,0,0.123329022080703
906,0,-0.339949408135301
907,0,-0.278025268493947
908,0,-0.452183257190283
909,0,0.0612367167898333
910,0,-0.57471126210475
911,0,-0.658693384478464
912,0,-0.575515391134713
913,0,-0.585438178179317
914,0,0.270618547019038
915,0,-0.26937214271745
916,1,0.0959485837189433
917,0,-0.364543145019114
918,0,-0.889785210320033
919,0,-0.57293848157716
920,0,-0.632755066762218
921,0,-0.705907091183765
922,0,-0.108370404745483
923,0,-0.591923132486517
924,0,-0.879270555682343
925,0,-0.501555787281812
926,0,-0.20208648847588
927,0,-0.424525188540952
928,0,-0.660724893772318
929,1,-0.20290471527913
930,0,-1.00941176430646
931,0,-0.650407802183455
932,0,-0.578026505476226
933,0,-0.242708384899584
934,0,0.0736475638399941
935,0,-0.564981744381081
936,0,-0.743134600734596
937,0,-0.224492144281092
938,0,-0.670362104006389
939,0,-0.4159680567984
940,0,-0.385845562486182
941,0,-0.871001479695069
942,0,-0.40495140169554
943,0,-0.362770364491524
944,0,0.244145513403412
945,0,-0.980877995626358
946,0,-0.52282897897826
947,0,-0.259899734949885
948,0,-0.609575867907754
949,0,-0.737532918958756
950,0,-0.286772061910474
951,0,-0.870409612101983
952,0,-0.140157905201511
953,0,-0.325494895950742
954,0,-0.785060019643071
955,0,-0.702273508591913
956,0,0.405160629731558
957,0,-0.72759113979821
958,0,-0.313256078668707
959,0,-0.211387860622964
960,0,-0.119037798257067
961,0,-0.938120541949172
962,0,-0.520347090407367
963,0,-0.34831175455206
964,0,-0.560388968462619
965,0,-0.708271660841573
966,0,-1.17866992921311
967,0,-0.64452699845948
968,0,-0.657987664880356
969,0,-1.32303472161592
970,0,-0.840057284749937
971,0,-0.272847821992282
972,0,-0.533374908722033
973,0,-0.808169270466845
974,0,-0.469759282608343
975,0,-0.528621988338057
976,0,-0.116187052120255
977,0,0.125416284573523
978,0,-0.205691470875649
979,0,-0.0064021093454225
980,0,0.152361442042977
981,0,-0.804197479836621
982,0,-0.719210550753438
983,0,-0.536178851758747
984,0,-0.319101492044473
985,0,-0.247130645401483
986,0,-0.158580350761148
987,0,-0.639179120196034
988,0,-0.679998579668565
989,0,-0.978666164842445
990,0,-0.530344851134869
991,0,-0.63623962572562
992,0,-0.187463810641806
993,0,-0.351204201262661
994,0,-0.339953177499318
995,0,-0.670223828968229
996,0,-0.534494920783152
997,0,-0.405721111833939
998,0,-0.341951345780427
999,0,-0.268280323994656
1000,1,-0.626286863422467
