Subj,Class,risk_1d
1,1,5.732
2,0,241.057
3,1,6.159
4,1,11.777
5,0,126.047
6,0,253.261
7,1,5.305
8,1,-5.305
9,0,132.519
10,0,241.057
11,1,-126.474
12,0,241.797
13,1,-0.426999999999999
14,0,247.529
15,0,120.742
16,1,-0.74
17,0,253.261
18,0,132.519
19,0,126.047
20,1,-121.055
21,0,241.057
22,0,114.27
23,0,126.787
24,1,-0.426999999999999
25,1,-18.249
26,1,-0.313000000000002
27,1,-126.047
28,0,246.789
29,0,241.797
30,0,253.261
31,0,132.946
32,0,132.519
33,1,235.325
34,0,126.787
35,0,246.789
36,0,247.529
37,0,120.742
38,1,-0.313000000000002
39,1,114.583
40,1,-132.946
41,0,247.529
42,1,-247.529
43,1,0.313000000000002
44,0,246.789
45,1,6.159
46,1,5.732
47,0,132.946
48,1,-0.74
49,1,-6.045
50,1,-6.159
51,1,-246.789
52,1,-241.797
53,0,247.529
54,1,0.313000000000002
55,0,132.519
56,0,247.529
57,0,120.002
58,1,12.517
59,1,6.785
60,1,-126.787
61,1,-5.305
62,0,241.797
63,1,0.313000000000002
64,0,132.946
65,1,11.777
66,0,126.474
67,0,241.797
68,1,11.777
69,0,120.315
70,1,18.249
71,0,126.047
72,1,-247.529
73,1,-127.527
74,0,121.482
75,1,-241.797
76,1,0.313000000000002
77,1,-247.529
78,0,132.946
79,0,138.991
80,1,5.305
81,0,248.269
82,1,-115.01
83,1,11.777
84,1,-0.313000000000002
85,1,-133.259
86,1,-127.527
87,1,-6.159
88,1,11.777
89,0,241.797
90,1,-132.519
91,0,253.261
92,1,-5.305
93,1,6.159
94,1,-127.527
95,1,-120.002
96,0,120.742
97,0,241.057
98,1,-6.472
99,1,-121.055
100,0,241.797
101,1,-5.305
102,0,259.733
103,1,-241.057
104,0,126.474
105,1,-0.313000000000002
106,0,120.742
107,1,-126.787
108,1,-120.002
109,0,120.315
110,0,253.261
111,0,241.057
112,0,254.001
113,0,253.261
114,0,126.474
115,0,127.214
116,0,253.261
117,0,253.261
118,0,121.055
119,1,-0.313000000000002
120,0,132.519
121,0,253.261
122,1,-5.305
123,0,253.261
124,0,259.733
125,1,-259.733
126,1,-120.002
127,0,241.797
128,0,132.519
129,0,120.315
130,0,126.474
131,0,121.055
132,1,235.325
133,1,-121.482
134,0,126.787
135,0,127.527
136,0,126.474
137,1,-121.055
138,1,-0.313000000000002
139,1,18.249
140,1,-235.325
141,0,253.261
142,1,6.045
143,0,253.261
144,1,-138.991
145,1,-235.325
146,0,241.797
147,0,259.733
148,0,126.047
149,0,247.529
150,1,-12.517
151,0,253.261
152,0,259.733
153,1,235.325
154,0,138.991
155,1,-6.045
156,0,253.261
157,1,11.777
158,0,253.261
159,1,-0.313000000000002
160,1,-0.313000000000002
161,0,248.269
162,1,-6.785
163,1,6.045
164,1,-6.159
165,1,5.732
166,0,138.991
167,1,0.426999999999999
168,0,115.01
169,0,246.789
170,0,259.733
171,0,241.797
172,0,138.991
173,1,0
174,1,-126.047
175,0,247.529
176,1,6.159
177,0,126.474
178,1,5.305
179,1,-0.313000000000002
180,0,120.002
181,1,18.249
182,0,253.261
183,1,-120.742
184,1,-6.472
185,1,12.517
186,0,121.482
187,0,253.261
188,1,11.777
189,0,132.946
190,1,-0.313000000000002
191,0,253.261
192,1,-253.261
193,1,-114.583
194,1,-253.261
195,1,-235.325
196,0,115.01
197,0,132.946
198,0,126.787
199,0,138.991
200,1,11.777
201,0,126.047
202,0,126.474
203,0,259.733
204,0,259.733
205,0,120.742
206,1,-127.214
207,1,235.325
208,1,-235.325
209,1,-259.733
210,0,254.001
211,0,-12.204
212,0,241.797
213,1,-11.777
214,0,253.261
215,0,253.261
216,1,6.472
217,1,6.045
218,1,0.426999999999999
219,1,12.204
220,1,5.732
221,1,5.305
222,0,253.261
223,1,-235.325
224,0,259.733
225,1,12.204
226,1,12.204
227,0,121.482
228,1,12.204
229,1,12.204
230,1,-6.472
231,1,0.74
232,0,253.261
233,1,235.325
234,1,-127.214
235,0,246.789
236,1,11.777
237,1,-6.159
238,0,133.259
239,1,-121.482
240,1,-114.583
241,1,-132.519
242,0,253.261
243,0,126.787
244,0,241.057
245,0,126.787
246,0,133.259
247,1,6.159
248,1,5.305
249,1,-6.159
250,1,0
251,1,-253.261
252,0,241.797
253,1,-114.583
254,1,-246.789
255,1,6.785
256,1,-0.313000000000002
257,1,5.732
258,1,11.777
259,0,247.529
260,1,-241.057
261,0,114.583
262,0,126.787
263,0,253.261
264,0,253.261
265,1,-235.325
266,1,114.583
267,1,0.426999999999999
268,1,-248.269
269,0,254.001
270,1,-5.732
271,0,120.315
272,0,246.789
273,1,12.517
274,0,126.047
275,1,-253.261
276,1,0.74
277,0,247.529
278,1,12.204
279,0,247.529
280,1,-121.055
281,0,114.27
282,1,6.159
283,1,-6.785
284,0,126.047
285,0,253.261
286,0,253.261
287,0,241.057
288,0,132.519
289,0,248.269
290,0,126.047
291,0,121.055
292,0,253.261
293,0,259.733
294,1,12.517
295,1,6.159
296,0,120.742
297,1,12.517
298,0,247.529
299,1,11.777
300,0,253.261
301,0,126.047
302,0,253.261
303,1,0.313000000000002
304,0,121.482
305,0,246.789
306,1,6.159
307,0,120.315
308,0,126.474
309,1,-241.797
310,0,133.259
311,0,248.269
312,0,132.946
313,1,-121.055
314,1,0.313000000000002
315,0,132.946
316,0,246.789
317,0,259.733
318,1,-6.472
319,1,-0.426999999999999
320,0,126.787
321,0,253.261
322,1,235.325
323,0,235.325
324,1,-132.946
325,0,241.797
326,1,-241.057
327,1,-0.426999999999999
328,0,132.519
329,1,-5.732
330,0,120.742
331,1,0.426999999999999
332,1,-6.045
333,0,254.001
334,0,126.787
335,0,247.529
336,0,138.991
337,0,121.055
338,0,253.261
339,1,0.426999999999999
340,0,133.259
341,1,12.517
342,0,246.789
343,0,138.991
344,0,-115.01
345,1,6.045
346,0,132.519
347,0,127.214
348,1,-6.045
349,0,126.474
350,0,235.325
351,1,-0.313000000000002
352,0,247.529
353,1,5.305
354,1,-6.045
355,0,241.057
356,0,259.733
357,1,-0.426999999999999
358,0,253.261
359,1,-12.517
360,1,-121.055
361,1,18.249
362,0,246.789
363,0,120.315
364,1,-114.27
365,0,127.527
366,0,126.474
367,0,115.01
368,0,259.733
369,0,121.055
370,0,247.529
371,1,-6.159
372,0,132.519
373,0,253.261
374,0,246.789
375,0,132.519
376,1,18.249
377,0,259.733
378,0,-12.204
379,0,254.001
380,0,132.519
381,1,0.313000000000002
382,0,138.991
383,0,241.057
384,0,247.529
385,0,247.529
386,1,0.426999999999999
387,0,259.733
388,0,132.519
389,0,259.733
390,0,253.261
391,0,126.787
392,0,115.01
393,0,259.733
394,0,115.01
395,0,126.787
396,0,133.259
397,0,126.047
398,0,126.047
399,1,-6.785
400,0,241.797
401,1,108.538
402,1,-6.785
403,1,108.538
404,1,-121.482
405,1,-259.733
406,0,121.055
407,0,254.001
408,0,126.047
409,1,235.325
410,1,-132.519
411,0,247.529
412,1,-115.01
413,1,-114.583
414,1,-6.045
415,0,114.583
416,1,-132.519
417,1,-108.538
418,1,11.777
419,1,-241.797
420,0,259.733
421,0,126.474
422,0,247.529
423,0,253.261
424,0,253.261
425,0,120.002
426,0,120.002
427,1,0
428,1,-0.426999999999999
429,1,6.785
430,0,253.261
431,1,18.249
432,0,241.057
433,1,-0.313000000000002
434,1,6.045
435,0,120.002
436,0,121.482
437,0,253.261
438,1,11.777
439,0,253.261
440,1,5.305
441,0,127.527
442,1,-6.159
443,1,6.159
444,0,253.261
445,0,126.474
446,0,120.742
447,1,-121.055
448,0,126.474
449,1,11.777
450,0,259.733
451,0,120.002
452,0,253.261
453,0,120.742
454,1,-253.261
455,0,259.733
456,1,6.785
457,1,108.538
458,0,253.261
459,1,-12.517
460,0,241.797
461,0,247.529
462,1,0.313000000000002
463,1,-120.002
464,0,259.733
465,1,12.204
466,0,247.529
467,0,126.474
468,0,126.787
469,1,6.159
470,0,132.946
471,1,5.305
472,1,-6.785
473,1,-115.01
474,0,120.315
475,1,5.305
476,0,126.474
477,0,259.733
478,1,-115.01
479,1,-5.732
480,1,11.777
481,1,-120.742
482,0,132.519
483,0,235.325
484,1,-0.313000000000002
485,0,120.002
486,1,-114.583
487,1,-254.001
488,1,6.785
489,1,6.472
490,1,-247.529
491,1,5.305
492,1,-127.527
493,1,-6.159
494,1,5.305
495,1,6.472
496,0,259.733
497,1,-0.426999999999999
498,0,253.261
499,1,11.777
500,0,246.789
