Subj,Class,risk_ori
1,1,0.0595966039476656
2,0,0.110422121848425
3,0,0.0937733891561438
4,0,0.0265105503801679
5,1,-0.0319488350372686
6,1,0.13953033550448
7,1,0.0230400778984604
8,1,0.0841145921411173
9,1,-0.0286852124414569
10,1,-0.0365023089799773
11,0,0.169116697848923
12,1,0.102129755057944
13,1,-0.06176927703807
14,1,-0.015884717614229
15,1,-0.0492457654611374
16,0,0.0423842747742324
17,1,-0.0729899921719636
18,1,0.0515846950733516
19,1,0.0577944861090799
20,0,-0.0794384542970718
21,1,0.0109714733137621
22,0,0.0194830151954385
23,0,0.0908662313408494
24,1,0.106559575647641
25,1,0.0938847231443155
26,1,0.0388532463452252
27,1,0.130856484192324
28,1,0.110973716416993
29,0,0.134538650305844
30,1,0.030361297910243
31,1,-0.0323093322726987
32,1,0.150905396451617
33,0,0.068963943985922
34,1,0.0922108204511199
35,0,-0.0925696614455378
36,1,-0.0682595318304097
37,0,0.0467412927842056
38,1,0.149177333848791
39,1,0.113117586031916
40,1,0.0825643999605455
41,1,-0.106130856235255
42,0,0.090481307790822
43,1,0.0702787481820033
44,1,0.0613550293184208
45,1,-0.0214061025491542
46,1,0.0327372764299156
47,1,0.0674954469615953
48,1,0.00906481635267289
49,0,0.116592330246239
50,1,0.0394378616144701
51,1,0.0507526425886165
52,0,0.0874362610192015
53,1,-0.0687138189317957
54,0,-0.0248642556660153
55,1,0.013975031050193
56,1,0.0826217201213517
57,0,0.0861219833577072
58,1,0.0763244193421697
59,1,0.189526113184085
60,0,-0.0322700769282307
61,1,-0.0403352676679995
62,0,-0.176006892025178
63,0,0.0798821568474967
64,1,0.0489144597133395
65,1,0.0774599307162642
66,0,-0.0240345096044248
67,1,-0.0240617906940485
68,1,0.180213556387916
69,0,0.0501855714415816
70,1,-0.00933902659480031
71,1,0.123964604273194
72,0,0.0636079537520794
73,1,0.0976216270212003
74,0,0.123619865430971
75,0,0.0711658144044029
76,1,-0.057063763705256
77,1,0.0509892832291545
78,0,0.0465084086242864
79,1,0.0935829961271716
80,0,0.122542926873731
81,1,0.170528105208018
82,1,-0.00352779264251953
83,1,0.0676617946874315
84,1,0.00553406389796253
85,1,0.0357559714752497
86,1,-0.0291002441983807
87,1,-0.0534389454102899
88,0,0.0942309120440146
89,0,-0.0205072376560421
90,0,0.0535502521447498
91,0,0.0710955214897011
92,1,-0.000388032482053012
93,1,0.0776259966273563
94,1,-0.0424643355067601
95,1,-0.0279517935685858
96,1,0.0641345227390488
97,0,0.00994812609445954
98,1,0.035644434245207
99,1,0.00157975828006965
100,1,0.0671650164551013
101,1,-0.0594155704713577
102,1,0.182259630935673
103,1,0.0385355162150361
104,1,0.13487106978322
105,1,-0.00459301110191802
106,1,0.0869667362187413
107,1,-0.00886950179434304
108,1,-0.0812370916293385
109,0,0.0684224946499292
110,1,-0.0348129810274819
111,0,-0.0724384761762542
112,0,0.106806492168997
113,1,-0.0680777016856651
114,1,0.146436523759333
115,1,0.0866219973765164
116,1,-0.0912405489137284
117,0,0.0188861532937614
118,0,0.0349822099926329
119,1,0.0396009735538273
120,1,-0.0365143108925637
121,0,-0.0641759001404153
122,1,-0.0338320736199652
123,1,0.142134316245147
124,1,0.0429226424319086
125,1,0.0712891503051611
126,1,0.0308580761425732
127,1,-0.0501030409288977
128,0,0.0346067786901734
129,1,-0.00440062910206418
130,0,0.0053677161721292
131,0,-0.075854138162174
132,1,-0.0723113837948801
133,0,0.045745198996776
134,1,-0.0686292176813717
135,0,0.0270371193671403
136,0,0.0502558643562834
137,0,0.00322376798434819
138,1,0.00311421972518418
139,1,0.0398376141943653
140,0,0.1572032692441
141,1,0.0315484831903633
142,1,0.0950319269585131
143,0,-0.119827939034308
144,1,-0.00906188379420271
145,1,0.178346103452133
146,1,0.00315347506964057
147,0,-0.0678425111025984
148,1,0.110531670107586
149,0,-0.079841442663449
150,1,0.102269094071748
151,1,0.0830089500945207
152,1,-0.0607994934989577
153,1,0.0514430496364037
154,0,0.0268004787266023
155,1,-0.0230533262226169
156,0,0.0202567766780553
157,1,0.189054281960486
158,1,0.0501595371675611
159,1,-0.0243806985041268
160,0,0.0981184052535363
161,1,-0.167650526123377
162,1,0.0439579915638034
163,1,0.10170202292471
164,1,-0.0573552148415817
165,1,0.14313041003258
166,1,0.0731273331804352
167,1,0.213351184664728
168,0,0.0641345227390547
169,1,0.0196493629212689
170,1,-0.0391880638538019
171,1,0.0352842129840679
172,1,0.0397685680952638
173,1,0.0627638993547549
174,1,-0.0598613732613834
175,1,-0.0291655338168634
176,1,0.106101849517896
177,1,-0.0353527710848931
178,1,0.159374828213805
179,1,-0.0687563100627457
180,1,0.13025962229065
181,0,-0.0296781490152632
182,0,-0.00149347128676693
183,1,0.102822671770756
184,1,0.0297501276728378
185,1,0.0115947240366181
186,1,0.0434351790574498
187,1,0.167634168463165
188,1,0.142425173954925
189,1,0.17517880804505
190,1,0.0399184589641794
191,1,0.0309128866383667
192,1,0.0231496261576186
193,0,-0.148914962162241
194,1,-0.00567116881701408
195,1,0.0432283291715481
196,0,-0.0610358581652018
197,1,0.0380935484784936
198,0,0.0120809504138389
199,0,0.0545305875389713
200,0,-0.0272981322002365
201,0,0.113325523183101
202,1,0.0924319845131998
203,1,0.066692903416764
204,1,0.127840350131158
205,1,0.0318111581049247
206,1,-0.0527767938901359
207,0,-0.00906188379419979
208,1,-0.027867192318153
209,0,0.201313899465013
210,1,-0.023827659718526
211,1,-0.000318986382948583
212,1,0.134719030393112
213,0,0.114904221451596
214,1,0.163594635863541
215,1,0.14906778558963
216,1,0.00517732314315409
217,1,-0.037261762126866
218,1,-0.0355182171051341
219,1,0.122887348263696
220,1,0.049454301089909
221,0,0.1945192484402
222,1,0.011968166368193
223,1,0.110225983367947
224,1,-0.0326148157704585
225,1,0.0548910847744014
226,0,0.0861346837340091
227,0,0.115914623574754
228,1,-0.108110445668084
229,1,0.0297501276728408
230,1,0.0638994048884051
231,1,-0.0520017855919159
232,0,0.0350668112430628
233,1,-0.00473304857943685
234,1,-0.0323093322726958
235,1,0.054034330000778
236,0,0.031633084440799
237,1,-0.0649391097679287
238,1,0.0786066138363249
239,1,0.0913667660538013
240,1,-0.0578232168521476
241,1,0.058612230258084
242,0,0.0559692483299447
243,0,0.00262690608267402
244,0,-0.0953216709387042
245,1,0.0741960263057142
246,1,0.166323126588153
247,1,0.0909092431659304
248,0,0.0621549846253778
249,0,-0.0568428814579202
250,1,0.0828153489368145
251,1,0.0121069846878624
252,1,-0.0683690800895766
253,1,0.0838089054014778
254,1,0.0344126291805825
255,0,0.0564425296110237
256,0,0.0869667362187442
257,1,0.0988391237500968
258,0,0.0391871886125038
259,1,0.0154859737267557
260,0,0.00651815577280868
261,0,0.15368869767202
262,0,0.0711073201604107
263,1,0.147017903242099
264,1,-0.000996693054430932
265,1,0.061932652320565
266,0,0.00178660816596838
267,1,0.0147775018626158
268,1,-0.108025844417654
269,1,0.0117347615141398
270,1,-0.0450407868412666
271,1,0.102362639217861
272,0,-0.0317967956471575
273,1,0.161824181326487
274,1,0.124574166551178
275,0,-0.0321854756778037
276,1,-0.117114930728607
277,1,0.0647589653660482
278,1,-0.139574222570856
279,1,0.076104211897139
280,0,0.00504965874848779
281,0,0.094757481030987
282,1,0.0486112826387155
283,0,-0.0931080291032198
284,0,0.0464499143802971
285,1,0.154560287315958
286,1,0.0458690555916681
287,0,-0.0060041366462744
288,0,0.0312420979870082
289,1,0.00297540140551775
290,0,0.106283679662643
291,0,0.0539104734058859
292,1,0.102269094071751
293,1,-0.100789746350435
294,1,-0.0137125866312319
295,1,0.142425173954922
296,0,0.0904813077908249
297,1,0.0780135084152666
298,1,0.147765636291145
299,0,0.0820951511343851
300,1,0.21404534819314
301,0,0.00504965874848779
302,1,0.0826642112522958
303,1,-0.0716204560529561
304,1,-0.036127779383116
305,1,0.075867571256601
306,1,-0.0248525297277229
307,1,0.0238543415411368
308,1,0.194120292528741
309,0,-0.0681324394490356
310,1,-0.0885545551605081
311,1,-0.00796941190292547
312,1,0.0631941688107529
313,1,0.0721306673797162
314,1,0.0331950811325277
315,0,-0.0790512243239027
316,1,0.121376405587136
317,1,0.135491704610448
318,1,0.128615307110226
319,1,0.0426596500650929
320,0,-0.0640912988899855
321,0,-0.107983353286707
322,1,0.0502983554872305
323,0,-0.0653263397410948
324,1,-0.0679931004352353
325,1,0.0634138042424855
326,1,0.0880176405019645
327,1,0.124116643663305
328,1,-0.0273018886808582
329,1,-0.0273827334506693
330,1,0.0756341664025478
331,0,0.0941479187530109
332,0,0.0644684650063245
333,1,0.0127308553015666
334,0,0.0717859285374941
335,1,0.0431282455022129
336,1,0.00716607168965757
337,0,0.0989624596508549
338,1,0.0587785779839173
339,1,-0.101701238887432
340,0,0.130787438093226
341,1,-0.0727676598671508
342,0,0.053910473405883
343,1,0.00979608670434557
344,1,0.126235572109937
345,0,-0.00861991605765728
346,1,0.105632007265179
347,1,-0.0163400919809072
348,1,0.0284625532472248
349,1,-0.0123457197275568
350,1,0.0868554022305725
351,0,0.09071794843136
352,1,0.159346645418586
353,0,0.0309389209123872
354,1,0.0539529645368242
355,0,-0.0383009463122411
356,0,0.124767120564324
357,1,0.0198702451686017
358,0,0.0233848167406854
359,0,0.0940788726539094
360,0,0.0986592825762339
361,1,0.075758022997437
362,0,-0.0831859100290688
363,1,0.0432283291715481
364,1,0.18166652551462
365,1,-0.000330706480796661
366,0,0.111624141998861
367,0,0.0756771782276317
368,1,0.153812554266912
369,0,-0.0078305994237092
370,0,0.0236033925648765
371,0,0.0724636352089765
372,0,0.0313276009430334
373,1,0.0128154565519964
374,1,0.186647934832437
375,1,-0.0674154774330911
376,1,-0.0966900388149788
377,1,0.106283679662638
378,1,-0.0505598890144606
379,0,0.134759532553174
380,0,0.0794949268743306
381,1,0.0266648961934149
382,0,0.0241480263681929
383,1,-0.104910123719873
384,0,0.0601779834304314
385,0,0.0201877305789538
386,1,0.0597629516735047
387,1,0.015718857886672
388,0,0.0669726344552475
389,1,0.0543369587235114
390,0,0.101785016215719
391,1,0.025862634463319
392,0,0.0481942619109071
393,0,0.0541433575658022
394,1,0.175066023999398
395,0,0.0418720141229853
396,0,0.0953648947877705
397,1,0.0933463554866277
398,1,-0.0499126478999255
399,1,0.00559110808447764
400,0,0.0309389209123872
401,0,-0.0392856102003795
402,0,-0.0199844251496885
403,1,-0.0436999483711676
404,0,0.201785730688612
405,1,0.0831317470818772
406,1,-0.00406991678082609
407,0,0.0906333471809302
408,0,0.0869787381313306
409,1,-0.0402779475071933
410,1,0.153812554266912
411,1,0.0191368262957364
412,1,-0.0860664615570562
413,0,-0.0062287753742231
414,0,0.0391871886125008
415,1,-0.0264300088383685
416,0,0.150324016968857
417,0,0.0115686897625947
418,0,0.0391834321318821
419,1,0.012662329896599
420,0,0.00812226258402601
421,1,0.094176101548224
422,1,0.083214825542407
423,1,0.0751889628795205
424,0,0.126442421995836
425,1,0.0460210949817762
426,1,0.0105997984919243
427,0,-0.0241738486182281
428,1,0.103431614157878
429,0,0.0460508857364184
430,1,0.00647566464186746
431,1,-0.107362712619038
432,0,-0.127063656090068
433,1,-0.0158863255736493
434,1,0.0935792396465499
435,0,0.0423272305877144
436,0,0.0455237447361508
437,1,-0.046351828716279
438,1,0.0311755615529223
439,0,0.126829651969008
440,1,0.043113937166479
441,1,0.117849133638759
442,0,-0.0682987871748719
443,1,-0.0919309559615185
444,1,-0.00254437556998717
445,1,-0.0309397961536883
446,1,-0.131202098275856
447,0,0.0858162966180647
448,0,0.020090428952219
449,1,0.146104104281957
450,0,-0.0165506983474218
451,1,0.0914476108236124
452,1,-0.000693515979809906
453,1,0.101718479781633
454,1,0.141623229677086
455,0,0.0418539493066413
456,0,-0.0418829560240001
457,1,0.0396839668448339
458,1,0.130911294688115
459,0,-0.0467694214573825
460,1,0.0249479816751499
461,1,0.0473226722669657
462,0,0.109574310970485
463,1,0.0679389374880349
464,0,0.0269680732680417
465,0,0.0139202205544053
466,1,0.0622241034568965
467,0,-0.0801979074439663
468,0,-0.00173011192730496
469,1,0.0788312525642794
470,1,0.134634429142682
471,1,0.00990563496350957
472,1,0.0928065141100611
473,0,0.0786651808127372
474,1,-0.0536730487280703
475,0,-0.0156236506590937
476,0,0.0465046521436705
477,1,0.118527820588704
478,0,-0.00889553606836355
479,1,0.00304569432021661
480,1,0.0990863162457441
481,1,-0.0239111737036725
482,0,0.0909508325912793
483,1,0.197937492823558
484,0,0.130717145178527
485,1,-0.000966902299797456
486,1,0.0421203807018157
487,1,0.0829673883269197
488,1,-0.0395184943603017
489,1,0.134178153070408
490,1,0.0124256892560668
491,0,0.071633889147386
492,0,-0.056703542444114
493,1,0.104415706032721
494,0,0.108342454586702
495,0,0.132088340576113
496,1,-0.0167292927056844
497,0,0.23803677324006
498,0,0.123008695193569
499,0,0.0275051941101205
500,1,0.0267755317178682
501,1,0.039437861614473
502,0,0.0394914252946662
503,1,-0.0348310458438288
504,1,0.0562058889704798
505,0,-0.0575332885057133
506,0,-0.019523145781196
507,1,0.00571245501435706
508,0,0.0277455912312744
509,1,0.0154013724763258
510,0,0.0415938117148404
511,0,0.0421476341336944
512,0,-0.0414134312235399
513,0,0.0745410469626803
514,1,-0.0444296166038614
515,0,-0.00509354581487279
516,0,0.012095258749567
517,0,0.182993049808547
518,1,-0.0190143656362794
519,1,-0.0433787064801968
520,0,-0.0575332885057133
521,0,-0.0558467876704906
522,0,0.157355308634205
523,1,0.0425779035896866
524,0,-0.0712604795116657
525,0,-0.0928871468558869
526,0,-0.0560796718304098
527,0,0.0346758247892779
528,0,0.0707467443521133
529,0,0.117322564651781
530,1,0.0642435503040789
531,1,0.144943651739573
532,0,-0.0160123306897428
533,0,0.0507526425886136
534,0,-0.0131860176442566
535,0,0.211181484017665
536,1,0.0980902224583174
537,1,-0.0301654626577763
538,0,-0.0594703868075985
539,0,0.112009065548891
540,0,0.011858618109029
541,0,0.0426171589341459
542,0,0.13116196769009
543,0,0.00661222745350584
544,0,0.0529258095177474
545,1,0.154045438426831
546,1,-0.0722267825444532
547,0,-0.0693494154838011
548,0,-0.0171581121042053
549,1,0.00235101009767377
550,0,-0.00967305403160496
551,0,-0.0974532484424862
552,0,0.0896372533934976
553,0,-0.104247899467299
554,0,0.119868653218356
555,0,-0.0388673426569738
556,1,-0.0199258581732792
557,1,0.0376097153423082
558,0,0.153536658281911
559,1,-0.0134619136292569
560,1,-0.0371121530726947
561,1,0.178621999437136
562,0,0.00632452695734876
563,1,0.00549480855350612
564,1,0.117849133638759
565,1,0.138843164243169
566,0,0.0229129855170864
567,1,0.0973849863806623
568,0,0.130941085442754
569,0,0.0124517235300844
570,0,-0.0241738486182281
571,0,0.054297703379055
572,0,-0.00218638799957847
573,0,0.0426171589341459
574,1,0.135339665220337
575,1,0.0266909304674383
576,1,0.0884596082385099
577,1,-0.0403209593322714
578,1,0.0174629749217021
579,0,-0.0129923888288025
580,0,0.0350630547624469
581,1,0.084641239700957
582,1,-0.0451216316110747
583,1,0.0507526425886165
584,0,-0.0360729688873254
585,0,0.0533833324056212
586,0,0.0272843118627847
587,0,0.0904515170361798
588,1,-0.00954919743670994
589,0,-0.0124956105964665
590,0,-0.0253908246529906
591,0,0.0562201973062108
592,0,0.12277581103365
593,1,0.0275387413453815
594,0,0.0283386966523327
595,1,0.00370882611883611
596,0,-0.0127179429012794
597,0,-0.064868816853224
598,1,0.109768460480079
599,0,0.0730332673401824
600,0,0.179686936081788
601,0,0.178578987612058
602,1,-0.0459789070788409
603,0,0.226471319263942
604,0,0.0026269060826711
605,1,-0.0460619003698475
606,0,0.142674133960306
607,0,0.0465227169600174
608,0,-0.00554731222212197
609,0,0.101400092665692
610,0,0.0912812630977732
611,0,0.182385636051763
612,0,0.145677070612444
613,0,0.0221960235011331
614,1,0.075413284155215
615,1,0.167482129073057
616,1,0.031742632699963
617,0,-0.00434581860627359
618,1,0.0522088475018029
619,0,-0.1196758996442
620,0,0.0500229801963642
621,0,0.0831457794433084
622,0,0.0391871886125038
623,0,0.0232184690148433
624,1,-0.116672962992062
625,0,0.0277300360799489
626,0,0.0834641665592528
627,0,-0.0246313715061019
628,0,-0.013088716017519
629,0,-0.0011332500256308
630,1,0.0280057288230753
631,0,0.090036485279256
632,0,0.0750533076139217
633,0,0.0830221988227103
634,1,-0.0191664050263875
635,0,-0.0368755124321625
636,1,0.0276609899808445
637,0,0.168895815601584
638,0,0.0163705302841367
639,1,-0.0491611642107017
640,0,-0.0278402563385401
641,1,0.0576313741697256
642,0,-0.00906564027481857
643,1,0.214335558354315
644,1,-0.172616177047989
645,1,0.0981614170786144
646,0,-0.0402779475071933
647,1,0.12837866646969
648,0,-0.0206592770461503
649,0,-0.0231777548307984
650,1,0.00914560980332857
651,1,0.035644434245207
652,1,-0.117114930728607
653,0,0.0235368561307935
654,0,0.0462717679837513
655,0,-0.020573774090128
656,1,-0.0558892788014347
657,0,-0.0280613418277498
658,1,0.105644326630022
659,0,0.00812226258402601
660,0,0.189802009169088
661,0,0.0417731045368273
662,0,0.00484433165248331
663,1,0.0237304849462505
664,0,0.00269719899737581
665,0,-0.011954733273766
666,0,-0.00149347128676693
667,0,-0.0286852124414511
668,0,0.0644520081494009
669,0,0.113767490919643
670,0,0.075300500109572
671,0,-0.12803371560348
672,0,0.0718954767966523
673,0,0.141785820922306
674,0,0.102737168814725
675,0,-0.0431851053224818
676,0,-0.0284485718009189
677,1,-0.069032206047743
678,0,0.0157461113185449
679,0,-0.127687526703775
680,1,0.0829673883269197
681,0,0.0864401672317719
682,0,0.0597629516735018
683,1,0.0552513060355376
684,0,0.185748168233733
685,1,0.173059204796106
686,0,0.0913237542287203
687,1,0.0168673085164728
688,0,0.109810951611023
689,0,-0.0418867125046218
690,0,0.11674349159216
691,0,0.122705518118948
692,1,-0.0242286591140158
693,0,0.0575897847443738
694,0,0.0461317305062237
695,0,0.0613252385637844
696,0,-0.00488418626395555
697,0,0.035063054762444
698,0,0.00795681656378503
699,1,0.0164663091209772
700,0,-0.0431148124077801
701,1,0.2271765553416
702,0,0.0172003000071406
703,0,0.094838325800801
704,0,-0.0800458680538611
705,0,0.00845468206139868
706,0,0.0124554800107003
707,1,0.0322797535420418
708,0,0.118803716573701
709,1,0.0603018400253235
710,1,-0.0766551530766696
711,0,-0.028875605470432
712,0,0.000704642651098125
713,0,0.10721007980237
714,1,0.0971641041333295
715,0,0.0241885285282524
716,1,0.0348812246176995
717,1,0.0269275711079792
718,1,0.163415968772855
719,0,0.0745267386269493
720,0,0.0352959389223604
721,1,0.035256683577901
722,1,0.0931943160965225
723,1,0.00745628185083025
724,0,0.0386606196255285
725,0,0.0386749279612566
726,1,-0.00481764982986964
727,0,-0.0159268277337147
728,1,0.0635649419269984
729,0,-0.031964390188594
730,0,0.135325356884606
731,0,0.0634292808209465
732,0,0.0065846922068946
733,1,0.00304193783960075
734,0,0.0344699493413857
735,1,0.0670804152046714
736,0,0.109713649984288
737,0,0.203390739205419
738,0,0.0311612532171971
739,0,-0.0528315316535123
740,0,0.082080842798657
741,1,-0.0537538934978785
742,0,-0.0564966925582211
743,1,0.0491359139739646
744,1,0.0437369060745937
745,0,0.197898237479093
746,1,0.0222923448494111
747,0,-0.094394623250379
748,0,0.0456903885009825
749,1,-0.0166602466065858
750,0,0.193759795293308
751,0,0.0787624097070489
752,0,0.00246055835683487
753,1,0.039311045207393
754,0,-0.0283788272380989
755,0,0.0159827519590858
756,0,-0.0163260596194702
757,0,0.0539067169252613
758,0,0.0313964438002581
759,1,-0.0128412788020288
760,1,0.0746382758569979
761,0,-0.00233752568408844
762,0,0.0348301706025219
763,1,0.0403759818520473
764,0,0.13514696576822
765,0,-0.0199806686690668
766,0,-0.0456221663240325
767,0,-0.076241368135346
768,1,-0.0930532186074292
769,1,0.137084064070105
770,0,-0.00112054964932304
771,0,-0.0274644799260727
772,0,-0.0651599920152586
773,0,-0.0261933681978305
774,0,0.0749830146992199
775,1,0.0838935066519076
776,1,0.106338490158431
777,0,0.237884733849952
778,0,0.130329915205355
779,0,0.0969274634927885
780,0,-0.0279093024376387
781,1,0.152955278799148
782,0,-0.0758541381621798
783,1,0.00251787851764689
784,1,0.0980056212078875
785,1,-0.0133801671538505
786,0,-0.0129531334843345
787,0,0.0837696500570155
788,1,0.0873129251184463
789,0,-0.123994183003853
790,1,-0.0246706268505612
791,0,0.0158284061458331
792,0,-0.0127284947563857
793,1,-0.0362776702520257
794,0,0.0671507081193703
795,1,0.113435071442268
796,0,-0.0242286591140216
797,0,0.030858076142579
798,1,0.0432688313316135
799,0,0.00816475371496432
800,1,0.142893769392042
801,0,0.0547247370485623
802,0,-0.00906188379419688
803,0,0.0908662313408523
804,0,-0.0394519579262187
805,0,0.054600880453676
806,0,0.000635596551996603
807,0,0.0677320876021362
808,1,0.0283089058976963
809,0,0.134454049055414
810,0,0.157893676291887
811,0,0.135215808625442
812,1,0.108923834069468
813,0,0.0323925375876906
814,1,-0.0165767326214423
815,0,0.0309389209123843
816,1,0.0345757411199339
817,0,0.0540625127959882
818,1,0.150518166478448
819,0,-0.160011820701245
820,0,0.0170602625296189
821,0,0.0390351492223898
822,0,0.0872842216290904
823,1,-0.00543828465709484
824,0,0.0824680727718232
825,1,0.198007785738257
826,0,-0.0579078181025717
827,0,0.0427017601845787
828,1,0.0273818582093682
829,0,0.0310092138270861
830,1,0.10694680562081
831,1,-0.0773493166050784
832,0,0.109713649984285
833,0,0.0897892927836087
834,1,-0.0241308367931471
835,1,0.119220737301513
836,0,0.0136873363944861
837,1,0.0914476108236124
838,1,0.0638053390481552
839,0,-0.0202173093096048
840,0,0.145980247687068
841,1,0.00274021082245681
842,1,-0.011387380311987
843,0,0.119414886811104
844,0,0.141785820922306
845,0,0.115454591021864
846,0,0.0642983607998695
847,0,0.0397137575994732
848,1,0.147006183144256
849,1,0.0222806247515688
850,0,0.0947717893667151
851,1,0.149991597491476
852,0,0.0466322652191756
853,1,0.0132000227519759
854,0,-0.0166159879659075
855,0,-0.0199806686690697
856,0,0.0284752536235267
857,0,-0.171661875927791
858,0,0.0170482606170325
859,1,0.00967223010945637
860,0,0.0441829121064933
861,1,0.191213134713444
862,0,0.0471975688564791
863,1,0.0566234817115863
864,0,0.0694905129728944
865,1,0.0941181279983687
866,1,0.00221364183548152
867,0,0.0248390054292753
868,0,0.00895291035120886
869,0,0.0310909603024953
870,0,-0.00795769180508613
871,1,0.154642300328502
872,0,0.116895530982271
873,1,-0.0326965622458649
874,1,0.0593599633071334
875,0,-0.0207140875419438
876,0,0.00246431483745655
877,0,0.111941627409213
878,0,-0.0361968254822175
879,0,0.0545305875389684
880,0,0.0506430943294554
881,0,0.00559110808448055
882,0,-0.0128685322339046
883,0,-0.0267747476805935
884,0,-0.0273018886808553
885,0,-0.00615905447281652
886,1,0.0518213357138896
887,0,-0.0641056072257136
888,0,0.0200095841824079
889,0,0.0658239020107084
890,0,-0.0484447228888911
891,1,0.0578404577463488
892,1,0.0398338577137466
893,0,-0.100898773915463
894,0,0.0201877305789538
895,0,0.038493025084092
896,1,0.0193734669362715
897,0,0.0424508112083125
898,0,0.234149280030544
899,0,-0.00433033618735949
900,0,0.0140722599445164
901,0,-0.0319228007632481
902,0,0.0907853865710383
903,0,-0.0526497015087619
904,0,-0.0688228464968228
905,0,0.0343428569600117
906,1,-0.0411532936317478
907,0,0.0422569376730126
908,0,0.0533136115042088
909,1,0.108466311181597
910,0,-0.028061341827744
911,0,-0.100898773915463
912,1,0.0606867635753509
913,0,0.0349784535120171
914,0,0.0308543196619602
915,0,0.134192461406136
916,0,0.0133818528967233
917,1,0.0867160632167721
918,0,-0.0614207817152292
919,0,0.108950440356778
920,0,-0.0395184943602959
921,0,0.135518985700066
922,0,0.0311718050723035
923,1,0.0345789769064187
924,0,0.0907141919507384
925,1,0.0241182356135536
926,1,0.03555983299478
927,0,-0.0054655657467127
928,0,0.0871330839445805
929,1,-0.0545171544445443
930,1,-0.123760778149794
931,1,-0.00336144491668328
932,0,0.0378999196630337
933,0,-0.0450955973370542
934,0,0.0145988289314858
935,1,0.0431985384169117
936,1,0.0624451889461062
937,0,-0.0374296384830496
938,0,0.158808277760904
939,0,0.21461145433931
940,1,-0.0286427213105069
941,0,-0.0682297410757704
942,1,0.0870905928136363
943,0,0.00239777840336774
944,0,-0.04196755727443
945,0,-0.0837954723070537
946,1,0.0675252377162375
947,0,0.0533136115042117
948,0,0.0673718663410001
949,0,0.00711126119386407
950,0,0.035257204272035
951,0,-0.0159268277337176
952,0,-0.0208247230663942
953,1,-0.0179462687404498
954,1,-0.17604614736964
955,1,-0.0412505952584825
956,1,-0.121544548076424
957,0,0.0194792587148168
958,1,0.0451638195140159
959,0,0.0873272334541714
960,1,-0.0764342708293396
961,1,0.00213012785033803
962,0,0.0188899097743831
963,0,0.0642865621291599
964,1,0.176780350279789
965,0,-0.0246313715060989
966,1,0.00745628185083025
967,0,-0.0127179429012764
968,1,-0.0471299186928097
969,0,0.0338460787276815
970,0,0.0126883641706195
971,0,-0.0238681618785914
972,0,-0.0368755124321625
973,0,0.0465892533940975
974,1,0.176256965760143
975,0,0.1545720074138
976,0,0.0722307510490543
977,1,0.0728938770072295
978,1,0.011513879266807
979,1,0.0616857357992146
980,1,-0.0210848606581863
981,0,0.0914083554791472
982,0,0.0167427771192727
983,1,0.150530866854753
984,0,0.119953254468788
985,0,-0.00922947833563921
986,0,0.127440822206407
987,1,0.0275519624158203
988,1,0.0339551062927087
989,1,0.0142116716907368
990,1,0.0237310056403845
991,1,-0.0117605837641721
992,0,0.0866612527209844
993,0,0.00239402192275478
994,0,0.0865092133308704
995,1,0.109934808205915
996,0,-0.0651599920152557
997,1,0.141665720808033
998,0,0.0384967815647107
999,1,0.147017903242096
1000,0,0.00537090063945569
