Subj,Class,risk_2d
1,0,3.84
2,1,-37.785
3,1,7.379
4,1,-40.63
5,1,57.988
6,1,16.915
7,1,41.991
8,1,-17.77
9,1,-34.111
10,1,-14.044
11,1,-7.12
12,1,-7.345
13,1,28.445
14,1,-44.408
15,1,44.436
16,1,18.923
17,1,10.091
18,1,8.083
19,1,1.625
20,1,1.895
21,1,15.531
22,1,-9.065
23,1,-18.604
24,1,34.126
25,1,57.782
26,1,-2.731
27,1,-30.414
28,1,-14.795
29,1,7.787
30,1,-20.637
31,1,-5.769
32,1,-22.75
33,1,7.97
34,1,17.941
35,1,-10.9
36,1,-12.21
37,1,50.815
38,1,67.617
39,1,21.443
40,1,71.914
41,1,-10.612
42,1,5.72
43,1,23.166
44,1,21.045
45,1,-44.235
46,1,-40.283
47,1,-27.697
48,1,-22.313
49,1,10.233
50,1,-4.916
51,1,1.094
52,1,-28.218
53,1,68.472
54,1,8.701
55,1,-32.264
56,1,-11.356
57,1,11.164
58,1,5.259
59,1,-18.295
60,1,9.239
61,1,-18.361
62,1,-28.294
63,1,-8.98
64,1,-54.036
65,1,-18.305
66,1,-25.272
67,1,2.528
68,1,14.799
69,1,7.12
70,1,21.484
71,1,-8.162
72,1,-26.574
73,1,-32.607
74,1,25.674
75,1,3.578
76,1,-27.113
77,1,62.569
78,1,-51.59
79,1,-5.25
80,1,44.451
81,1,-54.374
82,1,-6.495
83,1,-21.619
84,1,-10.282
85,1,-35.544
86,1,16.671
87,1,-3.775
88,1,-14.066
89,1,15.387
90,1,32.5
91,1,-29.323
92,1,-21.561
93,1,41.575
94,1,31.067
95,1,-23.752
96,1,-7.675
97,1,-8.892
98,1,43.479
99,1,-10.955
100,1,-23.975
101,1,2.745
102,1,1.924
103,1,15.821
104,1,-23.917
105,1,-6.704
106,1,34.155
107,1,-22.908
108,1,24.665
109,1,17.656
110,1,-13.495
111,1,3.638
112,1,-11.829
113,1,18.923
114,1,46.321
115,1,21.54
116,1,27.555
117,1,-46.013
118,1,46.552
119,1,-1.976
120,1,11.75
121,1,-7.272
122,1,-1.832
123,1,18.256
124,1,25.459
125,1,21.193
126,1,-10.9
127,1,26.279
128,1,14.069
129,1,-40.63
130,0,-2.877
131,1,56.441
132,0,-23.185
133,0,-13.615
134,0,41.575
135,0,-26.103
136,0,36.068
137,0,-21.653
138,1,-16.065
139,1,24.448
140,1,74.583
141,1,32.799
142,1,0
143,1,-33.868
144,1,-54.527
145,1,-34.995
146,1,-39.178
147,1,20.925
148,1,-42.717
149,1,3.227
150,1,0
151,1,36.006
152,1,7.12
153,1,-9.861
154,1,36.068
155,1,-42.05
156,1,-6.495
157,0,-11.623
158,1,-49.191
159,0,-50.191
160,0,-20.384
161,1,36.241
162,0,-26.912
163,0,-15.806
164,1,45.1
165,0,-6.767
166,0,-54.794
167,0,12.526
168,0,48.748
169,0,-46.504
170,0,-21.335
171,0,-21.653
172,0,9.854
173,0,21.193
174,0,-53.58
175,0,-0.0529999999999991
176,0,-23.114
177,0,-5.754
178,0,4.979
179,0,0.910000000000001
180,0,4.503
181,0,-0.727000000000001
182,0,27.782
183,0,39.178
184,0,-43.154
185,0,-7.173
186,1,49.268
187,0,1.98
188,0,-18.777
189,0,-55.918
190,1,-31.155
191,1,-42.115
192,1,19.532
193,1,-34.665
194,1,47.813
195,1,-6.112
196,1,32.5
197,1,-31.651
198,1,-21.802
199,1,-34.935
200,1,47.201
201,1,52.931
202,1,-29.323
203,1,15.81
204,1,16.106
205,1,-16.248
206,1,-30.394
207,1,10.091
208,1,40.584
209,1,-43.567
210,1,36.639
211,1,-22.371
212,1,-45.557
213,1,-25.026
214,1,-39.778
215,1,-33.487
216,1,-8.892
217,1,67.098
218,1,37.269
219,1,-18.232
220,1,18.747
221,1,-47.798
222,1,-4.445
223,1,21.766
224,1,-0.869
225,1,-31.125
226,1,0.678000000000001
227,1,58.781
228,1,-2.027
229,1,-21.124
230,1,18.923
231,1,-12.993
232,1,16.106
233,1,-25.026
234,1,-11.273
235,1,24.904
236,1,0.206
237,1,-29.059
238,1,30.733
239,1,-21.86
240,1,5.259
241,1,9.965
242,1,76.495
243,1,-28.218
244,1,-43.22
245,1,-22.808
246,1,-53.86
247,1,37.665
248,1,5.259
249,1,1.895
250,1,4.756
251,1,-5.166
252,1,-21.934
253,1,13.075
254,1,-46.74
255,1,29.507
256,1,20.313
257,1,-35.544
258,1,7.296
259,1,-30.596
260,1,-35.386
261,1,34.126
262,1,-26.912
263,1,-28.682
264,1,2.259
265,1,-31.155
266,1,34.125
267,1,-7.345
268,1,-7.277
269,1,-40.283
270,1,-27.669
271,1,18.983
272,1,26.704
273,1,-34.789
274,1,41.298
275,1,8.023
276,1,34.126
277,1,32.058
278,1,-32.058
279,1,25.327
280,1,-43.729
281,1,17.338
282,1,-15.392
283,1,15.286
284,1,52.931
285,1,-40.414
286,1,-29.737
287,1,-3.52
288,1,48.748
289,1,23.563
290,1,22.71
291,1,-6.047
292,1,21.193
293,1,-46.74
294,1,17.131
295,1,15.463
296,1,-32.607
297,1,5.067
298,1,-29.265
299,1,-17.402
300,1,31.409
301,1,-18.865
302,1,41.308
303,1,-23.125
304,1,-21.124
305,1,-14.58
306,1,-17.884
307,1,-53.772
308,1,3.398
309,1,26.335
310,1,50.138
311,1,-52.922
312,1,46.479
313,1,29.029
314,1,12.045
315,1,-25.817
316,1,41.575
317,1,30.934
318,1,24.035
319,1,-38.328
320,1,58.161
321,1,30.348
322,1,48.748
323,1,-30.748
324,1,13.075
325,1,0.678000000000001
326,1,32.058
327,1,-63.267
328,1,44.912
329,1,-32.4
330,1,24.035
331,1,-2.068
332,1,-16.609
333,1,34.851
334,1,-40.283
335,1,-21.638
336,1,10.292
337,1,55.002
338,1,26.896
339,1,-9.361
340,1,-51.59
341,1,-15.132
342,1,-5.957
343,1,15.349
344,1,41.575
345,1,-11.829
346,1,-29.109
347,1,-34.935
348,1,39.845
349,1,-30.339
350,1,50.05
351,1,7.71
352,1,50.548
353,1,4.074
354,1,23.166
355,1,4.503
356,1,-21.86
357,1,30.433
358,1,33.654
359,1,23.844
360,1,33.552
361,1,27.555
362,1,-63.337
363,1,65.897
364,1,14.397
365,1,42.215
366,1,-24.584
367,1,17.273
368,1,2.068
369,1,5.146
370,1,34.398
371,1,-34.877
372,1,-40.048
373,1,19.602
374,1,-12.206
375,1,44.121
376,1,-8.98
377,1,-21.802
378,1,4.503
379,1,-47.201
380,1,45.811
381,1,-2.956
382,1,31.767
383,1,-36.661
384,1,37.674
385,1,-32.607
386,1,5.146
387,1,-27.897
388,1,-23.102
389,1,3.84
390,1,32.5
391,1,-33.747
392,1,16.13
393,1,-34.145
394,1,15.387
395,1,-4.445
396,1,35.014
397,1,-13.691
398,1,13.345
399,1,-18.187
400,1,26.279
401,1,81.154
402,1,48.748
403,1,-51.59
404,1,-8.892
405,1,-2.123
406,1,15.463
407,1,60.954
408,1,-21.86
409,1,-21.915
410,1,-22.75
411,1,-25.026
412,1,-43.159
413,1,24.035
414,1,-40.107
415,1,3.578
416,1,-0.906000000000001
417,1,-26.766
418,1,-33.261
419,1,22.694
420,1,4.503
421,1,-31.881
422,1,-53.677
423,1,30.358
424,1,-10.146
425,1,5.146
426,1,0.910000000000001
427,1,-35.706
428,1,27.433
429,1,-46.504
430,1,6.991
431,1,-7.929
432,1,54.998
433,1,0.678000000000001
434,1,0.0600000000000014
435,1,62.175
436,1,16.488
437,1,-47.077
438,1,38.799
439,1,-34.995
440,1,7.787
441,1,7.326
442,1,-6.365
443,1,-6.442
444,1,24.035
445,1,-11.829
446,1,-2.121
447,1,-18.777
448,1,-2.259
449,1,60.954
450,1,-58.68
451,1,-42.115
452,1,47.201
453,1,10.806
454,1,-42.115
455,1,29.642
456,1,-21.304
457,1,50.754
458,1,24.035
459,1,52.052
460,1,9.3
461,0,-31.757
462,1,30.482
463,0,16.331
464,0,-29.825
465,0,15.143
466,0,-5.831
467,0,-26.103
468,0,22.325
469,0,-74.02
470,0,-15.196
471,0,-10.9
472,1,45.481
473,0,-21.714
474,0,-8.042
475,0,-15.345
476,0,-4.117
477,0,-62.188
478,0,-25.026
479,0,-48.874
480,0,-50.191
481,0,-8.892
482,0,17.095
483,0,7.185
484,0,-22.316
485,0,-3.52
486,0,-31.043
487,0,24.289
488,1,-5.258
489,0,-27.963
490,0,28.218
491,1,38.505
492,1,34.851
493,0,1.189
494,0,30.433
495,1,76.765
496,1,2.72
497,1,81.154
498,0,33.084
499,0,-44.293
500,1,50.815
501,0,57.786
502,0,-35.168
503,0,-16.078
504,0,20.925
505,0,-20.118
506,0,8.778
507,0,-43.159
508,0,-42.153
509,0,7.641
510,0,-14.48
511,0,-10.807
512,0,-38.417
513,1,33.952
514,0,1.689
515,0,17.338
516,0,15.821
517,0,22.325
518,0,-29.059
519,0,-42.05
520,0,-19.379
521,0,-25.95
522,0,-23.705
523,1,49.994
524,0,5.902
525,0,-31.155
526,1,2.18
527,0,-13.837
528,0,4.994
529,0,-49.731
530,0,-61.287
531,0,-24.632
532,0,-8.638
533,0,-25.026
534,0,-28.218
535,0,-3.141
536,0,-67.918
537,0,-73.794
538,0,30.433
539,0,-29.803
540,0,-69.723
541,0,29.883
542,0,12.526
543,0,-45.83
544,0,-26.912
545,0,24.035
546,0,3.854
547,0,-21.239
548,0,39.178
549,0,-77.158
550,0,6.476
551,0,-4.591
552,0,37.788
553,0,-68.858
554,0,-40.048
555,0,9.934
556,0,-1.861
557,0,21.484
558,0,7.787
559,0,0.678000000000001
560,0,-63.941
561,0,27.496
562,0,10.091
563,1,12.29
564,0,-45.895
565,1,33.86
566,0,-38.779
567,0,-14.583
568,1,55.19
569,0,-27.503
570,0,24.035
571,0,-61.068
572,0,-21.714
573,0,-11.765
574,0,-32.058
575,0,50.96
576,0,31.409
577,0,-37.921
578,0,-32.987
579,0,-23.973
580,0,15.821
581,0,-18.24
582,0,-21.036
583,1,-16.065
584,0,-40.107
585,0,16.801
586,1,34.066
587,1,81.154
588,0,-26.912
589,0,-54.794
590,0,-1.106
591,0,34.576
592,0,-4.899
593,0,-8.892
594,1,51.211
595,0,-38.629
596,0,-32.058
597,0,23.166
598,0,-11.948
599,1,34.066
600,0,4.406
601,0,7.541
602,0,12.884
603,1,29.559
604,0,-30.208
605,0,25.774
606,0,33.275
607,0,-31.208
608,0,-39.253
609,0,2.068
610,1,52.338
611,0,-22.238
612,0,-30.634
613,1,29.627
614,1,36.241
615,0,29.642
616,0,-78.375
617,0,-10.802
618,0,-10.608
619,0,-18.187
620,0,-24.241
621,0,-38.779
622,0,23.26
623,0,-20.637
624,0,8.083
625,1,10.203
626,0,-26.156
627,0,-12.206
628,0,27.278
629,0,-5.525
630,1,32.005
631,0,-30.673
632,0,-69.64
633,0,-26.961
634,0,5.052
635,0,44.912
636,0,-36.241
637,0,-15.228
638,0,28.13
639,0,21.766
640,0,37.586
641,0,-30.664
642,1,10.955
643,0,-43.22
644,0,-14.583
645,0,-41.504
646,1,48.623
647,0,29.216
648,0,17.827
649,0,47.928
650,0,-25.543
651,0,16.536
652,0,-47.201
653,0,-5.892
654,0,18.479
655,0,-29.825
656,0,-11.829
657,0,-50.864
658,0,22.043
659,0,-18.604
660,0,-36.385
661,0,-39.148
662,0,38.956
663,0,-16.911
664,0,20.567
665,0,45.762
666,0,-27.819
667,0,17.131
668,0,-20.829
669,0,7.774
670,1,53.049
671,0,-33.117
672,0,-49.288
673,0,-39.778
674,1,34.14
675,1,43.977
676,0,-47.895
677,0,-35.544
678,0,32.5
679,0,-37.785
680,0,-27.811
681,0,-21.242
682,0,-16.218
683,0,-2.259
684,0,-51.59
685,0,5.067
686,1,-24.241
687,1,41.328
688,0,7.12
689,0,-25.425
690,0,9.25
691,0,-6.043
692,0,-34.877
693,1,39.508
694,0,-4.183
695,1,81.154
696,0,-20.615
697,0,3.906
698,1,47.757
699,0,-35.964
700,0,-51.59
701,0,16.68
702,0,29.765
703,0,-49.081
704,0,-0.727000000000001
705,0,-0.312999999999998
706,0,11.685
707,0,-11.067
708,0,16.822
709,0,-24.632
710,0,-49.744
711,0,37.664
712,1,56.441
713,0,10.091
714,0,-19.092
715,1,15.296
716,0,-21.304
717,1,63.891
718,0,27.507
719,0,-58.384
720,0,10.233
721,0,-22.115
722,0,-48.388
723,1,40.584
724,0,-30.339
725,0,15.349
726,1,-19.852
727,0,-11.829
728,0,-7.173
729,0,33.552
730,0,-59.378
731,0,-27.757
732,0,-21.3
733,1,36.241
734,0,-31.148
735,0,-54.374
736,0,-27.669
737,0,-2.877
738,0,-19.848
739,0,-29.323
740,0,-17.884
741,1,60.361
742,0,8.648
743,0,-12.792
744,0,-19.852
745,0,18.191
746,0,-70.857
747,0,32.799
748,1,34.881
749,0,-35.544
750,1,34.881
751,0,0.0600000000000014
752,0,-32.607
753,0,-58.763
754,0,-34.935
755,1,24.035
756,0,1.471
757,0,-61.617
758,0,28.842
759,0,-40.63
760,0,-44.728
761,0,-24.949
762,0,-6.723
763,1,54.392
764,1,50.251
765,0,26.546
766,0,-16.797
767,0,-62.55
768,0,2.536
769,0,-61.617
770,0,-45.895
771,0,-8.485
772,0,-62.55
773,0,-10.412
774,0,-15.143
775,0,-42.435
776,0,-43.567
777,1,26.766
778,0,12.176
779,0,19.473
780,0,23.166
781,0,-15.952
782,0,-42.9
783,1,29.068
784,0,-72.577
785,0,-34.935
786,0,45.575
787,0,8.465
788,0,18.249
789,0,-54.527
790,0,-26.766
791,0,-6.099
792,0,-29.323
793,0,-14.066
794,0,-2.259
795,0,-10.209
796,0,-2.027
797,0,-44.408
798,0,-8.774
799,0,8.465
800,0,12.526
801,0,-11.829
802,0,-26.55
803,0,-20.421
804,0,-7.113
805,0,31.409
806,1,50.138
807,0,-27.757
808,0,-34.085
809,0,-66.847
810,0,-13.403
811,0,-16.078
812,0,32.058
813,0,32.058
814,0,21.54
815,0,37.586
816,0,-72.154
817,0,1.566
818,0,-35.986
819,0,21.54
820,0,-54.527
821,0,-24.035
822,0,21.045
823,0,18.256
824,0,4.85
825,1,61.569
826,0,-32.928
827,0,-5.105
828,1,73.323
829,0,-42.9
830,0,-50.191
831,0,-51.59
832,0,-6.762
833,0,-23.482
834,0,-35.517
835,0,-3.582
836,0,-27.871
837,0,21.193
838,0,6.147
839,0,-37.837
840,1,35.53
841,0,-4.183
842,0,-2.259
843,0,-45.087
844,0,-12.792
845,1,54.575
846,0,2.13
847,0,21.169
848,1,63.891
849,0,4.503
850,0,-40.63
851,0,18.479
852,0,-19.244
853,0,-29.991
854,0,-53.068
855,0,-45.895
856,0,2.233
857,0,18.162
858,1,23.921
859,0,12.639
860,0,-27.963
861,0,-3.428
862,0,-26.972
863,0,-3.52
864,0,57.988
865,1,21.957
866,0,-19.848
867,0,-18.777
868,0,48.546
869,0,-60.945
870,0,-43.076
871,0,-16.92
872,0,8.778
873,0,-6.704
874,0,-50.138
875,0,-35.044
876,0,-4.131
877,1,21.098
878,0,-51.59
879,0,-20.615
880,0,-39.178
881,1,51.782
882,0,-2.877
883,1,63.815
884,0,32.927
885,0,1.198
886,0,15.463
887,1,-13.989
888,0,34.398
889,0,9.145
890,0,8.638
891,0,-32.26
892,0,-2.121
893,0,13.193
894,0,-2.259
895,0,2.798
896,0,-33.868
897,0,31.283
898,0,7.705
899,0,41.373
900,0,29.466
901,0,-34.048
902,0,-26.912
903,0,8.083
904,0,-24.208
905,0,23.844
906,0,-52.47
907,1,34.737
908,0,-20.476
909,1,26.766
910,1,77.712
911,0,-32.722
912,0,21.242
913,1,40.822
914,0,-43.216
915,0,13.42
916,0,-26.103
917,0,25.327
918,0,-26.847
919,0,-31.155
920,0,-14.727
921,0,30.668
922,0,-5.105
923,0,-50.74
924,0,-0.109000000000001
925,0,8.701
926,1,44.912
927,0,-28.354
928,0,-18.993
929,0,-27.17
930,0,10.291
931,0,-28.058
932,0,55.051
933,1,29.398
934,0,-4.183
935,0,22.694
936,0,-41.708
937,0,-27.819
938,1,37.674
939,0,-14.118
940,0,-33.448
941,0,-29.661
942,1,-8.892
943,0,7.622
944,1,57.988
945,0,10.292
946,0,14.302
947,0,-23.102
948,0,8.023
949,1,42.163
950,1,59.579
951,0,32.711
952,0,2.631
953,0,-25.543
954,0,-21.01
955,0,-28.407
956,1,28.885
957,0,11.685
958,0,21.54
959,0,-34.665
960,0,-32.316
961,0,-45.808
962,0,12.873
963,0,-42.627
964,0,-31.208
965,0,21.54
966,0,-17.884
967,0,-15.196
968,0,-3.52
969,0,1.885
970,0,-44.899
971,0,31.767
972,0,-40.63
973,0,-80.6
974,0,-14.48
975,1,45.026
976,0,-5.178
977,0,0.678000000000001
978,0,0.0600000000000014
979,0,-35.78
980,0,-66.551
981,0,41.74
982,0,-22.818
983,0,-21.13
984,0,-50.138
985,0,0.0600000000000014
986,0,8.933
987,0,23.26
988,0,-26.912
989,0,-25.272
990,1,0
991,0,32.938
992,0,-31.757
993,0,-17.181
994,0,-9.489
995,0,41.575
996,0,-14.367
997,1,-8.892
998,0,33.084
999,0,-39.904
1000,0,-26.766
