Subj,Class,risk_2d
1,0,-15.348
2,0,10.83
3,1,21.367
4,1,3.371
5,1,0.807
6,0,-9.121
7,0,0.280999999999999
8,0,-22.734
9,0,-5.676
10,0,-9.278
11,1,5.714
12,1,8.678
13,1,10.045
14,0,3.346
15,0,-9.318
16,1,-9.986
17,0,-9.318
18,0,-19.987
19,0,-6
20,0,-22.798
21,0,-6.475
22,1,28.239
23,0,-8.638
24,0,-9.952
25,0,-9.992
26,1,5.08
27,1,-3.872
28,0,-14.506
29,1,-8.349
30,1,-2.989
31,0,-5.313
32,1,-7.437
33,1,14.345
34,0,-12.011
35,0,-4.679
36,1,4.851
37,0,26.733
38,1,1.675
39,0,-21.823
40,1,-13.546
41,0,4.679
42,0,8.678
43,0,0
44,0,2.678
45,0,-20.187
46,1,-13.317
47,0,-3.999
48,1,6.007
49,0,-7.184
50,1,31.412
51,0,-11.322
52,1,6.335
53,0,26.733
54,1,19.711
55,1,-6.182
56,1,8.506
57,0,-9.318
58,1,11.68
59,1,8.004
60,1,-6.354
61,0,8.943
62,0,8.718
63,1,0
64,0,12.63
65,0,-12.518
66,0,-13.145
67,1,1.715
68,0,-13.317
69,0,0
70,0,-12.208
71,0,-4.011
72,1,0.172000000000001
73,1,-9.312
74,0,3.371
75,0,0.523
76,1,-3.03
77,0,12.649
78,0,-2.958
79,1,-10.005
80,0,-20.517
81,0,1.675
82,1,4.124
83,1,8.718
84,1,-3.827
85,0,3.352
86,0,8.7
87,0,-5.205
88,0,-16.035
89,0,-8.551
90,0,-8.506
91,0,-13.19
92,1,0
93,1,1.675
94,1,19.711
95,1,-1.302
96,1,-10.669
97,1,0.04
98,1,5.608
99,0,-7.597
100,1,-6.963
101,1,13.819
102,0,-1.634
103,1,4.732
104,1,-1.912
105,1,18.467
106,0,-15.032
107,0,-1.315
108,1,1.041
109,0,-3.999
110,0,7.86
111,1,-6.64
112,0,-7.205
113,1,19.711
114,0,28.239
115,1,-0.726999999999999
116,1,-2.798
117,0,8.718
118,1,3.352
119,1,-2.284
120,0,-22.734
121,0,0
122,1,-6
123,1,29.46
124,0,1.887
125,1,-13.474
126,0,-9.352
127,0,19.711
128,1,-14.591
129,1,-8.349
130,1,17.996
131,0,13.357
132,0,3.344
133,1,-5.154
134,0,24.212
135,1,25.207
136,1,15.066
137,1,-0.140000000000001
138,0,1.664
139,0,-20.517
140,0,2.99
141,0,-13.199
142,0,-13.317
143,0,1.041
144,1,2.355
145,1,-21.823
146,1,-13.864
147,0,6.182
148,1,-2.324
149,1,-1.912
150,1,-3.872
151,0,-9.198
152,1,-13.917
153,1,-9.647
154,1,-9.952
155,0,13.336
156,1,3.644
157,0,-1.669
158,1,9.318
159,1,-3.253
160,0,-14.972
161,1,-20.114
162,1,8.718
163,1,-14.631
164,1,-7.637
165,0,-8.357
166,1,-7.14
167,1,6.994
168,0,-7.649
169,1,20.419
170,0,-3.999
171,0,-4.679
172,1,-10.762
173,1,1.675
174,1,-9.185
175,1,-7.668
176,0,19.711
177,1,-7.205
178,0,8.235
179,0,-10.005
180,1,4.679
181,0,-23.538
182,1,-9.121
183,1,26.006
184,0,-11.322
185,1,25.881
186,0,10.393
187,1,-1.314
188,0,-4.236
189,1,8.718
190,1,-10.353
191,0,-8.506
192,0,3.312
193,0,-0.726999999999999
194,1,2.555
195,0,-2.284
196,1,31.412
197,1,-6.313
198,1,-4.679
199,1,11.205
200,0,-12.669
201,0,4.011
202,0,-7.656
203,0,17.996
204,1,31.412
205,0,-4.011
206,1,6.182
207,0,1.664
208,1,26.733
209,1,-7.205
210,0,-8.551
211,1,14.398
212,0,31.412
213,0,1.001
214,1,9.318
215,1,14.398
216,0,-1.512
217,1,25.207
218,1,8.943
219,1,8.044
220,1,8.659
221,0,0
222,1,25.058
223,0,-4.639
224,1,-3.827
225,0,-13.852
226,1,-2.324
227,1,-4.039
228,1,-17.857
229,0,-4.639
230,1,17.328
231,1,-5.784
232,1,-1.315
233,1,0
234,0,-14.631
235,1,20.419
236,0,-5.353
237,1,-4.559
238,0,1.154
239,0,-4.039
240,1,-3.638
241,1,-26.508
242,1,-5.366
243,0,-9.161
244,1,3.867
245,0,-10.162
246,1,3.212
247,1,1.881
248,0,-3.505
249,1,-5.639
250,0,8.718
251,1,4.039
252,1,4.124
253,0,-6.64
254,1,7.194
255,0,-10.418
256,1,15.066
257,0,2.193
258,1,-14.631
259,1,-4.639
260,0,-3.872
261,0,-11.844
262,0,4.467
263,1,-3.293
264,0,-0.686999999999999
265,0,-7.668
266,0,7.951
267,1,-2.798
268,0,-12.011
269,1,3.346
270,1,29.697
271,0,-2.97
272,1,-3.872
273,1,-4.236
274,0,-9.982
275,1,6.182
276,1,2.355
277,1,3.405
278,1,-4.639
279,0,20.419
280,0,2.644
281,0,-2.669
282,1,-8.506
283,0,11.893
284,0,15.74
285,0,-2.284
286,1,4.467
287,0,-4.639
288,0,-18.859
289,0,3.312
290,0,-9.818
291,0,1.881
292,0,-7.637
293,1,-21.823
294,1,1.8
295,1,0
296,0,20.419
297,1,-4.639
298,0,-9.992
299,1,6.766
300,1,0
301,1,0.634
302,1,5.313
303,0,9.666
304,0,-20.517
305,1,-3.03
306,0,-14.182
307,0,-5.951
308,0,-6.982
309,1,14.803
310,1,8.718
311,1,21.42
312,1,1.346
313,1,-0.943
314,0,-9.185
315,1,-15.328
316,1,14.684
317,1,8.506
318,1,-4.679
319,1,-4.546
320,0,-14.063
321,1,19.711
322,1,6.354
323,1,-17.79
324,0,16.728
325,1,-3.867
326,1,0.159000000000001
327,1,2.193
328,1,-4.629
329,1,-9.952
330,1,-0.326
331,1,1.841
332,0,-8.678
333,1,27.745
334,1,-16.346
335,1,-12.011
336,1,-4.639
337,1,-7.649
338,1,15.032
339,0,-8.458
340,0,4.639
341,0,-22.734
342,0,-20.345
343,0,-9.185
344,1,-0.686999999999999
345,0,-3.872
346,0,0
347,1,-4.679
348,1,-7.184
349,0,-6.883
350,1,8.903
351,0,4.639
352,1,23.538
353,1,-11.322
354,0,-9.318
355,0,5.839
356,1,-8.378
357,0,-11.536
358,1,-13.824
359,0,0.212000000000001
360,1,6.526
361,0,-13.218
362,0,5.042
363,0,10.427
364,1,-5.387
365,1,-12.545
366,0,-6.354
367,1,-4.011
368,0,10.393
369,1,-16.16
370,0,4.039
371,0,-1.327
372,1,-9.995
373,0,4.011
374,1,17.246
375,0,-12.288
376,1,15.032
377,0,-12.82
378,0,-7.709
379,1,-3.505
380,0,-7.709
381,0,-11.844
382,1,-2.284
383,1,8.678
384,0,-2.97
385,1,-22.798
386,1,-9.318
387,0,-6.843
388,1,31.412
389,0,-3.832
390,1,-2.324
391,0,-4.679
392,1,-0.0190000000000001
393,1,-3.872
394,0,-18.859
395,1,2.99
396,0,-9.952
397,0,-6.982
398,1,13.357
399,1,8.718
400,0,3.352
401,0,-3.779
402,0,-6.668
403,0,-11.322
404,1,-9.952
405,1,-13.864
406,1,-17.017
407,1,-12.276
408,1,27.745
409,0,-2.758
410,0,-2.324
411,1,9.253
412,1,6.354
413,0,-20.517
414,0,-22.798
415,0,-1.274
416,1,-13.245
417,0,-9.185
418,0,-14.665
419,0,-8.511
420,1,-15.348
421,0,-4.811
422,0,-5.313
423,0,0.0909999999999993
424,1,-0.686999999999999
425,1,-0.877000000000001
426,1,1.715
427,0,25.234
428,0,8.235
429,1,0.807
430,1,-8.519
431,1,8.718
432,1,19.671
433,1,-12.505
434,1,5.345
435,1,-5.313
436,1,-8.678
437,1,-9.185
438,1,-3.88
439,1,3.352
440,0,-8.164
441,1,-3.872
442,1,4.679
443,1,20.419
444,1,18.221
445,0,-4.679
446,0,3.952
447,1,2.678
448,1,6.242
449,1,11.491
450,0,-20.345
451,1,18.467
452,0,2.324
453,1,-13.991
454,0,-8.678
455,1,8.678
456,1,-7.278
457,0,0
458,0,-10.83
459,0,-4.629
460,0,20.379
461,1,-7.437
462,1,0.04
463,0,-13.317
464,0,4.011
465,1,-12.831
466,1,-9.185
467,0,0
468,0,-1.327
469,0,-13.19
470,1,1.715
471,1,-9.318
472,1,4.639
473,1,-1.274
474,1,29.697
475,0,-5.784
476,0,-4.011
477,1,19.711
478,1,12.689
479,1,-5.313
480,0,1.715
481,1,0.767
482,0,-21.083
483,0,-5.273
484,0,3.405
485,0,4.061
486,1,0.86
487,0,-2.324
488,1,-9.324
489,1,15.106
490,0,-11.481
491,1,-8.506
492,0,-7.739
493,1,-12.011
494,0,-4.559
495,0,-3.71
496,0,-8.983
497,1,-18.556
498,1,8.05
499,0,-21.823
500,0,4.639
501,1,16.054
502,0,-3.872
503,1,-3.999
504,1,0.402999999999999
505,1,20.379
506,1,8.869
507,0,-12.518
508,1,0.00999999999999934
509,0,0.929
510,0,-9.318
511,0,-7.278
512,1,-15.032
513,1,-8.678
514,0,17.246
515,0,1.16
516,1,-13.145
517,1,1.656
518,0,-13.317
519,0,-9.318
520,0,-5.194
521,0,0
522,1,29.46
523,0,-18.63
524,0,7.366
525,1,-4.679
526,1,31.412
527,1,-5.951
528,0,4.039
529,0,1.881
530,0,-2.798
531,0,-16.16
532,0,1.675
533,0,0
534,0,-17.184
535,0,4.039
536,1,7.991
537,0,-12.348
538,0,-8.349
539,0,-9.318
540,1,-10.353
541,0,4.851
542,0,0.929
543,0,-7.184
544,1,-2.468
545,1,3.212
546,0,-4.639
547,1,18.855
548,1,-0.726999999999999
549,1,7.323
550,0,-7.205
551,1,1.262
552,1,8.678
553,0,-14.286
554,0,-8.506
555,1,-4.475
556,1,6.994
557,1,17.5
558,0,-6.963
559,1,17.996
560,1,-1.315
561,0,-2.284
562,1,-9.193
563,0,-3.598
564,0,15.032
565,1,6.354
566,0,-19.987
567,0,0
568,0,16.518
569,0,-3.967
570,1,2.555
571,1,-2.284
572,0,-8.144
573,0,11.405
574,0,-21.963
575,0,-4.236
576,0,-3.03
577,0,11.68
578,0,-9.982
579,0,-14.665
580,1,6.182
581,0,-11.033
582,0,-2.324
583,0,-9.318
584,1,-3.999
585,0,-1.041
586,0,9.719
587,1,-0.172000000000001
588,1,1.675
589,1,13.851
590,0,-3.145
591,1,2.727
592,1,6.354
593,0,9.594
594,1,9.391
595,0,9.391
596,1,12.689
597,0,-12.545
598,1,8.506
599,1,-4.599
600,1,-4.679
601,0,-10.83
602,0,-4.811
603,0,-17.857
604,0,-0.04
605,0,9.081
606,0,-3.999
607,0,-4.639
608,0,21.885
609,1,0
610,0,-13.145
611,0,-3.638
612,0,0
613,0,12.567
614,1,-3.253
615,0,29.697
616,1,3.365
617,1,-3.293
618,1,-17.184
619,1,4.353
620,1,-2.324
621,1,19.711
622,1,-0.674
623,1,-16.001
624,0,12.861
625,0,-27.477
626,1,-19.096
627,1,2.852
628,0,-2.324
629,0,-10.83
630,1,-13.872
631,0,8.044
632,0,-13.991
633,0,-3.872
634,0,-16.001
635,0,-0.989999999999999
636,0,-14.684
637,1,13.317
638,0,-9.161
639,1,-3.999
640,0,4.639
641,0,-2.324
642,1,3.312
643,0,6.473
644,1,19.711
645,0,-5.676
646,0,-4.639
647,1,-14.063
648,0,29.697
649,1,-5.347
650,1,21.242
651,1,-0.514999999999999
652,1,-7.205
653,1,2.324
654,0,2.727
655,0,6.766
656,1,13.819
657,1,-19.599
658,1,6.766
659,1,-13.145
660,0,-3.999
661,0,24.384
662,0,0
663,0,-13.662
664,0,10.163
665,0,-2.758
666,0,9.032
667,0,3.312
668,0,-12.011
669,1,8.01
670,1,14.345
671,0,-2.468
672,0,3.556
673,0,30.52
674,1,1.887
675,0,-3.525
676,1,15.74
677,0,-11.322
678,0,-4.679
679,0,1.841
680,0,-2.758
681,1,13.379
682,0,-12.803
683,0,15.032
684,1,-0.04
685,1,-13.872
686,1,2.324
687,0,3.352
688,1,-11.307
689,0,1.643
690,0,10.993
691,0,8.222
692,0,6.335
693,0,-8.506
694,0,1.497
695,1,8.718
696,0,-8.678
697,0,-5.676
698,1,5.313
699,1,-5.343
700,1,-9.992
701,0,-7.932
702,1,-3.872
703,0,-18.63
704,1,-14.631
705,0,1.715
706,1,8.678
707,0,-4.639
708,0,-5.347
709,1,8.222
710,0,20.419
711,0,0.846
712,0,-16.035
713,1,-0.634
714,1,-4.679
715,0,15.929
716,1,2.555
717,1,4.039
718,1,4.011
719,0,-16.65
720,0,2.296
721,1,-9.352
722,0,0.04
723,1,-1.446
724,1,-9.318
725,0,-15.032
726,1,4.058
727,0,4.851
728,1,-0.514999999999999
729,0,10.812
730,1,-15.628
731,0,-2.343
732,0,1.675
733,0,-4.236
734,0,-15.666
735,0,19.936
736,0,-3.638
737,0,4.039
738,0,0
739,0,12.63
740,1,-2.324
741,0,-4.811
742,0,8.678
743,0,12.63
744,1,25.058
745,1,8.678
746,1,19.933
747,1,0
748,1,18.458
749,0,4.039
750,0,-4.639
751,1,-12.348
752,1,-2.324
753,0,-4.639
754,1,11.415
755,0,-5.326
756,1,-6.982
757,0,-1.315
758,1,-13.317
759,1,26.733
760,1,0.807
761,1,-8.506
762,1,7.323
763,0,6.766
764,1,-7.205
765,1,-4.639
766,1,-5.313
767,1,3.284
768,1,25.058
769,1,-5.366
770,1,-2.982
771,0,-3.638
772,1,-3.08
773,1,-13.178
774,1,12.393
775,0,-0.877000000000001
776,1,-19.48
777,0,-13.317
778,1,4.058
779,0,19.711
780,1,20.379
781,1,19.671
782,1,1.4
783,0,-8.56
784,1,0.767
785,0,-2.324
786,1,-4.639
787,1,-7.932
788,0,-2.758
789,1,6.354
790,1,6.025
791,1,-2.975
792,1,3.312
793,0,-18.439
794,1,-4.011
795,1,-11.839
796,0,-4.968
797,0,1.887
798,1,-14.095
799,1,4.692
800,1,20.419
801,1,-4.629
802,0,-6.769
803,1,-6.151
804,0,-7.637
805,0,-4.639
806,1,1.16
807,0,-1.361
808,0,-13.317
809,0,3.312
810,0,-20.517
811,1,-2.284
812,1,19.711
813,0,16.044
814,0,13.357
815,1,-8.511
816,1,0
817,1,-8.466
818,0,-12.288
819,1,-2.97
820,0,2.727
821,1,-8.638
822,1,8.678
823,1,-9.145
824,0,-12.378
825,0,-6.963
826,1,3.352
827,0,-6.843
828,1,-4.495
829,0,2.83
830,1,25.018
831,1,-3.03
832,0,-27.477
833,0,-13.218
834,1,6.314
835,1,-4.639
836,1,7.991
837,0,-5.353
838,0,4.732
839,0,-1.327
840,1,-6.68
841,1,-11.521
842,1,-5.951
843,1,-9.318
844,0,-4.679
845,0,8.525
846,1,-7.517
847,0,-3.71
848,0,-15.032
849,0,7.557
850,0,-11.319
851,1,-10.669
852,0,-1.163
853,1,7.991
854,0,-9.607
855,1,-13.178
856,1,-8.678
857,1,-2.964
858,0,-17.017
859,0,-9.992
860,0,4.039
861,0,0.807
862,1,-13.76
863,0,11.833
864,1,0.807
865,0,-9.185
866,1,1.881
867,1,20.568
868,0,-5.517
869,0,-5.303
870,0,-9.318
871,0,3.312
872,0,-12.011
873,1,-10.155
874,0,-14.063
875,0,-10.156
876,0,-4.639
877,1,-13.317
878,0,-2.798
879,1,-11.819
880,0,-5.303
881,1,3.867
882,0,-15.348
883,0,1.656
884,1,20.379
885,0,-7.637
886,1,18.899
887,0,11.405
888,1,4.039
889,1,26.733
890,0,-25.156
891,0,-14.631
892,1,-10.353
893,1,-4.679
894,1,-21.693
895,1,12.63
896,1,19.671
897,1,7.86
898,1,12.649
899,0,0.212000000000001
900,1,8.05
901,0,26.006
902,1,-1.327
903,0,8.718
904,0,-9.952
905,0,4.639
906,0,4.679
907,0,-2.811
908,1,8.004
909,1,3.352
910,0,-21.823
911,0,20.379
912,1,-4.546
913,0,21.845
914,1,17.328
915,1,5.366
916,1,-4.679
917,0,-21.823
918,0,4.058
919,0,3.365
920,0,3.352
921,1,8.143
922,1,2.355
923,1,-11.574
924,0,-9.982
925,0,-7.637
926,0,-15.032
927,0,-3.67
928,0,-12.348
929,1,-0.04
930,0,-18.63
931,1,20.419
932,1,1.696
933,0,1.828
934,0,19.671
935,1,-2.989
936,0,-9.383
937,0,16.518
938,1,-3.71
939,0,-4.679
940,1,7.991
941,1,4.058
942,0,-16.001
943,0,-2.001
944,1,-10.353
945,1,-5.406
946,0,-9.318
947,1,-3.872
948,0,7.323
949,0,-19.376
950,1,3.284
951,1,9.666
952,0,-0.529
953,1,1.656
954,0,-14.182
955,1,8.697
956,1,17.759
957,0,1.154
958,1,-3.832
959,0,-2.989
960,0,-15.628
961,1,8.506
962,0,8.718
963,0,-9.312
964,0,-2.468
965,1,7.991
966,1,2.678
967,0,4.353
968,0,-13.274
969,0,-8.349
970,1,0
971,0,2.644
972,0,-6.64
973,0,1.715
974,0,-12.011
975,0,13.357
976,1,-0.04
977,1,9.374
978,1,3.556
979,0,-20.674
980,1,7.951
981,1,-2.639
982,1,0
983,1,0
984,0,0.172000000000001
985,1,3.193
986,0,19.711
987,0,-2.336
988,1,12.63
989,1,-4.811
990,1,6.173
991,1,-5.779
992,0,11.205
993,1,-15.488
994,0,-4.679
995,0,-17.838
996,1,31.412
997,0,-7.637
998,0,-4.639
999,1,-13.317
1000,0,-21.829
