Subj,Class,risk_1d
1,1,-387.198
2,1,-387.198
3,0,387.198
4,0,381.7
5,1,-381.7
6,0,381.7
7,0,381.7
8,0,381.7
9,1,-387.198
10,0,381.7
11,1,-387.198
12,0,381.7
13,1,-392.696
14,1,-381.7
15,1,-392.696
16,1,-381.7
17,1,-392.696
18,0,381.7
19,1,-387.198
20,0,381.7
21,0,392.696
22,1,-387.198
23,1,-392.696
24,1,-392.696
25,0,392.696
26,1,-392.696
27,1,-392.696
28,0,381.7
29,0,381.7
30,1,-381.7
31,0,392.696
32,0,381.7
33,1,-381.7
34,1,-392.696
35,0,392.696
36,0,387.198
37,0,381.7
38,1,-387.198
39,0,381.7
40,1,-381.7
41,0,392.696
42,0,387.198
43,0,381.7
44,1,-381.7
45,0,381.7
46,1,-392.696
47,1,-392.696
48,1,-387.198
49,1,-387.198
50,0,381.7
51,1,-392.696
52,0,392.696
53,1,-387.198
54,0,387.198
55,1,-392.696
56,0,-381.7
57,0,387.198
58,0,387.198
59,1,-381.7
60,0,392.696
61,0,381.7
62,0,381.7
63,0,387.198
64,1,-392.696
65,0,381.7
66,0,387.198
67,1,-387.198
68,0,381.7
69,1,-392.696
70,1,-392.696
71,1,-387.198
72,1,-381.7
73,0,381.7
74,0,381.7
75,1,-392.696
76,0,387.198
77,1,-392.696
78,0,387.198
79,1,-392.696
80,0,392.696
81,0,381.7
82,0,387.198
83,1,-381.7
84,1,-381.7
85,0,381.7
86,1,387.198
87,1,-381.7
88,0,392.696
89,1,-392.696
90,0,381.7
91,0,-387.198
92,0,387.198
93,1,-381.7
94,1,-381.7
95,1,-387.198
96,1,-381.7
97,1,-392.696
98,1,-392.696
99,1,-392.696
100,0,392.696
101,1,387.198
102,1,-392.696
103,0,392.696
104,1,-381.7
105,1,-392.696
106,0,392.696
107,1,-387.198
108,0,381.7
109,0,387.198
110,0,387.198
111,0,-387.198
112,0,381.7
113,1,-392.696
114,1,-392.696
115,0,381.7
116,1,-392.696
117,1,-392.696
118,0,381.7
119,0,387.198
120,0,381.7
121,0,381.7
122,1,-387.198
123,1,-387.198
124,0,381.7
125,1,-392.696
126,1,-392.696
127,0,387.198
128,0,381.7
129,0,381.7
130,0,-392.696
131,1,-387.198
132,1,-387.198
133,0,381.7
134,0,381.7
135,1,-381.7
136,1,-381.7
137,0,381.7
138,0,381.7
139,0,392.696
140,0,387.198
141,1,-392.696
142,0,381.7
143,0,381.7
144,1,-387.198
145,0,392.696
146,0,381.7
147,1,-392.696
148,1,-392.696
149,0,381.7
150,0,381.7
151,1,-381.7
152,1,-381.7
153,0,381.7
154,1,-392.696
155,1,-387.198
156,0,392.696
157,1,-392.696
158,1,-392.696
159,1,-381.7
160,0,392.696
161,0,387.198
162,1,387.198
163,0,387.198
164,1,-392.696
165,1,-392.696
166,1,-392.696
167,1,-387.198
168,0,381.7
169,0,381.7
170,0,-387.198
171,0,392.696
172,1,-387.198
173,0,392.696
174,0,381.7
175,0,381.7
176,0,387.198
177,1,-392.696
178,1,-381.7
179,1,-381.7
180,1,-381.7
181,1,-381.7
182,0,381.7
183,1,-392.696
184,1,-392.696
185,1,-392.696
186,1,-392.696
187,0,392.696
188,1,-392.696
189,1,-392.696
190,0,387.198
191,1,-387.198
192,0,392.696
193,0,381.7
194,1,-392.696
195,0,381.7
196,1,-381.7
197,0,381.7
198,1,-387.198
199,0,387.198
200,0,381.7
201,1,-392.696
202,0,392.696
203,0,381.7
204,0,381.7
205,0,392.696
206,1,-387.198
207,1,-392.696
208,1,-387.198
209,0,387.198
210,1,-387.198
211,0,381.7
212,1,-381.7
213,0,392.696
214,0,381.7
215,0,-387.198
216,1,-392.696
217,1,-381.7
218,0,387.198
219,0,387.198
220,0,381.7
221,1,-392.696
222,0,-387.198
223,1,-392.696
224,0,387.198
225,1,-392.696
226,0,381.7
227,1,-392.696
228,1,-381.7
229,0,381.7
230,0,387.198
231,0,392.696
232,0,381.7
233,1,-392.696
234,0,-387.198
235,1,-381.7
236,1,-381.7
237,1,-392.696
238,0,392.696
239,1,-387.198
240,1,-392.696
241,0,381.7
242,0,387.198
243,1,-387.198
244,0,381.7
245,0,392.696
246,0,392.696
247,0,381.7
248,1,-387.198
249,1,-387.198
250,0,392.696
251,0,387.198
252,1,-392.696
253,1,-381.7
254,0,381.7
255,1,-381.7
256,1,-381.7
257,1,-387.198
258,0,-392.696
259,1,-381.7
260,0,381.7
261,0,387.198
262,0,381.7
263,1,-387.198
264,1,-392.696
265,1,-392.696
266,0,381.7
267,1,-387.198
268,0,387.198
269,1,-381.7
270,1,-392.696
271,0,387.198
272,1,-392.696
273,0,387.198
274,1,-381.7
275,1,-392.696
276,0,387.198
277,1,-387.198
278,1,-392.696
279,1,-387.198
280,0,381.7
281,0,387.198
282,1,-392.696
283,0,381.7
284,1,-381.7
285,0,381.7
286,1,-392.696
287,1,-387.198
288,0,381.7
289,0,392.696
290,1,-387.198
291,1,-381.7
292,0,387.198
293,1,-392.696
294,1,-387.198
295,1,-392.696
296,1,-381.7
297,0,387.198
298,1,-392.696
299,1,-387.198
300,1,-392.696
301,0,-387.198
302,1,-392.696
303,0,381.7
304,1,-392.696
305,1,-381.7
306,0,381.7
307,1,-392.696
308,0,387.198
309,1,-381.7
310,0,381.7
311,0,-387.198
312,1,-387.198
313,0,392.696
314,1,-381.7
315,0,381.7
316,0,387.198
317,0,-387.198
318,1,-381.7
319,1,-387.198
320,0,381.7
321,0,387.198
322,1,-392.696
323,0,387.198
324,1,-387.198
325,1,-381.7
326,0,387.198
327,1,-381.7
328,1,387.198
329,0,381.7
330,1,-392.696
331,0,392.696
332,1,-387.198
333,1,-392.696
334,0,387.198
335,1,-392.696
336,0,-387.198
337,0,-387.198
338,0,-387.198
339,1,-392.696
340,1,-392.696
341,0,392.696
342,0,-387.198
343,0,381.7
344,1,-392.696
345,0,381.7
346,1,-381.7
347,0,381.7
348,0,387.198
349,1,-387.198
350,0,-387.198
351,0,381.7
352,1,-381.7
353,0,-387.198
354,1,-392.696
355,0,392.696
356,0,381.7
357,1,-392.696
358,1,-392.696
359,0,387.198
360,0,381.7
361,1,-392.696
362,1,-381.7
363,1,-392.696
364,0,381.7
365,1,-387.198
366,1,-387.198
367,0,392.696
368,0,387.198
369,0,381.7
370,1,-381.7
371,0,392.696
372,0,387.198
373,0,392.696
374,1,-392.696
375,1,-387.198
376,1,381.7
377,0,381.7
378,0,381.7
379,1,-392.696
380,1,-392.696
381,0,381.7
382,1,-392.696
383,1,-381.7
384,1,-387.198
385,1,-392.696
386,1,-381.7
387,0,381.7
388,0,381.7
389,1,-381.7
390,1,-392.696
391,1,-381.7
392,0,381.7
393,0,392.696
394,0,381.7
395,0,381.7
396,1,-392.696
397,0,381.7
398,0,387.198
399,0,381.7
400,1,-392.696
401,0,381.7
402,0,381.7
403,1,-392.696
404,0,387.198
405,1,-392.696
406,0,387.198
407,0,381.7
408,0,392.696
409,1,-392.696
410,0,381.7
411,0,392.696
412,1,-387.198
413,0,381.7
414,0,381.7
415,0,381.7
416,0,381.7
417,0,392.696
418,0,381.7
419,1,-381.7
420,1,-387.198
421,1,-381.7
422,0,392.696
423,0,381.7
424,0,381.7
425,0,381.7
426,1,-381.7
427,0,387.198
428,1,-392.696
429,1,-392.696
430,1,-392.696
431,1,-392.696
432,1,387.198
433,0,387.198
434,0,381.7
435,0,392.696
436,0,392.696
437,0,381.7
438,1,-381.7
439,1,-381.7
440,0,381.7
441,1,-392.696
442,0,392.696
443,0,392.696
444,1,-381.7
445,1,-392.696
446,1,-387.198
447,1,-381.7
448,0,392.696
449,1,-392.696
450,1,-392.696
451,1,-392.696
452,0,381.7
453,0,381.7
454,0,381.7
455,0,387.198
456,0,387.198
457,1,-392.696
458,1,-381.7
459,1,-387.198
460,1,-381.7
461,0,381.7
462,0,381.7
463,0,381.7
464,0,387.198
465,1,-387.198
466,0,392.696
467,0,381.7
468,0,381.7
469,1,387.198
470,0,381.7
471,0,381.7
472,0,381.7
473,0,381.7
474,0,387.198
475,1,-392.696
476,1,-387.198
477,0,381.7
478,1,-392.696
479,0,-387.198
480,1,387.198
481,1,-392.696
482,0,381.7
483,1,-381.7
484,0,381.7
485,0,392.696
486,1,-381.7
487,0,381.7
488,1,-392.696
489,1,-392.696
490,1,-381.7
491,0,387.198
492,1,-392.696
493,1,-392.696
494,0,381.7
495,0,392.696
496,0,387.198
497,0,381.7
498,1,-381.7
499,0,381.7
500,1,-392.696
