Subj,Class,risk_1d
1,1,8.306
2,1,0
3,1,0
4,1,2.855
5,0,8.248
6,1,-8.306
7,1,-0.0579999999999998
8,1,0
9,1,8.306
10,1,8.248
11,1,8.248
12,1,2.855
13,1,8.248
14,1,2.855
15,1,-8.248
16,1,-8.306
17,1,-8.248
18,1,-0.0579999999999998
19,1,-8.248
20,0,11.103
21,0,16.554
22,0,0.0579999999999998
23,1,0.0579999999999998
24,0,0.0579999999999998
25,1,-8.306
26,1,-5.393
27,0,16.554
28,1,-13.699
29,1,0.0579999999999998
30,1,-8.306
31,1,8.248
32,1,-8.248
33,1,0.0579999999999998
34,1,8.306
35,1,2.797
36,1,-0.0579999999999998
37,1,8.248
38,1,0
39,1,0.0579999999999998
40,1,-8.248
41,1,8.306
42,1,0
43,1,8.306
44,1,8.248
45,1,-5.451
46,1,-5.393
47,1,-16.554
48,1,2.913
49,0,8.248
50,1,2.855
51,1,-8.306
52,1,-16.554
53,1,8.306
54,1,0.0579999999999998
55,0,8.248
56,1,-8.248
57,1,-16.554
58,1,0
59,1,0
60,1,8.248
61,1,0.0579999999999998
62,1,0
63,1,11.103
64,1,0
65,0,11.161
66,1,16.554
67,1,-8.306
68,1,-16.554
69,1,0
70,1,-0.0579999999999998
71,1,-8.306
72,1,8.306
73,1,8.306
74,1,-13.699
75,1,-8.306
76,1,-8.306
77,1,0
78,1,-0.0579999999999998
79,1,0
80,1,-5.393
81,1,-8.306
82,1,-8.248
83,1,0
84,0,16.554
85,1,-8.306
86,1,-0.0579999999999998
87,1,-8.248
88,1,-8.248
89,0,16.554
90,0,8.306
91,1,0
92,1,8.306
93,0,2.855
94,1,-0.0579999999999998
95,1,16.554
96,1,0
97,1,11.161
98,1,0
99,0,2.913
100,0,0
101,0,8.248
102,0,8.306
103,0,2.855
104,0,11.161
105,0,2.855
106,0,11.103
107,0,11.161
108,0,-8.248
109,0,0
110,0,-0.0579999999999998
111,0,8.306
112,0,-8.306
113,0,0
114,0,-16.554
115,0,0
116,0,8.306
117,0,-16.554
118,0,0.0579999999999998
119,0,8.248
120,0,0
121,0,-5.393
122,0,2.855
123,0,-0.0579999999999998
124,0,8.248
125,0,8.248
126,0,19.409
127,0,0
128,0,8.306
129,0,0
130,0,-5.451
131,0,0
132,0,0
133,0,11.161
134,0,8.306
135,0,0.0579999999999998
136,0,16.554
137,0,-0.0579999999999998
138,0,0
139,0,-8.306
140,0,8.306
141,0,-16.554
142,0,-8.248
143,0,2.855
144,0,0
145,0,-5.451
146,0,8.248
147,0,0
148,0,-0.0579999999999998
149,0,11.103
150,0,-0.0579999999999998
151,0,0
152,0,2.855
153,0,8.248
154,0,-8.248
155,0,-5.393
156,0,0
157,0,-8.306
158,0,8.306
159,0,8.248
160,1,-5.451
161,1,16.554
162,1,0
163,1,11.161
164,1,8.306
165,1,0
166,1,0
167,1,-16.554
168,1,0.0579999999999998
169,0,2.913
170,0,-5.393
171,0,-5.451
172,0,2.797
173,0,2.855
174,1,2.855
175,1,0
176,1,2.797
177,0,11.161
178,0,11.161
179,0,0.0579999999999998
180,0,8.306
181,0,8.306
182,0,0
183,0,0
184,0,-8.306
185,0,-5.393
186,0,0
187,0,2.797
188,0,8.248
189,0,-0.0579999999999998
190,0,-8.306
191,0,-0.0579999999999998
192,0,2.855
193,0,-8.248
194,0,-8.248
195,0,-0.0579999999999998
196,0,11.161
197,0,0
198,0,-8.306
199,0,8.306
200,0,11.161
