Subj,Class,risk_2d
1,1,3.419
2,1,18.026
3,1,-4.721
4,1,14.551
5,0,-2.011
6,1,18.678
7,0,8.858
8,1,12.668
9,1,15.546
10,1,12.204
11,0,-9.827
12,0,-3.648
13,0,9.048
14,0,0.604000000000001
15,0,-11.785
16,1,2.415
17,1,13.526
18,1,9.253
19,1,9.306
20,0,-2.342
21,1,27.219
22,1,2.362
23,1,19.011
24,1,19.132
25,0,-8.908
26,0,-1.046
27,1,12.639
28,0,-15.133
29,1,0.0859999999999994
30,1,-4.312
31,1,18.32
32,1,2.415
33,1,-1.562
34,1,8.187
35,0,-4.344
36,0,-10.525
37,1,15.5
38,1,-10.861
39,1,18.656
40,0,-37.95
41,0,19.701
42,1,7.737
43,0,10.11
44,1,8.858
45,1,5.251
46,1,-21.57
47,0,-4.312
48,1,-8.221
49,1,-0.0190000000000006
50,1,16.226
51,1,12.941
52,1,24.495
53,1,10.793
54,1,-0.0190000000000006
55,1,8.884
56,0,-3.385
57,0,-18.086
58,0,-22.347
59,0,-1.958
60,0,6.359
61,1,-2.123
62,0,20.186
63,1,1.797
64,0,-0.514000000000001
65,0,-4.642
66,0,-12.587
67,1,-0.803000000000001
68,1,-11.122
69,0,-17.541
70,1,6.799
71,0,8.183
72,0,6.378
73,0,7.891
74,0,-0.693000000000001
75,0,-7.534
76,1,7.951
77,1,18.583
78,1,10.516
79,1,-5.733
80,1,5.251
81,0,-6.675
82,1,19.235
83,0,1.099
84,0,2.389
85,0,-12.925
86,0,17.125
87,0,-15.112
88,0,-13.817
89,1,-8.578
90,0,-25.241
91,0,-12.002
92,1,-7.53
93,1,-11.935
94,1,1.917
95,0,9.041
96,0,-3.194
97,0,-7.669
98,0,-14.118
99,0,-17.482
100,0,13.051
101,1,8.806
102,0,-12.217
103,0,-4.026
104,1,3.29
105,0,-3.445
106,1,11.008
107,1,1.61
108,1,2.415
109,0,-6.433
110,1,-13.376
111,1,-0.415
112,0,0.583
113,0,1.848
114,1,0.221
115,1,7.083
116,0,-15.517
117,0,1.26
118,1,-3.445
119,1,-20.504
120,1,12.722
121,1,5.377
122,0,2.962
123,1,11.546
124,1,-1.793
125,1,5.674
126,1,-14.835
127,1,-2.461
128,1,-2.747
129,0,-13.838
130,0,11.322
131,0,16.62
132,1,-7.45
133,1,5.719
134,0,-7.015
135,1,9.193
136,0,9.041
137,0,12.205
138,0,-3.198
139,0,-10.629
140,0,5.696
141,1,3.254
142,1,5.442
143,0,-1.523
144,0,-2.898
145,1,12.559
146,1,7.462
147,1,0.162999999999999
148,0,-5.757
149,1,5.118
150,1,1.256
151,1,9.654
152,0,3.764
153,0,-13.817
154,1,-11.935
155,1,7.46
156,0,-0.783000000000001
157,1,-7.633
158,0,13.175
159,0,-24.96
160,0,-0.404
161,0,0.938999999999999
162,1,4.371
163,0,0.566
164,0,-3.711
165,0,-8.376
166,1,2.323
167,1,5.442
168,1,1.823
169,1,8.116
170,1,4.697
171,0,-17.013
172,0,-3.754
173,0,8.659
174,0,-7.927
175,1,1.917
176,0,-4.217
177,0,1.848
178,0,-10.979
179,1,9.892
180,1,-6.268
181,0,3.735
182,1,1.893
183,1,14.412
184,1,-2.315
185,0,1.815
186,1,12.705
187,0,-15.114
188,0,-8.154
189,0,-8.088
190,0,-4.485
191,1,7.291
192,1,8.871
193,1,-15.537
194,0,8.277
195,0,-2.197
196,1,24.997
197,0,1.375
198,0,-2.092
199,0,-15.191
200,1,-2.223
201,1,5.25
202,1,-2.146
203,1,-0.815
204,0,10.978
205,1,-10.581
206,0,-1.715
207,1,5.745
208,1,-18.293
209,0,-11.291
210,0,-6.142
211,0,16.265
212,1,2.415
213,1,18.486
214,0,5.895
215,0,-30.997
216,0,-3.88
217,0,-14.921
218,1,3.781
219,1,11.008
220,1,11.506
221,1,12.444
222,1,-11.213
223,1,11.17
224,1,24.083
225,0,5.148
226,0,-22.643
227,0,-24.876
228,1,1.289
229,1,14.193
230,0,-7.053
231,0,10.546
232,1,12.068
233,0,-7.383
234,1,10.818
235,1,-24.872
236,1,8.239
237,1,-1.427
238,0,1.522
239,1,-5.77
240,1,6.835
241,0,2.215
242,0,1.237
243,1,3.669
244,0,-16.349
245,0,5.754
246,1,2.819
247,0,-15.311
248,1,9.391
249,1,4.865
250,0,5.599
251,1,-8.908
252,1,18.918
253,1,0.659999999999999
254,1,10.412
255,0,-11.348
256,1,6.808
257,0,3.584
258,0,-8.093
259,1,0.0609999999999995
260,0,4.842
261,0,-21.622
262,1,-13.323
263,1,4.865
264,0,2.504
265,1,1.04
266,0,-6.142
267,1,9.984
268,1,-3.72
269,0,-2.497
270,0,-10.979
271,1,5.543
272,0,4.068
273,1,6.025
274,1,-2.684
275,0,14.193
276,1,0.207
277,1,10.178
278,0,16.225
279,0,4.809
280,1,-9.38
281,0,10.956
282,0,14.718
283,1,8.977
284,1,2.918
285,1,-6.608
286,0,-27.976
287,0,-22.037
288,0,-9.044
289,0,-15.887
290,0,9.927
291,1,-5.947
292,1,-4.026
293,0,9.031
294,1,-10.959
295,1,-17.101
296,0,16.62
297,0,-2.663
298,1,7.323
299,0,-16.823
300,0,-3.445
301,0,15.458
302,0,-13.187
303,0,1.996
304,0,-6.675
305,1,-13.817
306,1,2.024
307,0,-9.748
308,0,-14.942
309,1,-7.377
310,1,5.135
311,0,1.658
312,1,-5.361
313,0,-1.945
314,0,14.897
315,1,7.951
316,1,-6.584
317,1,10.956
318,1,-10.293
319,0,-0.693000000000001
320,1,6.9
321,0,-14.116
322,0,-8.212
323,0,-2.158
324,1,6.286
325,0,-4.997
326,0,-2.441
327,0,4.713
328,1,-1.958
329,1,19.943
330,0,14.483
331,1,-13.582
332,0,-2.441
333,1,5.793
334,0,-0.881999999999999
335,1,-2.175
336,1,0.652
337,0,-4.802
338,0,3.781
339,0,-0.672
340,0,-9.305
341,1,-2.568
342,0,11.385
343,0,13.414
344,1,-9.312
345,1,14.683
346,0,-0.415
347,0,-6.959
348,1,13.393
349,0,-14.309
350,1,9.362
351,0,10.942
352,1,14.126
353,1,-7.618
354,1,4.389
355,1,-15.112
356,0,3.542
357,0,-2.456
358,1,-6.427
359,0,-13.825
360,1,-3.31
361,1,7.012
362,0,-11.935
363,1,5.748
364,0,2.223
365,0,8.781
366,0,-6.58
367,0,3.737
368,1,6.386
369,1,-0.823999999999999
370,0,-23.626
371,0,2.107
372,1,-10.282
373,0,-11.677
374,0,9.624
375,1,13.844
376,0,-2.424
377,1,-4.867
378,1,-0.589999999999999
379,0,0.221
380,1,6.9
381,0,2.031
382,0,5.698
383,1,-4.107
384,0,2.763
385,1,11.385
386,1,9.176
387,1,23.238
388,0,-0.483000000000001
389,1,-7.806
390,1,-3.648
391,0,5.448
392,1,4.779
393,0,15.429
394,0,11.483
395,0,6.794
396,1,-20.504
397,1,18.583
398,1,-6.158
399,1,13.405
400,1,-0.163
401,0,-11.784
402,1,2.576
403,0,-9.625
404,0,0.826999999999999
405,0,-15.959
406,1,12.601
407,0,18.39
408,0,-4.485
409,0,0.251
410,1,-4.356
411,1,-9.897
412,1,-5.524
413,1,-3.534
414,1,6.796
415,0,2.024
416,0,-11.283
417,0,-3.967
418,0,-13.07
419,0,2.799
420,1,-6.664
421,1,2.464
422,1,-6.664
423,1,12.711
424,0,2.024
425,0,-10.257
426,0,-7.494
427,1,-16.661
428,1,15.605
429,1,7.825
430,0,-0.204
431,0,-10.75
432,0,9.041
433,1,6.195
434,1,10.315
435,0,7.035
436,0,11.885
437,0,-5.524
438,0,-9.85
439,1,12.601
440,1,14.97
441,0,-5.774
442,0,-8.568
443,0,1.256
444,1,0.930999999999999
445,1,11.602
446,1,8.307
447,1,6.196
448,0,3.191
449,1,-19.12
450,1,6.699
451,1,3.28
452,1,4.153
453,1,1.04
454,0,5.86
455,0,16.529
456,1,-8.881
457,1,-9.114
458,0,-8.908
459,1,-5.53
460,0,-10.637
461,1,-3.534
462,1,-12.002
463,1,-2.898
464,1,-7.053
465,0,-1.792
466,1,6.308
467,0,2.415
468,0,5.244
469,0,-19.767
470,1,2.947
471,0,-17.056
472,0,-17.482
473,0,-9.172
474,0,0.764999999999999
475,0,-7.669
476,1,-6.278
477,0,7.146
478,0,-18.641
479,1,-5.824
480,1,-7.235
481,1,-7.536
482,1,21.251
483,0,14.926
484,1,0.0519999999999996
485,0,-3.864
486,0,-1.406
487,0,2.621
488,0,10.297
489,0,13.114
490,0,-10.627
491,1,0.901999999999999
492,1,10.198
493,0,1.286
494,0,20.274
495,0,-10.525
496,0,-14.589
497,1,0.883
498,1,-15.066
499,1,7.46
500,0,12.9
501,1,-0.704
502,1,17.874
503,1,-7.383
504,1,2.873
505,0,13.26
506,0,-11.935
507,1,13.509
508,1,10.716
509,1,-0.481
510,1,7.4
511,1,17.71
512,0,-1.523
513,0,-7.053
514,0,9.229
515,0,-16.892
516,0,-8.908
517,1,-9.589
518,1,0.134000000000001
519,0,1.643
520,0,-22.239
521,0,-2.706
522,0,11.705
523,0,5.242
524,0,20.61
525,1,-6.142
526,1,-6.675
527,1,0.499000000000001
528,1,8.252
529,1,-8.836
530,0,-2.19
531,1,12.902
532,0,-6.675
533,0,11.532
534,1,18.773
535,1,-17.056
536,1,17.412
537,0,5.448
538,1,-5.033
539,0,2.55
540,0,0.0900000000000003
541,1,19.235
542,0,15.941
543,0,-10.216
544,0,-0.190000000000001
545,0,-3.496
546,1,-8.908
547,1,5.5
548,1,-5.224
549,0,0.883
550,0,-2.898
551,1,4.568
552,0,-0.754000000000001
553,0,-2.123
554,0,-10.996
555,0,-2.694
556,1,12.659
557,0,4.875
558,1,4.865
559,0,3.512
560,1,-1.281
561,0,-11.935
562,1,2.327
563,0,14.834
564,1,-1.567
565,1,17.874
566,0,-21.06
567,1,14.193
568,1,1.848
569,1,27.814
570,0,-10.251
571,1,14.416
572,1,-2.47
573,0,-4.026
574,1,8.781
575,0,-17.875
576,1,7.177
577,1,0.335999999999999
578,0,-10.581
579,1,-12.176
580,1,0.566
581,0,-16.373
582,1,-8.623
583,1,16.289
584,1,-20.445
585,1,0.476999999999999
586,1,-3.839
587,0,-10.918
588,1,-2.404
589,0,-13.093
590,1,9.031
591,0,-10.013
592,1,17.71
593,1,18.312
594,0,-2.197
595,0,-12.756
596,0,-16.08
597,0,-10.558
598,1,-19.174
599,1,-21.762
600,1,7.951
601,0,6.353
602,0,-4.303
603,1,-3.933
604,1,-1.872
605,0,0.315
606,1,-2.396
607,1,-6.643
608,1,-11.807
609,1,6.792
610,1,6.838
611,1,7.509
612,0,9.574
613,1,7.117
614,0,-21.218
615,1,-24.589
616,1,7.108
617,1,15.806
618,0,-11.935
619,1,20.376
620,1,-1.37
621,0,6.087
622,0,-0.112000000000001
623,1,5.719
624,1,0.448000000000001
625,1,12.213
626,0,-13.099
627,1,1.237
628,1,8.043
629,1,21.183
630,1,2.814
631,1,6.764
632,1,14.916
633,0,10.405
634,0,-0.737999999999998
635,1,0.883
636,0,5.491
637,0,-4.423
638,1,-1.887
639,1,-0.708
640,0,10.316
641,1,16.053
642,1,3.966
643,1,5.442
644,1,2.947
645,1,18.026
646,0,-15.893
647,0,-3.445
648,0,-21.944
649,1,9.041
650,1,13.159
651,0,8.18
652,1,2.779
653,0,-10.044
654,1,-19.571
655,0,10.132
656,0,10.412
657,1,0.153
658,0,-11.211
659,0,-3.88
660,0,-2.461
661,0,-17.257
662,1,8.956
663,0,7.188
664,0,11.093
665,0,11.072
666,0,-0.783000000000001
667,0,5.52
668,1,-6.075
669,0,-16.777
670,1,-7.45
671,0,14.268
672,1,5.25
673,1,-2.666
674,0,-2.47
675,0,0.129
676,0,-1.084
677,1,0.149
678,1,3.737
679,0,-5.423
680,0,-12.826
681,1,12.793
682,0,-4.59
683,0,21.417
684,1,9.588
685,0,2.819
686,1,1.761
687,1,18.996
688,0,-22.159
689,0,-3.272
690,0,-22.029
691,0,0.335999999999999
692,0,5.525
693,0,-8.154
694,1,4.37
695,0,-7.437
696,1,-9.273
697,0,0.696
698,1,9.041
699,0,-2.385
700,0,-10.581
701,1,2.572
702,1,21.251
703,1,1.922
704,0,6.695
705,1,-4.809
706,0,-27.524
707,0,-17.482
708,0,-1.974
709,1,10.608
710,0,-18.471
711,0,-6.49
712,1,3.388
713,1,-8.784
714,0,6.808
715,0,-4.107
716,0,-7.818
717,0,6.542
718,1,2.322
719,1,21.268
720,1,18.249
721,0,-25.118
722,0,-10.731
723,0,-8.545
724,0,-3.72
725,0,-5.774
726,1,0.283999999999999
727,1,0.768
728,0,-5.658
729,0,-11.383
730,0,11.103
731,0,-5.774
732,0,-4.303
733,0,12.818
734,0,-7.424
735,1,14.118
736,1,8.552
737,0,-23.208
738,1,8.72
739,1,-4.783
740,1,22.48
741,0,17.274
742,1,-2.898
743,0,16.576
744,0,1.223
745,0,-12.121
746,1,9.593
747,1,-11.993
748,0,-9.657
749,1,-4.137
750,1,16.225
751,1,10.793
752,0,16.963
753,1,-2.528
754,1,12.818
755,1,1.152
756,1,-2.992
757,0,-11.113
758,0,-15.804
759,0,-12.083
760,0,-4.485
761,1,-4.123
762,1,6.953
763,1,0.147
764,0,16.078
765,1,-8.841
766,1,19.453
767,0,13.82
768,1,-1.261
769,0,-2.37
770,1,2.415
771,1,0.168999999999999
772,0,-2.707
773,0,-3.88
774,0,12.205
775,0,3.788
776,0,-9.671
777,0,-3.445
778,1,-0.608000000000001
779,1,-22.454
780,1,-6.568
781,1,4.779
782,1,-7.383
783,0,-4.017
784,1,2.594
785,0,-18.086
786,0,-3.169
787,0,-5.378
788,0,7.951
789,1,28.633
790,1,8.187
791,1,9.93
792,1,1.025
793,0,-5.845
794,1,5.242
795,1,0.754000000000001
796,0,-13.227
797,0,-7.536
798,1,-8.236
799,1,5.698
800,1,-7.536
801,0,10.928
802,0,-15.696
803,1,1.114
804,1,-4.254
805,0,-18.033
806,1,-6.608
807,0,-5.286
808,0,-7.437
809,1,-17.015
810,1,9.335
811,0,-5.423
812,1,10.297
813,0,-17.25
814,1,-16.435
815,1,13.168
816,1,2.258
817,0,7.569
818,1,-1.008
819,1,9.624
820,1,-7.383
821,1,4.235
822,1,-9.384
823,1,-3.338
824,1,-2.259
825,1,13.417
826,0,-9.682
827,1,7.681
828,0,-15.133
829,1,2.258
830,1,-6.092
831,1,16.71
832,1,2.009
833,1,-10.979
834,1,5.33
835,1,-3.445
836,0,5.126
837,1,12.783
838,0,7.025
839,0,3.854
840,0,7.564
841,0,-6.261
842,0,-0.418000000000001
843,1,-11.935
844,0,-3.221
845,0,-11.517
846,0,22.54
847,0,11.688
848,1,0.661000000000001
849,1,-3.648
850,1,15.908
851,0,2.235
852,1,-1.018
853,0,-4.782
854,1,7.061
855,1,-23.074
856,0,-5.777
857,0,6.196
858,0,-3.445
859,1,-9.361
860,1,15.093
861,0,10.889
862,1,-1.523
863,1,17.407
864,0,-6.808
865,0,-0.881999999999999
866,0,-3.445
867,1,0.221
868,0,13.537
869,0,-7.383
870,1,-7.053
871,0,-15.864
872,1,-6.091
873,0,2.415
874,1,6.99
875,1,5.846
876,1,14.599
877,0,-0.133
878,1,-6.075
879,0,1.978
880,1,4.359
881,0,-2.47
882,0,5.395
883,0,25.561
884,1,10.702
885,1,-10.45
886,1,-0.881999999999999
887,1,28.633
888,0,0.863000000000001
889,1,14.897
890,0,5.068
891,0,0.947999999999999
892,0,-4.025
893,0,9.574
894,0,1.256
895,1,1.61
896,1,-3.273
897,1,6.415
898,1,4.944
899,0,-3.648
900,1,5.037
901,0,-1.61
902,0,-8.943
903,0,-7.437
904,0,3.164
905,0,1.234
906,0,10.416
907,0,-2.006
908,1,1.084
909,1,14.412
910,1,10.394
911,0,15.558
912,0,9.008
913,0,-6.675
914,0,1.928
915,1,-5.618
916,0,-11.935
917,0,16.037
918,0,-3.539
919,0,-16.777
920,0,5.525
921,1,6.989
922,0,-15.095
923,1,9.084
924,1,-5.178
925,0,5.131
926,1,6.736
927,1,-1.064
928,0,1.854
929,1,13.225
930,0,6.196
931,0,6.3
932,1,-8.154
933,1,-4.642
934,0,9.504
935,0,-9.305
936,0,6.088
937,1,-11.935
938,0,4.371
939,0,7.583
940,0,-3.198
941,0,19.386
942,1,-17.461
943,1,-16.94
944,0,0.938999999999999
945,1,12.177
946,0,-4.997
947,1,9.93
948,0,7.8
949,1,8.701
950,1,-7.339
951,1,-12.671
952,1,18.249
953,0,8.679
954,0,0.0199999999999996
955,0,6.344
956,0,-1.344
957,0,7.951
958,1,1.38
959,1,17.874
960,0,5.242
961,1,-7.235
962,0,1.504
963,0,-2.454
964,0,-0.564
965,0,-19.414
966,0,-9.766
967,1,13.526
968,0,10.412
969,0,-8.309
970,0,15.166
971,1,-2.898
972,0,-3.272
973,0,-5.412
974,1,4.359
975,0,-23.626
976,0,-2.684
977,0,-2.898
978,0,-2.898
979,0,3.764
980,1,-3.261
981,0,-4.139
982,1,16.71
983,1,-15.163
984,0,4.748
985,1,10.058
986,0,-17.842
987,0,-16.726
988,1,18.113
989,0,-2.001
990,1,8.944
991,0,-2.441
992,0,-4.594
993,1,1.922
994,0,19.452
995,0,-7.132
996,1,-4.037
997,0,-27.799
998,1,11.847
999,1,7.915
1000,1,-2.525
