Subj,Class,risk_2d
1,0,-39.788
2,1,-40.547
3,0,8.591
4,1,14.263
5,1,34.727
6,1,55.591
7,0,3.781
8,0,14.973
9,0,77.266
10,1,14.263
11,0,16.654
12,1,-32.336
13,0,21.051
14,1,-61.837
15,1,32.81
16,1,29.662
17,1,61.319
18,1,24.996
19,0,-31.753
20,1,92.222
21,0,67.36
22,0,-0.440000000000001
23,0,55.788
24,1,33.663
25,1,1.955
26,0,-66.017
27,0,-28.964
28,1,33.959
29,0,-20.159
30,1,91.709
31,1,68.194
32,1,80.302
33,0,-8.919
34,1,31.333
35,0,-52.961
36,0,5.661
37,0,-70.327
38,0,14.119
39,1,35.386
40,0,78.394
41,0,-58.661
42,1,18.811
43,0,76.917
44,0,22.481
45,0,84.237
46,0,-28.875
47,0,-94.454
48,1,1.518
49,1,-13.239
50,0,-17.05
51,1,-31.299
52,1,-43.737
53,1,3.35
54,0,-1.513
55,1,-62.622
56,1,40.856
57,1,65.51
58,0,94.143
59,1,-15.467
60,1,81.803
61,1,49.694
62,0,16.151
63,1,23.881
64,0,67.36
65,1,29.518
66,1,-75.483
67,0,14.035
68,0,-29.071
69,1,-20.665
70,1,39.788
71,0,32.373
72,0,-64.531
73,0,-56.954
74,0,10.366
75,1,32.81
76,1,-23.633
77,1,-49.348
78,1,55.648
79,1,-8.546
80,0,73.418
81,1,29.724
82,1,79.971
83,0,-84.832
84,1,-33.734
85,0,-76.604
86,0,-4.673
87,0,-54.392
88,1,45.46
89,0,-30.135
90,0,-77.827
91,0,22.481
92,0,-61.722
93,0,-48.782
94,0,-94.674
95,0,-24.375
96,1,43.002
97,0,-54.392
98,0,-54.467
99,1,80.144
100,1,75.789
101,1,6.588
102,1,91.709
103,0,-5.734
104,1,69.048
105,0,-48.782
106,0,-43.627
107,0,-20.061
108,0,-67.688
109,1,-51.413
110,0,-52.966
111,1,35.903
112,1,9.103
113,0,-21.936
114,0,-70.745
115,0,-51.25
116,1,49.817
117,0,91.269
118,1,-71.786
119,0,-6.152
120,1,24.996
121,1,33.883
122,1,25.778
123,1,44.009
124,0,53.052
125,0,9.624
126,1,-40.454
127,1,-31.972
128,0,32.454
129,1,52.928
130,0,-80.377
131,1,21.279
132,1,-24.855
133,1,3.185
134,0,-65.074
135,1,84.31
136,0,-42.887
137,0,-10.468
138,0,35.407
139,0,-49.739
140,1,9.61
141,1,-17.899
142,0,-38.485
143,0,63.354
144,0,-70.327
145,1,-80.647
146,1,26.69
147,0,-23.069
148,0,-7.344
149,0,-3.549
150,1,-19.763
151,1,60.665
152,0,-86.823
153,0,-93.589
154,0,-89.029
155,0,9.391
156,0,-15.527
157,0,84.237
158,1,-40.184
159,0,-33.761
160,0,-79.16
161,1,-14.026
162,0,-93.25
163,1,64.768
164,1,-27.244
165,0,-46.105
166,0,21.291
167,1,73.896
168,1,25.336
169,0,-78.915
170,1,32.863
171,0,77.424
172,0,-98.743
173,1,20.586
174,1,70.08
175,0,13.845
176,1,-15.467
177,0,-0.232999999999999
178,1,22.337
179,0,-54.467
180,1,60.188
181,0,-86.064
182,0,-10.229
183,0,45.882
184,0,-76.014
185,0,21.96
186,0,-48.233
187,1,44.979
188,1,-31.972
189,1,34.219
190,0,-38.169
191,1,-63.129
192,1,-51.413
193,1,29.999
194,1,-15.826
195,0,0.737999999999999
196,0,-53.96
197,0,-74.34
198,0,-5.734
199,0,-19.674
200,0,-53.524
201,1,-8.172
202,0,-45.706
203,1,-12.721
204,0,-55.502
205,1,-35.702
206,0,-9.916
207,1,5.084
208,0,-24.375
209,1,-77.424
210,0,-73.009
211,1,-21.112
212,1,31.333
213,1,52.468
214,0,35.832
215,0,-63.327
216,0,-36.84
217,0,23.623
218,0,-79.11
219,1,13.609
220,0,15.902
221,0,-49.532
222,0,24.879
223,1,-86.49
224,1,-80.805
225,1,44.979
226,1,-21.674
227,0,-38.643
228,1,11.229
229,0,-15.453
230,0,42.91
231,0,-91.853
232,0,-116.801
233,1,35.407
234,1,-76.44
235,0,-45.199
236,1,16.626
237,0,0.296000000000001
238,0,-19.674
239,0,-74.877
240,0,-28.875
241,0,3.706
242,1,47.132
243,0,31.081
244,1,-73.203
245,1,-28.495
246,1,20.6
247,1,-76.502
248,1,67.568
249,1,30.109
250,0,17.794
251,0,-12.987
252,1,44.979
253,1,-2.864
254,1,23.806
255,0,-34.264
256,0,16.487
257,1,62.742
258,0,89.415
259,1,-37.142
260,1,-2.878
261,0,35.695
262,1,54.545
263,0,-59.12
264,1,55.648
265,0,-103.694
266,1,50.188
267,1,15.902
268,1,-28.516
269,1,33.945
270,1,23.881
271,1,13.742
272,0,11.076
273,1,88.935
274,0,83.482
275,1,49.305
276,0,-62.931
277,0,-22.343
278,1,42.716
279,1,100.201
280,1,39.597
281,0,12.328
282,1,-33.792
283,0,5.25
284,1,54.545
285,1,-43.227
286,1,39.781
287,0,-94.44
288,1,-42
289,1,58.299
290,0,-41.519
291,1,81.803
292,0,17.056
293,1,-39.516
294,1,35.688
295,0,-80.403
296,1,-19.459
297,1,50.188
298,1,-0.0769999999999982
299,0,-44.054
300,1,93.405
301,0,21.34
302,0,-11.639
303,0,-25.084
304,0,9.466
305,0,-25.517
306,1,30.506
307,1,-62.846
308,1,-41.507
309,1,29.217
310,0,-22.343
311,1,-4.966
312,1,-87.488
313,1,88.817
314,0,16.709
315,0,6.918
316,0,-81.961
317,0,-53.747
318,0,16.563
319,1,-13.239
320,0,-58.959
321,1,-30.076
322,1,16.926
323,1,-8.267
324,1,50.188
325,0,-31.753
326,1,28.534
327,0,-63.663
328,1,-30.623
329,0,4.379
330,1,-0.0769999999999982
331,1,6.588
332,0,-58.599
333,0,-34.264
334,0,12.508
335,0,-40.978
336,0,-11.797
337,1,39.63
338,1,-36.377
339,1,-5.762
340,1,18.484
341,0,-68.663
342,1,23.881
343,1,27.156
344,0,-65.282
345,0,45.882
346,0,-40.021
347,0,88.396
348,1,-87.488
349,0,-100.578
350,0,-84.61
351,0,-33.173
352,0,-14.673
353,0,-2.923
354,0,12.909
355,0,-80.795
356,1,29.337
357,0,14.059
358,0,-48.755
359,1,-22.34
360,0,-59.106
361,0,-6.461
362,0,-68.929
363,0,15.688
364,0,76.917
365,1,1.86
366,1,-35.118
367,1,32.725
368,0,-62.341
369,1,-15.508
370,0,-0.417999999999999
371,1,24.155
372,1,-5.682
373,0,-1.864
374,1,90.208
375,0,28.88
376,0,66.853
377,1,68.642
378,0,-25.085
379,1,37.591
380,1,-28.495
381,1,29.58
382,0,-81.425
383,0,25.677
384,1,0.039000000000001
385,0,-21.703
386,0,-15.478
387,1,29.491
388,1,-37.217
389,0,-6.152
390,0,-24.402
391,1,-50.157
392,0,-14.659
393,0,-61.722
394,1,99.057
395,1,7.042
396,0,-63.455
397,0,5.866
398,0,-85.408
399,0,-77.23
400,1,66.561
401,1,25.023
402,1,-56.994
403,1,-77.424
404,1,-42.553
405,1,-18.68
406,1,32.645
407,1,29.999
408,1,-18.496
409,1,68.025
410,1,17.092
411,1,-53.613
412,1,62.34
413,0,22.394
414,0,-41.519
415,1,-56.141
416,0,6.581
417,0,-19.832
418,1,-19.763
419,1,48.779
420,0,-19.476
421,1,-85.389
422,0,45.738
423,0,-61.722
424,1,7.303
425,0,-61.722
426,1,-80.819
427,1,0.0140000000000025
428,1,-87.488
429,0,-0.440000000000001
430,0,-38.977
431,1,-24.775
432,1,-11.769
433,0,-88.247
434,1,45.46
435,0,-41.774
436,1,61.963
437,0,-62.931
438,1,8.909
439,0,-61.722
440,1,42.824
441,0,-5.734
442,0,-42.887
443,1,52.78
444,0,18.669
445,0,5.25
446,1,3.947
447,1,49.694
448,1,6.953
449,0,-68.865
450,0,-20.154
451,1,82.316
452,0,-12.304
453,1,-24.798
454,0,-38.886
455,0,-28.579
456,0,-5.927
457,1,-24.933
458,0,-12.304
459,0,-11.639
460,1,44.009
461,1,-4.728
462,0,-95.565
463,0,-38.643
464,0,-16.389
465,0,6.423
466,0,3.408
467,0,3.781
468,1,91.709
469,0,-26.044
470,1,19.585
471,1,-17.612
472,0,68.69
473,0,-64.64
474,1,-12.825
475,1,-77.582
476,0,17.753
477,1,45.981
478,0,-7.921
479,0,-21.936
480,1,29.217
481,0,50.103
482,0,31.609
483,1,-52.088
484,0,-21.778
485,1,24.996
486,0,-19.674
487,0,1.256
488,1,23.833
489,1,-19.763
490,0,-29.724
491,1,-86.504
492,0,79.509
493,0,-95.181
494,0,-75.376
495,1,6.532
496,0,-15.179
497,0,-75.75
498,0,51.199
499,1,57.001
500,0,17.794
501,0,-9.83
502,0,-69.603
503,1,4.077
504,0,-68.663
505,1,31.533
506,0,-0.440000000000001
507,1,24.996
508,0,-61.156
509,1,35.903
510,1,50.202
511,1,91.867
512,0,10.806
513,1,24.996
514,1,-22.696
515,0,-35.149
516,1,29.724
517,1,35.073
518,0,-5.527
519,1,24.155
520,0,-58.599
521,1,96.121
522,0,-60.198
523,1,16.551
524,0,-6.103
525,1,10.346
526,0,-80.478
527,1,0.719000000000002
528,1,-42.902
529,0,-54.392
530,1,60.547
531,0,26.702
532,0,-11.928
533,0,-42.822
534,0,37.709
535,1,86.537
536,0,32.387
537,0,1.627
538,0,-34.264
539,1,-2.953
540,1,19.674
541,0,17.163
542,0,-88.611
543,0,-10.863
544,1,29.566
545,1,49.736
546,0,-60.554
547,1,-17.014
548,0,8.101
549,0,18.655
550,0,16.91
551,0,-20.159
552,1,86.537
553,1,-80.661
554,1,25.336
555,0,16.511
556,1,-59.994
557,0,-106.645
558,1,14.946
559,1,29.724
560,0,-75.923
561,1,-27.949
562,1,-8.267
563,0,40.327
564,0,-17.626
565,1,-87.488
566,1,24.155
567,1,24.313
568,1,37.74
569,1,74.388
570,1,-40.789
571,1,-12.262
572,0,21.017
573,1,-23.32
574,1,-20.423
575,1,14.946
576,0,-5.168
577,0,-29.738
578,1,43.002
579,1,35.386
580,0,-13.235
581,0,-11.05
582,1,1.86
583,0,-32.758
584,1,34.219
585,1,66.561
586,0,9.045
587,0,3.547
588,1,-13.727
589,1,35.688
590,1,1.617
591,1,47.517
592,0,-98.519
593,0,-12.987
594,1,77.897
595,1,-28.655
596,1,43.002
597,1,17.609
598,0,-105.629
599,1,-50.082
600,1,45.594
601,1,-23.023
602,0,18.974
603,1,80.231
604,1,14.932
605,0,15.702
606,0,-10.863
607,1,-75.483
608,1,82.063
609,0,-15.98
610,1,50.202
611,1,74.877
612,1,9.61
613,0,-92.514
614,0,14.119
615,1,34.929
616,0,-21.964
617,0,1.179
618,0,-27.27
619,1,-34.466
620,1,-26.86
621,0,-44.39
622,0,-66.106
623,0,-79.971
624,0,12.552
625,0,24.362
626,0,-72.943
627,0,5.391
628,1,50.324
629,1,61.963
630,0,-0.440000000000001
631,1,-12.928
632,1,60.174
633,1,35.386
634,1,28.534
635,1,84.61
636,0,-5.411
637,1,-32.602
638,1,-21.674
639,0,78.394
640,1,-0.496999999999998
641,0,-56.994
642,0,-50.723
643,0,79.509
644,0,-50.556
645,0,16.549
646,0,-77.724
647,0,30.268
648,0,-71.753
649,1,27.834
650,0,-21.847
651,0,-85.515
652,1,35.688
653,0,-11.783
654,0,-64.654
655,0,-102.424
656,0,0.713000000000001
657,0,24.879
658,1,92.222
659,0,78.394
660,0,50.099
661,1,-22.644
662,0,-88.247
663,0,-44.328
664,1,14.56
665,0,-100.071
666,1,6.576
667,0,-90.035
668,0,-16.367
669,1,-18.331
670,1,0.863
671,0,-11.252
672,0,-39.863
673,1,39.294
674,0,-90.352
675,1,13.256
676,1,-90.725
677,0,73.418
678,1,-32.489
679,0,-21.847
680,0,-16.389
681,0,11.076
682,0,32.531
683,1,-25.895
684,0,12.582
685,1,11.174
686,0,74.173
687,1,-31.895
688,1,8.909
689,0,-28.927
690,0,-10.373
691,0,-1.63
692,1,-42.887
693,0,-89.029
694,0,77.424
695,0,-0.755999999999999
696,1,19.441
697,0,9.562
698,1,-50.157
699,1,70.238
700,0,-50.49
701,1,-91.232
702,0,-13.926
703,1,-9.018
704,1,-35.945
705,0,-79.288
706,1,-19.412
707,1,25.336
708,0,-29.813
709,1,44.979
710,1,-21.509
711,1,29.724
712,1,-14.812
713,0,-89.029
714,0,-3.549
715,1,29.491
716,1,32.938
717,1,-19.245
718,0,6.229
719,0,-96.242
720,0,-12.304
721,0,-38.939
722,0,9.624
723,1,32.222
724,0,-32.256
725,0,-7.562
726,1,28.534
727,0,-7.562
728,1,-40.193
729,0,-35.135
730,1,39.842
731,1,19.97
732,1,-28.107
733,0,-0.323
734,0,-37.334
735,0,-83.2
736,0,79.509
737,0,94.081
738,0,-21.936
739,0,-38.979
740,1,-90.711
741,1,-100.775
742,1,-10.42
743,1,-87.488
744,1,-9.857
745,1,32.76
746,0,-17.626
747,1,-4.275
748,1,32.06
749,1,8.198
750,1,-22.924
751,1,69.731
752,0,49.817
753,0,23.895
754,0,-21.703
755,1,-26.81
756,0,-1.733
757,1,21.279
758,0,-70.327
759,0,19.433
760,0,-13.414
761,0,-11.639
762,1,61.729
763,0,-34.876
764,1,-26.86
765,0,-20.084
766,1,-26.327
767,0,16.654
768,0,-90.021
769,1,34.142
770,0,27.054
771,1,1.775
772,0,-31.909
773,1,45.671
774,1,80.455
775,1,42.864
776,1,2.134
777,1,-47.045
778,0,74.173
779,0,-49.739
780,1,44.206
781,0,-0.515000000000001
782,1,-73.203
783,0,29.594
784,1,-8.109
785,0,26.125
786,0,-58.688
787,1,61.531
788,1,-22.924
789,1,6.535
790,1,-16.091
791,0,-94.749
792,1,37.988
793,0,-15.02
794,1,71.492
795,1,64.093
796,0,84.237
797,1,-39.59
798,1,34.727
799,0,-68.752
800,0,-37.142
801,0,-28.875
802,0,50.124
803,0,-88.247
804,1,42.048
805,0,-43.2
806,0,94.143
807,1,88.817
808,1,18.502
809,1,54.777
810,1,-85.389
811,0,-32.256
812,1,-33.321
813,1,-33.321
814,0,-54.467
815,1,70.453
816,0,6.228
817,0,-74.945
818,0,45.878
819,1,19.674
820,0,78.596
821,1,-33.514
822,0,-81.961
823,0,-73.099
824,0,-50.124
825,0,-21.703
826,1,98.331
827,0,32.387
828,0,-5.734
829,0,-8.894
830,0,-100.592
831,1,-21.613
832,1,-12.388
833,1,39.63
834,0,-4.155
835,1,-21.112
836,1,26.96
837,1,18.47
838,0,-28.049
839,1,-18.631
840,1,54.345
841,1,-40.126
842,1,-9.298
843,0,-81.892
844,1,-46.243
845,1,-43.2
846,1,15.317
847,1,-20.46
848,1,23.895
849,1,64.421
850,1,6.588
851,1,39.294
852,1,-54.076
853,1,39.63
854,1,80.517
855,1,24.313
856,1,65.439
857,0,-73.727
858,0,-58.599
859,0,-16.389
860,0,94.081
861,0,-72.943
862,1,29.518
863,0,-99.916
864,1,33.945
865,1,40.565
866,0,4.896
867,1,24.852
868,0,-9.916
869,1,-11.769
870,0,88.396
871,1,-35.221
872,1,101.546
873,0,9.882
874,1,14.932
875,1,-13.017
876,1,-35.118
877,0,-36.583
878,0,-48.782
879,0,-31.753
880,0,-65.679
881,0,-80.787
882,1,93.263
883,1,49.694
884,1,-8.874
885,1,5.084
886,1,67.568
887,0,2.488
888,0,17.753
889,0,-24.375
890,1,79.724
891,0,-46.502
892,1,-34.782
893,1,75.503
894,1,33.009
895,0,9.294
896,1,-86.49
897,1,78.767
898,1,-31.724
899,0,22.392
900,1,39.241
901,0,-24.812
902,0,27.803
903,1,-22.699
904,0,80.709
905,0,-88.611
906,1,26.69
907,1,29.724
908,1,-5.403
909,0,-39.718
910,0,-69.17
911,1,54.545
912,0,-94.749
913,0,-107.835
914,1,-2.931
915,1,-15.453
916,1,-15.735
917,0,62.632
918,1,28.534
919,1,34.219
920,0,-25.085
921,1,5.631
922,0,-21.703
923,0,-97.852
924,1,60.899
925,1,74.388
926,0,-99.388
927,0,-80.478
928,0,78.394
929,1,-18.955
930,1,14.788
931,0,-78.347
932,1,-36.452
933,1,57.504
934,0,-19.832
935,0,3.547
936,0,1.688
937,0,-25.517
938,1,-49.064
939,0,74.173
940,1,14.249
941,0,-30.914
942,1,23.881
943,1,-23.633
944,1,11.229
945,0,-24.402
946,1,-25.212
947,1,39.63
948,0,-11.797
949,0,-7.186
950,0,-42.822
951,1,-95.439
952,0,0.737999999999999
953,0,-93.644
954,1,-32.495
955,1,22.739
956,1,66.457
957,0,84.237
958,0,-0.515000000000001
959,1,-16.901
960,0,-11.797
961,0,11.076
962,1,-47.833
963,1,-34.278
964,1,-30.111
965,1,-23.633
966,0,-58.661
967,1,41.219
968,0,-14.325
969,0,41.239
970,1,36.061
971,1,40.124
972,1,-38.979
973,1,35.917
974,0,-44.054
975,0,-1.864
976,0,-21.689
977,1,49.069
978,1,25.782
979,0,-100.578
980,0,-94.518
981,1,22.723
982,1,40.124
983,1,47.01
984,0,87.268
985,0,-79.971
986,1,66.629
987,1,42.874
988,0,-24.375
989,1,31.333
990,0,84.237
991,0,84.237
992,1,-32.703
993,1,46.426
994,1,38.93
995,0,-10.139
996,1,29.724
997,0,-94.44
998,1,65.367
999,1,-41.7
1000,0,-109.452
