Subj,Class,risk_1d
1,1,-456.971
2,1,-453.747
3,1,-453.16
4,0,456.971
5,1,-452.573
6,1,-453.747
7,1,-445.538
8,0,460.782
9,0,464.593
10,1,456.971
11,1,-449.936
12,1,456.971
13,1,-456.971
14,0,465.18
15,0,456.971
16,1,-456.971
17,1,-453.16
18,0,460.782
19,0,461.369
20,0,460.195
21,1,-456.971
22,0,460.195
23,1,-449.349
24,1,-453.16
25,0,460.195
26,1,-448.762
27,0,460.195
28,1,-453.16
29,1,-453.747
30,0,456.971
31,1,-456.971
32,1,-456.971
33,1,-456.971
34,1,-456.971
35,1,-456.971
36,1,-453.16
37,0,464.593
38,1,-449.349
39,0,468.404
40,1,-456.971
41,1,456.971
42,0,460.782
43,1,-453.747
44,0,456.971
45,1,-449.936
46,1,-456.971
47,1,-449.349
48,1,-456.971
49,1,-453.747
50,0,460.782
51,0,456.971
52,0,456.971
53,1,-448.762
54,1,-453.747
55,0,456.971
56,1,-449.936
57,1,-453.16
58,1,-453.747
59,1,-453.16
60,1,-456.971
61,0,460.782
62,0,460.782
63,0,456.971
64,0,456.971
65,1,-456.971
66,1,-449.349
67,0,460.195
68,0,460.782
69,1,-445.538
70,1,-453.16
71,0,456.971
72,1,-456.971
73,1,-453.747
74,1,-453.747
75,1,-449.349
76,1,-456.971
77,1,-452.573
78,0,460.195
79,0,456.971
80,0,464.006
81,1,-453.16
82,1,-449.349
83,0,456.971
84,0,461.369
85,1,-456.971
86,1,-456.971
87,0,464.006
88,1,-456.971
89,0,464.593
90,1,-452.573
91,1,-456.971
92,0,456.971
93,0,460.195
94,0,460.782
95,1,-449.936
96,0,461.369
97,0,464.593
98,0,456.971
99,1,-452.573
100,1,-456.971
101,0,460.195
102,0,460.195
103,0,456.971
104,0,460.782
105,0,460.782
106,1,-456.971
107,1,-445.538
108,1,-453.16
109,0,460.782
110,0,456.971
111,0,461.369
112,0,456.971
113,1,-452.573
114,0,456.971
115,1,-456.971
116,1,-453.16
117,1,-456.971
118,1,-456.971
119,0,456.971
120,0,456.971
121,0,461.369
122,1,-453.16
123,1,-449.349
124,0,461.369
125,0,468.404
126,0,460.195
127,1,-452.573
128,0,460.782
129,0,460.782
130,0,-452.573
131,1,-453.747
132,1,-453.747
133,1,-456.971
134,0,460.195
135,1,-452.573
136,1,-448.762
137,0,456.971
138,1,-452.573
139,1,-453.16
140,0,456.971
141,1,-453.16
142,1,-456.971
143,1,-453.747
144,1,-452.573
145,1,-456.971
146,0,456.971
147,0,465.18
148,0,456.971
149,0,456.971
150,0,456.971
151,0,460.195
152,1,-456.971
153,0,460.782
154,0,456.971
155,0,-448.762
156,1,-456.971
157,1,-456.971
158,0,456.971
159,1,-453.747
160,0,460.195
161,0,460.782
162,1,-452.573
163,0,460.195
164,0,460.782
165,1,-456.971
166,1,-453.16
167,1,-456.971
168,1,-449.349
169,0,464.006
170,0,461.369
171,1,-453.747
172,0,456.971
173,0,461.369
174,0,456.971
175,0,456.971
176,1,-456.971
177,0,460.782
178,1,-453.16
179,0,464.593
180,1,-456.971
181,1,-453.16
182,1,-456.971
183,1,-456.971
184,0,460.782
185,0,465.18
186,0,456.971
187,0,464.593
188,1,-449.936
189,1,-453.16
190,0,456.971
191,1,-456.971
192,1,-448.762
193,0,456.971
194,0,456.971
195,0,456.971
196,0,460.195
197,1,-448.762
198,0,460.782
199,1,-448.762
200,0,456.971
201,0,456.971
202,1,-456.971
203,1,-449.349
204,1,-456.971
205,0,464.006
206,1,-456.971
207,1,-452.573
208,0,456.971
209,0,460.195
210,1,-453.16
211,1,-448.762
212,0,460.195
213,0,461.369
214,0,465.18
215,1,-456.971
216,1,-456.971
217,1,456.971
218,1,-449.936
219,0,456.971
220,1,-453.747
221,0,460.782
222,0,465.18
223,1,-456.971
224,0,456.971
225,1,-449.936
226,1,-453.747
227,1,-449.349
228,0,456.971
229,1,-456.971
230,0,460.195
231,0,456.971
232,1,-456.971
233,1,-456.971
234,0,460.782
235,0,460.782
236,0,465.18
237,0,456.971
238,0,456.971
239,0,460.782
240,0,461.369
241,0,460.782
242,0,456.971
243,1,-449.936
244,1,-456.971
245,0,460.782
246,1,-453.747
247,0,456.971
248,0,461.369
249,0,456.971
250,0,464.006
251,0,461.369
252,0,460.195
253,1,-456.971
254,1,-456.971
255,1,-456.971
256,1,-452.573
257,0,456.971
258,0,464.006
259,0,456.971
260,1,-456.971
261,0,461.369
262,0,460.782
263,1,-456.971
264,0,456.971
265,0,460.782
266,1,-456.971
267,0,456.971
268,1,-452.573
269,1,-453.747
270,0,456.971
271,1,-456.971
272,1,-456.971
273,0,456.971
274,0,456.971
275,0,456.971
276,0,-449.349
277,0,460.782
278,1,-453.16
279,0,456.971
280,1,-453.16
281,1,-452.573
282,1,-445.538
283,0,464.006
284,1,-456.971
285,1,-452.573
286,0,456.971
287,0,465.18
288,0,460.782
289,0,464.593
290,1,-452.573
291,0,460.195
292,0,456.971
293,1,-449.936
294,0,461.369
295,1,-456.971
296,0,456.971
297,0,456.971
298,1,-452.573
299,0,456.971
300,1,-453.16
301,1,-445.538
302,0,461.369
303,0,456.971
304,0,464.006
305,0,460.195
306,1,-456.971
307,0,460.782
308,0,456.971
309,0,464.593
310,0,464.006
311,0,464.593
312,0,456.971
313,0,456.971
314,0,464.006
315,0,460.782
316,1,-456.971
317,0,456.971
318,0,456.971
319,1,-453.747
320,0,460.195
321,1,-452.573
322,0,460.195
323,0,456.971
324,1,-452.573
325,0,456.971
326,1,-456.971
327,1,-453.747
328,1,-456.971
329,0,464.593
330,0,456.971
331,0,456.971
332,1,-456.971
333,1,-452.573
334,0,456.971
335,1,-456.971
336,0,456.971
337,0,460.195
338,0,456.971
339,0,460.782
340,0,468.404
341,0,456.971
342,0,461.369
343,1,-449.936
344,0,456.971
345,0,461.369
346,1,-453.747
347,1,-456.971
348,1,-445.538
349,1,-456.971
350,0,460.195
351,0,456.971
352,1,-456.971
353,1,-449.349
354,1,-449.936
355,1,-453.16
356,0,465.18
357,1,-448.762
358,0,456.971
359,1,-456.971
360,1,-452.573
361,1,-456.971
362,1,-449.349
363,1,-453.16
364,0,468.404
365,0,464.593
366,1,-453.16
367,0,465.18
368,1,-453.747
369,1,-453.747
370,0,461.369
371,1,-453.747
372,1,-456.971
373,1,-449.936
374,1,-449.936
375,1,-453.16
376,1,-456.971
377,1,-453.747
378,1,-456.971
379,0,456.971
380,1,-449.936
381,1,-453.16
382,0,456.971
383,0,460.782
384,1,-456.971
385,1,456.971
386,1,-456.971
387,0,456.971
388,1,-453.16
389,0,460.782
390,1,-456.971
391,1,-449.349
392,0,461.369
393,1,-449.936
394,1,-452.573
395,1,-452.573
396,1,-449.936
397,1,-452.573
398,0,456.971
399,0,456.971
400,0,460.782
401,0,456.971
402,0,456.971
403,0,464.593
404,1,-456.971
405,0,456.971
406,0,456.971
407,1,-456.971
408,1,-453.16
409,0,456.971
410,0,464.006
411,1,-456.971
412,1,-453.747
413,1,-456.971
414,1,-453.16
415,1,-453.16
416,1,-453.16
417,0,456.971
418,1,-456.971
419,0,456.971
420,0,464.006
421,1,-452.573
422,1,-456.971
423,1,-453.16
424,1,-453.747
425,0,456.971
426,0,464.593
427,1,-452.573
428,1,-452.573
429,1,-453.747
430,0,465.18
431,1,-456.971
432,0,460.195
433,0,460.782
434,1,-456.971
435,1,-456.971
436,0,460.195
437,0,464.593
438,0,456.971
439,0,456.971
440,1,-456.971
441,1,-453.16
442,1,-453.16
443,0,461.369
444,1,-456.971
445,1,-449.936
446,1,-456.971
447,0,460.195
448,0,-449.349
449,1,-448.762
450,1,-449.936
451,1,-456.971
452,0,456.971
453,1,-452.573
454,1,-452.573
455,0,460.195
456,0,456.971
457,0,456.971
458,0,460.195
459,1,-453.747
460,1,-456.971
461,0,464.006
462,1,-452.573
463,1,-456.971
464,1,-448.762
465,0,460.782
466,0,456.971
467,0,456.971
468,0,460.782
469,0,461.369
470,1,-449.349
471,0,460.782
472,1,-453.747
473,0,460.195
474,1,-456.971
475,0,456.971
476,1,-456.971
477,1,-453.747
478,1,-453.16
479,1,-456.971
480,1,-456.971
481,1,-452.573
482,0,460.195
483,0,456.971
484,0,456.971
485,0,456.971
486,0,460.782
487,1,-453.16
488,1,-456.971
489,0,461.369
490,0,460.782
491,0,460.195
492,1,-448.762
493,1,-456.971
494,1,-456.971
495,1,-453.16
496,1,-453.747
497,0,456.971
498,0,461.369
499,0,460.195
500,1,-456.971
