Subj,Class,risk_2d
1,0,-72.617
2,0,-172.427
3,1,304.525
4,0,-19.326
5,1,318.622
6,1,309.343
7,1,204.721
8,0,-274.903
9,1,218.701
10,0,59.076
11,0,3.952
12,0,8.56
13,1,-22.8
14,1,16.812
15,1,283.958
16,0,-167.269
17,0,-321.071
18,1,312.751
19,0,-51.409
20,1,63.236
21,1,71.125
22,1,199.265
23,0,-296.092
24,0,-186.903
25,0,-306.411
26,1,-0.76
27,1,63.129
28,0,-311.99
29,0,-50.837
30,1,-57.706
31,1,68.927
32,1,208.571
33,0,-71.399
34,0,-69.194
35,1,72.824
36,1,316.652
37,0,-59.5
38,0,-58.456
39,1,309.885
40,0,-56.473
41,1,308.435
42,0,-57.6
43,1,186.702
44,0,-57.6
45,0,-306.411
46,0,-285.673
47,0,-301.548
48,0,-243.697
49,0,-5.47
50,1,-24.093
51,0,-6.378
52,1,72.952
53,1,235.24
54,0,-65.996
55,0,-243.837
56,0,-175.932
57,1,177.128
58,0,-244.031
59,1,261.539
60,1,63.236
61,0,-176.516
62,1,177.128
63,1,238.473
64,1,63.236
65,0,-0.107
66,1,59.762
67,0,-266.347
68,0,10.715
69,0,59.076
70,1,248.038
71,0,66.659
72,0,-63.236
73,0,-62.38
74,0,-10.752
75,0,-8.163
76,0,-66.71
77,1,183.306
78,0,-171.423
79,0,-176.516
80,1,184.446
81,0,-239.168
82,1,310.147
83,0,-54.839
84,0,-264.403
85,1,313.012
86,1,0.164
87,0,-69.143
88,0,-174.303
89,1,174.479
90,0,-47.998
91,1,76.831
92,1,53.377
93,0,-66.71
94,0,-278.742
95,0,72.161
96,1,244.926
97,0,-61.225
98,0,61.295
99,0,-308.667
100,0,-239.168
101,1,253.469
102,1,239.291
103,0,-264.295
104,0,-242.52
105,1,305.882
106,1,7.034
107,1,67.573
108,0,-245.986
109,1,244.611
110,0,-64.363
111,0,-71.047
112,0,-248.649
113,0,-67.188
114,1,321.961
115,1,179.939
116,0,-47.328
117,0,-62.38
118,0,-309.654
119,0,-167.54
120,1,167.551
121,1,-59.198
122,0,67.743
123,1,228.494
124,1,-41.03
125,1,309.834
126,0,-235.309
127,1,69.999
128,0,-180.676
129,0,-10.237
130,0,-260.815
131,1,300.15
132,1,-3.018
133,0,-243.935
134,1,183.362
135,1,64.092
136,0,-299.902
137,1,8.145
138,1,185.795
139,1,319.789
140,1,190.176
141,1,304.511
142,0,-295.815
143,0,-298.981
144,1,71.384
145,1,52.313
146,0,-68.924
147,0,-58.687
148,0,-179.22
149,0,5.907
150,1,-10.237
151,1,66.061
152,1,291.837
153,0,-182.966
154,1,71.139
155,1,239.659
156,1,296.045
157,1,314.37
158,1,6.453
159,1,-49.817
160,1,65.669
161,1,178.035
162,0,-66.047
163,1,186.595
164,0,-232.622
165,1,70.477
166,1,248.038
167,1,82.467
168,0,-186.592
169,1,180.929
170,1,63.236
171,0,-304.848
172,1,57.329
173,0,-175.609
174,1,1.931
175,1,62.494
176,1,-47.249
177,0,-287.085
178,1,185.846
179,0,2.603
180,0,-292.816
181,0,-235.642
182,1,72.824
183,1,9.794
184,1,195.177
185,0,-59.284
186,0,-77.81
187,0,-185.726
188,0,-45.824
189,1,6.763
190,1,65.669
191,0,-159.339
192,1,256.075
193,1,3.289
194,1,0.841
195,1,189.258
196,1,67.836
197,1,-12.209
198,1,51.095
199,0,-59.177
200,1,-58.15
201,0,0.856
202,0,-242.955
203,0,-9.217
204,0,-189.015
205,0,-171.913
206,0,-295.922
207,0,-9.488
208,1,179.939
209,0,-62.38
210,0,-292.992
211,1,191.058
212,1,304.144
213,1,322.817
214,1,166.626
215,0,-52.521
216,0,-63.507
217,0,45.865
218,0,-75.855
219,1,190.874
220,0,-243.161
221,0,-179.939
222,1,70.545
223,0,-307.267
224,1,308.261
225,1,64.092
226,0,-62.38
227,1,5.245
228,0,-2.918
229,1,63.287
230,1,325.439
231,0,-66.71
232,1,-52.577
233,0,-63.833
234,1,-2.618
235,1,189.049
236,1,-8.503
237,0,-317.82
238,0,3.638
239,0,-64.363
240,1,179.352
241,1,-19.326
242,0,-67.566
243,1,63.236
244,0,-71.388
245,1,76.831
246,0,1.293
247,1,174.152
248,1,295.803
249,1,194.648
250,0,-314.017
251,1,172.146
252,0,-175.932
253,0,-297.574
254,0,-255.794
255,1,181.199
256,1,68.834
257,1,305.555
258,1,159.863
259,0,-236.05
260,0,-63.287
261,1,291.855
262,1,66.047
263,0,-57.545
264,0,-313.228
265,0,-290.995
266,0,-73.026
267,1,242.513
268,0,-312.318
269,1,186.227
270,1,-72.724
271,0,-45.782
272,1,321.133
273,1,313.012
274,1,306.411
275,1,69.47
276,0,-295.141
277,0,-4.398
278,0,6.763
279,0,-51.689
280,0,-63.506
281,0,-315.548
282,0,60.583
283,0,-62.38
284,0,-56.744
285,0,59.762
286,1,0
287,0,43.91
288,0,-289.173
289,0,-56.473
290,1,-8.503
291,1,232.87
292,0,-308.418
293,1,179.939
294,1,-75.037
295,0,-18.048
296,0,-53.593
297,1,234.401
298,1,223.641
299,1,65.26
300,1,65.889
301,1,164.62
302,0,-290.995
303,0,-64.636
304,0,-308.793
305,0,-68.154
306,0,-13.172
307,1,66.116
308,0,-255.603
309,0,66.62
310,0,-53.593
311,1,6.763
312,0,-194.43
313,1,314.222
314,1,-54.868
315,1,314.861
316,1,-8.503
317,1,66.075
318,0,-64.092
319,0,-244.422
320,0,-67.281
321,1,309.291
322,1,165.226
323,1,58.305
324,0,-59.813
325,0,10.715
326,1,65.26
327,0,-5.907
328,1,-66.37
329,1,37.947
330,1,306.411
331,1,306.304
332,0,-11.041
333,0,-168.669
334,0,-64.636
335,1,233.176
336,0,12.305
337,1,239.659
338,0,-258.958
339,0,70.718
340,0,7.486
341,1,57.329
342,0,-179.658
343,0,-169.386
344,1,245.295
345,1,277.332
346,0,-0.522
347,0,-192.368
348,1,73.9
349,1,318.445
350,1,60.618
351,0,-295.641
352,1,-12.781
353,1,201.928
354,1,315.024
355,1,183.369
356,0,-252.336
357,0,-308.678
358,0,-56.744
359,1,229.254
360,1,-42.277
361,0,-299.46
362,1,314.154
363,1,186.227
364,0,-316.844
365,1,1.127
366,1,244.031
367,1,54.569
368,0,-293.929
369,1,189.725
370,0,1.509
371,1,193.331
372,1,247.408
373,0,65.398
374,1,66.525
375,1,71.903
376,1,60.209
377,0,-59.813
378,0,49.44
379,1,-3.271
380,0,-186.973
381,1,64.105
382,0,-316.242
383,0,-307.7
384,0,83.173
385,0,-248.191
386,0,2.811
387,0,-66.71
388,1,304.511
389,1,173.935
390,1,307.267
391,0,-64.092
392,1,315.198
393,0,-63.236
394,0,-298.125
395,0,51.599
396,0,-67.566
397,0,260.6
398,0,173.283
399,1,197.228
400,0,-56.744
401,0,-257.244
402,1,298.631
403,1,70.31
404,1,177.506
405,1,311.274
406,1,179.083
407,1,167.5
408,0,-175.076
409,1,-32.363
410,1,306.628
411,0,-60.476
412,1,243.068
413,1,53.748
414,0,-64.092
415,0,7.796
416,1,174.479
417,1,63.129
418,1,229.811
419,1,-5.309
420,0,46.072
421,0,12.36
422,1,63.236
423,1,183.891
424,0,-180.795
425,0,-183.891
426,0,-305.555
427,0,-9.381
428,0,-47.998
429,1,309.885
430,1,297.744
431,1,180.795
432,1,182.916
433,0,7.241
434,1,0.164
435,0,8.681
436,1,-6.547
437,0,-258.757
438,0,-185.9
439,1,262.501
440,1,51.095
441,1,77.402
442,0,-257.363
443,1,-63.343
444,1,303.871
445,1,77.266
446,1,288.942
447,0,-64.092
448,1,69.999
449,1,303.655
450,0,-310.294
451,1,57.329
452,0,-271.44
453,1,74.783
454,0,52.728
455,1,68.872
456,0,-180.676
457,0,-55.425
458,0,-192.925
459,0,-297.978
460,1,64.921
461,1,8.831
462,0,1.627
463,1,-17.371
464,0,-66.047
465,0,-296.768
466,1,323.851
467,1,197.122
468,0,59.405
469,0,-245.075
470,0,-64.092
471,1,304.511
472,0,-189.988
473,0,-239.83
474,0,-58.043
475,0,-300.637
476,0,-73.303
477,0,72.13
478,0,-0.314
479,1,63.236
480,0,-65.854
481,0,-72.617
482,0,-50.837
483,0,-258.357
484,0,-304.995
485,0,-58.957
486,1,66.418
487,0,-294.868
488,1,180.795
489,1,176.912
490,1,0.164
491,1,-18.306
492,1,72.879
493,0,-63.236
494,0,-61.347
495,0,-174.303
496,1,306.411
497,1,-14.188
498,0,-48.178
499,1,67.951
500,0,-306.411
