Subj,Class,risk_2d
1,0,83.922
2,1,-88.214
3,1,1.118
4,1,117.959
5,1,121.496
6,1,-4.368
7,1,5.063
8,1,31.975
9,1,-8.21
10,1,124.928
11,0,-128.743
12,1,105.163
13,1,1.474
14,1,-81.827
15,1,21.121
16,1,-11.755
17,1,99.656
18,1,-21.818
19,1,125.508
20,1,-6.747
21,1,-16.104
22,1,15.168
23,1,110.834
24,1,-16.094
25,1,99.552
26,1,-85.259
27,1,124.928
28,0,-105.361
29,0,-98.952
30,1,-12.222
31,0,-132.755
32,1,114.527
33,1,124.928
34,0,-93.531
35,1,-84.782
36,1,109.447
37,1,-92.552
38,1,7.462
39,0,-121.424
40,1,122.633
41,1,0
42,1,13.197
43,1,124.928
44,1,83.922
45,1,96.224
46,1,109.421
47,1,109.434
48,0,-96.963
49,1,129.277
50,1,102.174
51,1,99.656
52,1,111.343
53,1,93.67
54,1,18.618
55,1,107.304
56,1,96.701
57,1,85.059
58,1,-110.318
59,0,-105.941
60,0,-115.202
61,1,1.118
62,1,-103.948
63,1,-113.096
64,1,-106.886
65,1,110.834
66,1,101.394
67,1,-31.659
68,1,111.048
69,1,96.625
70,1,-74.287
71,1,81.609
72,1,-108.894
73,1,16.629
74,1,99.58
75,1,102.468
76,0,-128.743
77,0,-86.784
78,1,-71.196
79,1,124.928
80,1,-87.983
81,1,115.424
82,1,97.36
83,1,79.06
84,1,110.343
85,1,1.631
86,1,-8.21
87,1,28.227
88,1,-9.347
89,1,-31.659
90,1,88.932
91,1,-91.668
92,0,-129.22
93,1,79.91
94,0,-121.424
95,0,-110.834
96,1,104.817
97,1,-66.042
98,1,6.788
99,0,-122.833
100,1,-92.552
101,1,-69.811
102,1,-14.619
103,1,-81.827
104,1,-4.778
105,1,-88.214
106,1,-88.214
107,1,-91.169
108,1,88.901
109,0,-103.731
110,1,121.496
111,1,12.779
112,1,-87.737
113,1,-72.186
114,1,-81.328
115,1,80.473
116,1,119.927
117,1,18.386
118,1,90.331
119,1,96.656
120,1,-68.909
121,1,-84.605
122,1,-69.811
123,1,-94.623
124,1,101.697
125,1,-3.599
126,0,-138.159
127,1,85.059
128,1,9.854
129,1,-92.552
130,1,111.343
131,0,-132.755
132,1,91.152
133,0,-109.373
134,1,102.467
135,1,-24.553
136,1,-2.894
137,0,-100.993
138,1,8.157
139,0,-136.187
140,1,76.105
141,1,-114.81
142,1,-109.423
143,1,-83.628
144,1,12.935
145,1,-62.516
146,1,91.856
147,1,-107.879
148,1,81.481
149,1,-76.309
150,1,16.548
151,1,28.227
152,1,3.387
153,1,-92.374
154,0,-121.424
155,1,1.118
156,1,105.066
157,1,105.129
158,1,1.118
159,1,117.171
160,1,95.288
161,0,-96.625
162,1,-75.418
163,0,-124.995
164,0,-95.52
165,0,-96.625
166,1,110.834
167,1,114.19
168,0,-122.833
169,1,84.164
170,0,-105.361
171,1,103.11
172,1,-9.841
173,1,96.878
174,1,3.356
175,1,-2.938
176,1,112.857
177,1,16.104
178,0,-95.52
179,1,84.502
180,1,100.993
181,1,117.31
182,1,8.08
183,1,130.106
184,1,91.856
185,0,-100.993
186,0,-131.044
187,0,-118.469
188,0,-95.52
189,1,15.168
190,1,81.144
191,1,-100.976
192,1,132.474
193,1,-110.945
194,1,-0.842999999999999
195,1,38.068
196,1,-3.053
197,1,-106.93
198,1,95.144
199,0,-92.088
200,1,83.922
201,1,118.081
202,1,107.036
203,1,102.967
204,1,110.834
205,1,99.656
206,0,-103.771
207,0,-97.561
208,1,99.396
209,1,-64.529
210,0,-95.507
211,1,105.874
212,1,-7.724
213,1,-19.894
214,1,3.356
215,1,-115.839
216,1,95.787
217,0,-105.361
218,0,-97.561
219,1,103.511
220,0,-136.187
221,1,-113.772
222,0,-126.265
223,1,70.986
224,1,-92.552
225,1,107.304
226,1,103.587
227,1,121.833
228,1,-69.811
229,1,16.629
230,0,-136.106
231,1,106.065
232,1,28.227
233,1,91.856
234,1,-106.93
235,1,-12.092
236,1,-92.551
237,1,113.713
238,1,3.356
239,1,101.831
240,1,4.425
241,1,83.922
242,1,85.994
243,1,28.459
244,1,-12.092
245,1,111.343
246,1,93.95
247,1,80.49
248,1,95.144
249,1,-38.406
250,1,-3.053
251,1,21.933
252,1,105.066
253,1,-61.355
254,0,-115.202
255,0,-121.776
256,1,121.158
257,0,-118.634
258,1,-113.772
259,0,-94.233
260,0,-93.549
261,1,-12.125
262,1,0
263,1,120.916
264,1,104.087
265,1,84.691
266,1,-81.827
267,1,-100.993
268,1,-12.779
269,1,-100.993
270,1,70.649
271,1,105.129
272,1,-1.315
273,1,101.151
274,0,-98.952
275,1,8.777
276,1,99.656
277,1,-95.155
278,1,112.792
279,0,-101.929
280,1,116.333
281,0,-105.361
282,1,-102.375
283,1,9.841
284,1,91.856
285,1,119.927
286,1,-38.068
287,1,121.496
288,1,-82.701
289,1,123.696
290,1,-80.418
291,1,100.993
292,0,-124.077
293,1,93.67
294,1,116.972
295,1,9.841
296,0,-87.122
297,1,-81.827
298,0,-93.194
299,1,12.441
300,1,12.092
301,1,3.356
302,1,104.349
303,1,121.496
304,0,-128.089
305,1,107.304
306,1,-68.754
307,1,-83.972
308,1,-5.841
309,1,-65.924
310,1,123.696
311,1,106.123
312,1,91.856
313,1,-4.368
314,1,106.631
315,1,6.404
316,1,94.895
317,1,106.479
318,0,-105.361
319,1,-68.674
320,1,115.635
321,1,106.479
322,1,9.841
323,1,13.197
324,1,115.635
325,1,-93.813
326,1,112.13
327,1,-28.227
328,1,-106.47
329,1,38.068
330,1,-91.169
331,1,125.265
332,1,105.129
333,0,-105.361
334,1,7.144
335,1,121.184
336,1,-90.875
337,1,8.86
338,1,-28.227
339,1,6.788
340,1,1.474
341,1,100.993
342,1,124.928
343,1,-6.485
344,1,101.309
345,1,-84.782
346,1,106.631
347,1,-12.125
348,1,5.13
349,1,-74.584
350,0,-128.743
351,1,38.068
352,1,-70.577
353,1,95.288
354,1,-87.983
355,1,108.056
356,1,-71.196
357,1,-75.418
358,1,8.998
359,1,-91.495
360,1,110.086
361,1,-75.418
362,1,-64.667
363,1,9.841
364,0,-115.202
365,1,90.668
366,1,110.491
367,1,-8.21
368,1,121.184
369,1,96.224
370,1,92.333
371,1,-100.993
372,1,-88.197
373,1,104.526
374,1,35.29
375,1,5.486
376,1,19.188
377,1,130.999
378,1,-81.827
379,1,131.337
380,1,118.064
381,1,121.496
382,1,101.697
383,1,-3.955
384,1,125.508
385,0,-100.993
386,1,98.139
387,1,-113.772
388,1,-12.779
389,0,-116.424
390,0,-86.087
391,1,-72.077
392,1,-9.766
393,0,-101.929
394,1,3.356
395,1,-21.818
396,1,31.659
397,1,84.502
398,1,121.184
399,1,92.913
400,1,125.127
401,1,106.466
402,1,118.027
403,1,-0.493999999999999
404,1,101.394
405,1,20.997
406,1,-4.368
407,1,112.4
408,1,105.433
409,1,125.265
410,1,109.434
411,1,-8.767
412,0,-93.549
413,1,101.831
414,0,-115.202
415,1,100.917
416,0,-95.52
417,1,11.156
418,1,96.857
419,1,115.99
420,1,-8.767
421,1,97.36
422,1,1.631
423,0,-108.139
424,1,-61.355
425,1,-71.952
426,1,-3.094
427,1,28.227
428,1,108.717
429,1,-24.596
430,1,-77.568
431,1,-81.328
432,1,110.758
433,1,101.421
434,1,81.144
435,1,135.906
436,0,-121.424
437,1,18.386
438,1,118.402
439,1,111.343
440,1,-103.948
441,1,85.946
442,1,99.656
443,0,-105.673
444,1,105.084
445,1,22.62
446,0,-96.625
447,1,76.478
448,1,-6.485
449,1,111.343
450,1,0.413
451,1,113.713
452,1,-71.986
453,1,-0.842999999999999
454,1,124.928
455,1,-14.617
456,1,94.508
457,1,-9.347
458,1,111.018
459,1,103.11
460,1,31.659
461,1,0
462,0,-96.625
463,1,-116.727
464,1,111.343
465,1,100.993
466,1,-80.77
467,1,115.274
468,1,121.496
469,1,-84.349
470,1,91.152
471,1,25.449
472,1,-73.451
473,1,-84.202
474,1,99.58
475,1,111.343
476,1,98.332
477,1,111.343
478,1,-85.259
479,1,97.8
480,0,-99.719
481,0,-132.674
482,1,5.486
483,1,83.905
484,1,108.388
485,1,110.834
486,1,15.168
487,1,120.914
488,1,-84.782
489,0,-122.833
490,1,-71.986
491,1,6.788
492,1,118.402
493,1,0
494,1,-114.249
495,0,-97.917
496,1,95.288
497,0,-101.592
498,0,-109.56
499,1,104.514
500,1,-79.977
501,1,134.769
502,1,89.071
503,1,6.788
504,1,96.345
505,1,98.95
506,1,93.763
507,0,-133.38
508,1,-107.879
509,1,91.856
510,1,-19.188
511,1,-100.162
512,0,-99.719
513,1,-81.827
514,1,1.474
515,1,105.066
516,0,-105.941
517,1,-4.778
518,1,118.064
519,1,107.304
520,1,89.378
521,1,112.4
522,1,5.486
523,1,-81.151
524,1,-85.259
525,1,96.701
526,1,-7.275
527,1,98.547
528,1,84.502
529,1,128.94
530,1,-69.474
531,0,-111.571
532,1,-34.437
533,1,89.739
534,1,-100.993
535,1,-91.152
536,1,-90.875
537,0,-121.247
538,0,-99.719
539,1,91.856
540,1,14.067
541,1,-12.779
542,1,101.094
543,0,-3.694
544,0,-41.5
545,0,-115.202
546,0,-95.154
547,0,-136.106
548,0,-131.943
549,0,13.116
550,0,103.948
551,0,-84.202
552,0,109.421
553,0,94.031
554,0,23.89
555,0,-93.531
556,0,67.217
557,0,89.739
558,0,113.585
559,0,-80.258
560,0,-98.952
561,0,-69.811
562,0,5.473
563,0,-3.053
564,0,25.133
565,0,-83.989
566,0,-91.152
567,0,89.734
568,0,-81.827
569,0,-21.818
570,0,-22.62
571,0,83.922
572,0,95.288
573,0,106.123
574,0,85.946
575,0,95.787
576,0,32.239
577,0,-96.625
578,0,3.094
579,0,2.776
580,0,103.872
581,0,-115.947
582,0,-100.993
583,0,80.152
584,0,-136.187
585,0,-100.993
586,0,109.434
587,0,27.647
588,0,-11.483
589,0,70.649
590,0,107.879
591,0,-2.938
592,0,-28.227
593,0,93.67
594,0,-105.361
595,0,-8.08
596,0,-96.625
597,0,4.661
598,0,9.347
599,0,81.934
600,0,-28.227
601,0,-5.335
602,0,-90.099
603,0,9.841
604,0,103.872
605,0,114.527
606,0,101.723
607,0,91.856
608,0,10.8
609,0,95.288
610,0,-98.038
611,0,-101.349
612,0,118.181
613,0,-3.694
614,0,6.76
615,0,-95.52
616,0,107.304
617,0,-71.629
618,0,80.49
619,0,108.056
620,0,79.06
621,0,-12.779
622,0,91.856
623,0,74.28
624,0,-105.941
625,0,-95.506
626,0,-107.402
627,0,-131.881
628,0,88.901
629,0,-123.276
630,0,107.304
631,0,18.618
632,0,-92.534
633,0,-91.152
634,0,-6.485
635,0,91.856
636,0,-11.736
637,0,-109.564
638,0,91.856
639,0,85.366
640,0,115.441
641,0,92.913
642,0,-83.084
643,0,-83.628
644,0,-132.175
645,0,95.288
646,0,-24.596
647,0,107.641
648,0,-3.694
649,0,-95.52
650,0,6.788
651,0,-81.827
652,0,-98.298
653,0,-91.668
654,0,87.016
655,0,0
656,0,101.723
657,0,95.288
658,0,105.163
659,0,-88.197
660,0,-104.707
661,0,106.065
662,0,1.315
663,0,91.882
664,0,89.109
665,0,-114.249
666,0,111.703
667,0,-127.045
668,0,101.232
669,0,1.883
670,0,-99.519
671,0,-117.932
672,0,38.068
673,0,-4.368
674,0,-107.879
675,0,-131.06
676,0,105.066
677,0,93.269
678,0,-120.426
679,0,-132.755
680,0,-118.264
681,0,93.269
682,0,83.922
683,0,96.224
684,0,121.496
685,0,106.466
686,0,2.776
687,0,118.228
688,0,-99.403
689,0,-92.552
690,0,18.618
691,0,11.156
692,0,90.314
693,0,7.724
694,0,-133.38
695,0,95.243
696,0,-101.573
697,0,-7.706
698,0,-101.929
699,0,106.466
700,0,-126.265
701,0,-104.707
702,0,-15.873
703,0,106.466
704,0,-96.625
705,0,-6.45
706,0,28.227
707,0,-129.22
708,0,27.859
709,0,-74.508
710,0,-110.48
711,0,-115.293
712,0,86.383
713,0,107.131
714,0,22.63
715,0,-130.602
716,0,2.938
717,0,106.479
718,0,79.537
719,0,-98.038
720,0,93.746
721,0,-12.935
722,0,44.594
723,0,81.934
724,0,-112.325
725,0,-8.21
726,0,91.152
727,0,-2.938
728,0,103.948
729,0,100.993
730,0,-104.199
731,1,11.156
732,0,91.152
733,0,-115.202
734,0,16.629
735,0,110.491
736,0,-99.719
737,0,96.802
738,0,-110.834
739,0,109.421
740,0,-108.793
741,0,108.388
742,0,91.856
743,0,-97.58
744,0,-28.565
745,0,117.145
746,0,92.51
747,0,-15.524
748,0,-100.993
749,0,116.972
750,0,-4.368
751,0,1.118
752,0,111.343
753,0,-134.836
754,0,113.928
755,0,99.58
756,0,17.565
757,0,103.872
758,0,115.635
759,0,105.654
760,0,-110.834
761,0,23.89
762,0,77.058
763,0,-105.33
764,0,-91.169
765,0,-91.749
766,0,98.547
767,0,25.449
768,0,-93.813
769,0,-120.402
770,0,106.466
771,0,2.776
772,0,-88.197
773,0,12.779
774,0,13.197
775,0,104.146
776,0,0
777,0,23.89
778,0,-96.907
779,0,-97.561
780,0,101.502
781,0,-131.537
782,0,18.618
783,0,96.625
784,0,99.58
785,0,-105.361
786,0,-81.827
787,0,-136.187
788,0,92.333
789,0,8.777
790,0,-105.535
791,0,95.288
792,0,95.288
793,0,-91.169
794,0,-84.782
795,0,-99.94
796,0,-99.862
797,0,114.065
798,0,-84.202
799,0,-101.929
800,0,-109.698
801,0,3.356
802,1,83.199
803,1,-69.811
804,1,-71.775
805,1,13.197
806,1,111.672
807,1,-9.841
808,1,111.343
809,1,-31.659
810,1,-94.181
811,1,97.382
812,1,44.594
813,1,-8.567
814,1,96.345
815,1,28.227
816,1,108.223
817,0,-112.476
818,1,27.647
819,1,6.788
820,1,-79.652
821,0,-115.202
822,1,11.156
823,1,96.625
824,1,12.935
825,0,-87.72
826,1,98.907
827,1,-6.253
828,1,101.831
829,1,0
830,1,100.993
831,0,-95.634
832,1,11.156
833,1,96.224
834,0,-120.321
835,0,80.473
836,0,-96.625
837,0,83.921
838,0,5.486
839,0,-85.259
840,0,119.927
841,0,3.094
842,0,-103.948
843,0,89.734
844,0,-75.964
845,0,-126.265
846,0,88.901
847,0,5.473
848,0,-116.97
849,1,5.13
850,1,32.239
851,1,109.421
852,1,-120.658
853,1,-95.1
854,1,-110.817
855,1,-11.755
856,1,4.661
857,0,-95.52
858,0,-131.265
859,1,-102.474
860,1,-124.09
861,0,131.337
862,0,-103.931
863,0,-71.986
864,0,-126.265
865,0,80.722
866,0,16.629
867,0,97.8
868,0,-105.361
869,0,3.356
870,0,-126.265
871,0,-95.52
872,0,121.496
873,0,-112.992
874,0,-132.674
875,0,119.927
876,0,-3.053
877,0,77.058
878,0,28.459
879,0,-131.962
880,0,18.839
881,0,86.86
882,0,87.519
883,0,115.635
884,0,-12.092
885,0,-69.474
886,0,0
887,0,111.672
888,0,-64.667
889,0,6.043
890,0,-84.782
891,0,108.056
892,0,80.49
893,0,-112.476
894,0,67.217
895,0,-118.292
896,0,-105.361
897,0,-104.408
898,0,-3.356
899,0,101.151
900,0,110.086
901,0,-77.286
902,0,-91.152
903,0,-86.927
904,0,124.928
905,0,-105.33
906,0,-96.625
907,0,105.285
908,0,-93.969
909,0,-108.793
910,0,-115.514
911,0,4.569
912,0,104.686
913,0,104.929
914,0,-103.771
915,0,-95.155
916,0,18.618
917,0,5.486
918,0,100.809
919,0,-92.552
920,0,7.724
921,0,101.697
922,0,-84.782
923,0,110.834
924,0,-120.658
925,0,-85.259
926,0,-128.743
927,0,107.036
928,0,-90.099
929,0,80.152
930,0,81.786
931,0,79.537
932,0,95.288
933,0,-88.197
934,0,88.491
935,0,-95.507
936,0,-83.989
937,0,-88.214
938,0,100.993
939,0,-12.092
940,0,-104.425
941,0,117.159
942,0,-105.361
943,0,-80.77
944,0,-77.286
945,0,106.479
946,0,95.144
947,0,8.157
948,0,31.659
949,0,-24.215
950,0,100.993
951,0,-2.778
952,0,-15.557
953,0,85.977
954,0,84.741
955,0,-125.134
956,0,17.348
957,0,-103.887
958,0,11.431
959,0,-5.683
960,0,1.118
961,0,111.343
962,0,107.469
963,0,95.288
964,0,92.333
965,0,-124.651
966,0,106.123
967,0,-100.993
968,0,90.314
969,0,105.6
970,0,89.739
971,0,22.62
972,0,-91.152
973,0,134.769
974,0,-121.064
975,0,-106.466
976,0,108.565
977,0,115.403
978,0,100.993
979,0,3.356
980,0,-78.373
981,0,-100.993
982,0,-137.791
983,0,80.49
984,0,6.788
985,0,92.333
986,0,109.497
987,0,-105.361
988,0,-12.935
989,0,77.396
990,0,-89.882
991,0,11.736
992,0,-135.629
993,0,-108.793
994,0,104.349
995,0,-105.361
996,0,17.565
997,0,-90.038
998,0,97.386
999,1,107.304
1000,1,89.815
