Subj,Class,risk_ori
1,1,-0.575438031399412
2,0,-0.597476021375018
3,1,-0.305456026242648
4,0,-0.48703595989876
5,0,-0.451839909628453
6,0,-0.688131721489627
7,1,-0.397174020603982
8,0,-0.498992858869839
9,1,-0.554630015902087
10,1,-0.33400151073852
11,1,-0.373349783760855
12,1,-0.439903724579511
13,0,-0.3421263084224
14,1,-0.533465563809806
15,0,-0.212796792499983
16,0,-0.517283166867023
17,0,-0.273843343022509
18,0,-0.341015634406725
19,1,-0.531046013699838
20,0,-0.454578769868271
21,1,-0.332052065523575
22,0,-0.463594201322771
23,0,-0.403720031405477
24,0,-0.407108021469271
25,1,-0.374505982524611
26,1,-0.460878426304926
27,0,-0.423336976368638
28,0,-0.397818586714684
29,1,-0.615977157037596
30,0,-0.383985573023133
31,0,-0.281742651736168
32,0,-0.298358868953399
33,0,-0.409383019115393
34,0,-0.564913714183374
35,1,-0.519995593643382
36,1,-0.576277020516998
37,0,-0.633799957749272
38,0,-0.471571019769312
39,1,-0.356851066270005
40,0,-0.56757872974107
41,0,-0.388125814493739
42,1,-0.576236917939739
43,1,-0.273396751507696
44,0,-0.495077819483541
45,1,-0.468400316647043
46,1,-0.416784842293175
47,0,-0.599822415044465
48,0,-0.345525169382183
49,1,-0.509190046923081
50,0,-0.442474780757955
51,1,-0.649354177170105
52,0,-0.506479720630403
53,1,-0.311886222752952
54,1,-0.119716024582643
55,1,-0.356128780005509
56,0,-0.617534040160227
57,1,-0.408466540623873
58,1,-0.404272049212322
59,1,-0.57888913302902
60,0,-0.593900272501295
61,1,-0.479810649905458
62,1,-0.320043069001014
63,1,-0.495039596102632
64,0,-0.511473098582281
65,0,-0.246660766643559
66,1,-0.494123414061438
67,0,-0.541999321739163
68,1,-0.378963879042432
69,0,-0.51098925560586
70,1,-0.397340863643216
71,0,-0.397983873562239
72,1,-0.540753843684023
73,1,-0.45504875236692
74,1,-0.346675850453174
75,0,-0.473165536761408
76,0,-0.361981940449294
77,1,-0.334636684562781
78,1,-0.334606297276634
79,0,-0.407157569007638
80,1,-0.3571212660532
81,1,-0.353653327472089
82,0,-0.540722834523742
83,0,-0.50308085967062
84,1,-0.345760043141441
85,1,-0.428778265517171
86,0,-0.281345921199981
87,0,-0.44927458906109
88,0,-0.579480059089362
89,1,-0.428746369858915
90,1,-0.339025275976546
91,1,-0.370046213005837
92,1,-0.405713724384341
93,1,-0.325457540392216
94,1,-0.359683831026854
95,0,-0.228053676627505
96,1,-0.466624055663617
97,1,-0.433940804910281
98,0,-0.319453049100591
99,0,-0.272407910151817
100,0,-0.334201355916225
101,0,-0.613111015412815
102,0,-0.170806520174328
103,1,-0.360802629909221
104,1,-0.566127898792448
105,1,-0.188789761220581
106,1,-0.528964898137613
107,1,-0.241405836924419
108,0,-0.312926120019306
109,1,-0.436844734079337
110,1,-0.47191736557481
111,1,-0.338972817388404
112,1,-0.507120412147428
113,0,-0.385621348197365
114,1,-0.470969222812982
115,0,-0.4836425211098
116,0,-0.581013828137085
117,1,-0.332895077431448
118,0,-0.610216557759212
119,0,-0.504057414926727
120,0,-0.428720154313773
121,0,-0.616899084254282
122,0,-0.463077215466494
123,1,-0.500463067988998
124,0,-0.220950508424876
125,1,-0.566713307160025
126,1,-0.58516545747245
127,1,-0.303196152365658
128,0,-0.26058767115934
129,0,-0.361823649904051
130,1,-0.448487169433543
131,0,-0.196553663682586
132,1,-0.242010623462533
133,0,-0.452673450020873
134,1,-0.313218433802176
135,1,-0.39415779925818
136,0,-0.506597908598387
137,0,-0.34991354287763
138,0,-0.329424149268553
139,0,-0.322241701351437
140,0,-0.40390601610541
141,0,-0.522062848727836
142,0,-0.475994265035168
143,1,-0.309896265678461
144,0,-0.456372835587746
145,1,-0.665444601690045
146,0,-0.366004185315888
147,1,-0.3571212660532
148,1,-0.502034503128135
149,0,-0.555313476573485
150,1,-0.279174559505337
151,0,-0.212580621195777
152,0,-0.459358669647401
153,1,-0.516274729422291
154,1,-0.431465352376861
155,0,-0.40694409083489
156,0,-0.352138992985385
157,1,-0.576406079380971
158,1,-0.303265229986986
159,1,-0.501774581185843
160,0,-0.370637139066179
161,0,-0.479177329420205
162,1,-0.323761458008963
163,1,-0.446264112890781
164,0,-0.161163513410066
165,1,-0.424816657003249
166,0,-0.21852035055668
167,1,-0.431594411240833
168,1,-0.372868334349426
169,0,-0.342186289665045
170,1,-0.194232327353275
171,1,-0.443020457372516
172,0,-0.510833440273758
173,0,-0.252165262879848
174,1,-0.383825586647028
175,0,-0.514521580215183
176,0,-0.35514112340898
177,1,-0.422415049151951
178,0,-0.319021664712311
179,1,-0.466370474913609
180,0,-0.52737127024362
181,0,-0.431934742227732
182,0,-0.595570701527619
183,0,-0.576833292725248
184,1,-0.15996780081161
185,0,-0.581296614014018
186,1,-0.589600044654584
187,0,-0.523149969870263
188,0,-0.562217623097928
189,0,-0.676286655601447
190,1,-0.609527648362647
191,1,-0.263533106191409
192,0,-0.243480832581692
193,0,-0.461171895619096
194,0,-0.435812952115263
195,0,-0.390080899797822
196,0,-0.395705210865359
197,0,-0.506434195882322
198,1,-0.410421625927956
199,0,-0.610194486457218
200,1,-0.46244352025178
201,0,-0.410640783270305
202,1,-0.519151182354975
203,1,-0.521471922667494
204,1,-0.231324074740106
205,1,-0.262734219651082
206,1,-0.561937891865157
207,1,-0.365488678069158
208,0,-0.475641874487712
209,1,-0.434325156178371
210,1,-0.224035576947572
211,0,-0.52090664996408
212,0,-0.376447434833649
213,1,-0.502947992037871
214,0,-0.310155716962041
215,1,-0.296856015253268
216,1,-0.243752230593867
217,0,-0.512765516589286
218,1,-0.528362505164491
219,1,-0.303908519113527
220,1,-0.450425270132082
221,1,-0.524311028616627
222,1,-0.247984631946068
223,1,-0.562417250357317
224,1,-0.520988079691072
225,1,-0.469817945725198
226,0,-0.1918997941616
227,0,-0.520321241596502
228,1,-0.624121046006099
229,0,-0.366953247099178
230,0,-0.480131813374317
231,0,-0.645515964773479
232,0,-0.633670898885299
233,0,-0.401275654399807
234,0,-0.364064211616396
235,0,-0.430106615303942
236,0,-0.467892924702593
237,0,-0.390738144924077
238,0,-0.284019958219875
239,0,-0.406203085053526
240,1,-0.518829179093666
241,1,-0.297208405800724
242,1,-0.396553958384312
243,1,-0.25459243116626
244,1,-0.47191736557481
245,1,-0.357000322491507
246,0,-0.513586474431607
247,0,-0.508434805934485
248,0,-0.691683424269486
249,0,-0.464359944983242
250,1,-0.416121355809105
251,0,-0.440748231389861
252,0,-0.557735782277161
253,1,-0.661108468864423
254,0,-0.400422583924427
255,1,-0.406082799970875
256,0,-0.390133358385963
257,1,-0.27854572687336
258,1,-0.273051076881984
259,1,-0.50584326982198
260,0,-0.29752532856098
261,1,-0.374494420089888
262,1,-0.301469590833024
263,0,-0.466301492814223
264,0,-0.274521286001143
265,0,-0.0761762497305396
266,0,-0.431260647985433
267,0,-0.52520812893761
268,0,-0.397069465631041
269,0,-0.547018846268586
270,0,-0.324231440507612
271,0,-0.277360994162465
272,1,-0.41966671739668
273,1,-0.286292885305676
274,0,-0.458862026202565
275,0,-0.360347320879939
276,1,-0.459813376464493
277,0,-0.535549813064215
278,1,-0.31387843452214
279,1,-0.531240113702051
280,0,-0.169055006387911
281,0,-0.566000835325801
282,1,-0.584882453677199
283,1,-0.408379428183639
284,1,-0.386246928109799
285,1,-0.40323917801084
286,0,-0.297162067117536
287,1,-0.427525347875236
288,1,-0.191937799624192
289,0,-0.466093436812296
290,1,-0.431586295938553
291,0,-0.434881428386621
292,1,-0.540453911724709
293,0,-0.491208380008318
294,1,-0.364085004990717
295,0,-0.420618813981198
296,0,-0.364416384245536
297,1,-0.423962774199388
298,1,-0.521373939331271
299,1,-0.458087045014716
300,1,-0.606325642998786
301,1,-0.272856976879772
302,1,-0.431586295938553
303,0,-0.366456603654342
304,1,-0.334800397278846
305,1,-0.398549146265653
306,1,-0.585716211987935
307,1,-0.381426952307756
308,1,-0.22340040312331
309,1,-0.599595142399836
310,0,-0.198944182719579
311,0,-0.401175053249555
312,0,-0.378895834629606
313,1,-0.311119013952564
314,1,-0.244441436440757
315,0,-0.389761589667971
316,0,-0.383204273300539
317,0,-0.486866798457529
318,0,-0.316541971470288
319,1,-0.25926380585683
320,1,-0.505208095997718
321,0,-0.187079818359556
322,0,-0.567792207913819
323,0,-0.468368652376734
324,0,-0.296842154775496
325,1,-0.214852192068403
326,1,-0.346710504305267
327,0,-0.452837162736938
328,0,-0.403769578943844
329,0,-0.433010762391315
330,1,-0.469342218051057
331,1,-0.548058961453257
332,1,-0.620163141174599
333,1,-0.39220002082264
334,1,-0.31905080087164
335,0,-0.168296413788815
336,0,-0.395308480329172
337,0,-0.313125668746685
338,0,-0.304260313644192
339,0,-0.316942942715078
340,1,-0.608253034148179
341,1,-0.266316309717089
342,0,-0.460994226903316
343,0,-0.271980792329483
344,1,-0.389524845507888
345,1,-0.292184640562699
346,0,-0.440108790999655
347,0,-0.597441367522925
348,1,-0.545868165197595
349,1,-0.454696361819464
350,0,-0.537170476633856
351,1,-0.485640698572925
352,1,-0.474670181814342
353,0,-0.49650980522179
354,1,-0.456542293479304
355,1,-0.495160539664324
356,1,-0.717911421172382
357,1,-0.401887370872763
358,0,-0.675892832817903
359,0,-0.375258748300065
360,0,-0.538326675397611
361,1,-0.285069544919999
362,1,-0.407973226131999
363,1,-0.236109396690057
364,0,-0.442031616016637
365,1,-0.296724344905987
366,0,-0.57447720962203
367,1,-0.613382631343307
368,0,-0.302310650510931
369,0,-0.50810440699033
370,1,-0.383198153395586
371,1,-0.443055329142925
372,0,-0.299067386964934
373,0,-0.387505752274069
374,1,-0.259065221370356
375,1,-0.53107618306767
376,1,-0.252365108057553
377,0,-0.472234506253382
378,0,-0.451433489658497
379,0,-0.460306812409229
380,0,-0.274357573285078
381,1,-0.605302987583265
382,1,-0.309291697058663
383,1,-0.560018616018044
384,1,-0.271510809830833
385,0,-0.283022487193074
386,1,-0.499056418798403
387,0,-0.616899084254282
388,0,-0.267592200915718
389,1,-0.516452398138071
390,1,-0.370521940679979
391,0,-0.371748040564582
392,0,-0.392514405907503
393,1,-0.544427747347792
394,1,-0.509509574971248
395,1,-0.376936795502834
396,1,-0.285006708656485
397,0,-0.214583924379398
398,1,-0.379685345176422
399,1,-0.57121337062003
400,0,-0.569347830345219
401,0,-0.543793387458639
402,1,-0.303265229986986
403,0,-0.359904374056937
404,0,-0.375611138847521
405,0,-0.275962743254845
406,1,-0.525773401641024
407,0,-0.443144390515993
408,1,-0.414683028878572
409,1,-0.496830968690649
410,0,-0.526572383703293
411,0,-0.420782744615579
412,1,-0.466578530915536
413,1,-0.492961092023715
414,0,-0.515358250930771
415,0,-0.495330590203659
416,0,-0.501166068307769
417,1,-0.210867922741043
418,1,-0.31012927393417
419,0,-0.539117446635658
420,1,-0.369080483426276
421,0,-0.414247700232015
422,0,-0.543955009255435
423,1,-0.331568222547154
424,1,-0.566961439184867
425,0,-0.458280549000137
426,1,-0.344089832033433
427,0,-0.35899492163029
428,0,-0.630103265313856
429,0,-0.612912648844658
430,0,-0.498107077807595
431,1,-0.485156855596504
432,0,-0.366918375328769
433,0,-0.541471955607386
434,1,-0.501861756088328
435,0,-0.425450352217963
436,1,-0.545375452917909
437,0,-0.368722347703327
438,1,-0.422065351735953
439,0,-0.447878656555468
440,1,-0.518090273795984
441,1,-0.70407840748083
442,1,-0.163757742654029
443,1,-0.610949125233625
444,1,-0.40090365523738
445,0,-0.583930357092682
446,1,-0.414638685592709
447,1,-0.543273639503306
448,0,-0.420938342029365
449,1,-0.534907021063508
450,1,-0.373270490353566
451,0,-0.342829078296737
452,0,-0.607817705501623
453,0,-0.388013958153627
454,1,-0.445419309630105
455,0,-0.434916082238713
456,0,-0.627332862256591
457,0,-0.32691494904296
458,0,-0.426939263792173
459,1,-0.393165968320517
460,1,-0.325906511598228
461,1,-0.210600478551557
462,1,-0.40742918493813
463,1,-0.436244432025485
464,1,-0.317768071354892
465,1,-0.507926258385158
466,1,-0.451193769386261
467,0,-0.522512037852164
468,1,-0.263723357457287
469,0,-0.406623960574533
470,1,-0.280151114761444
471,1,-0.43476623000042
472,1,-0.574729513387877
473,0,-0.307142188747697
474,1,-0.6680071666637
475,0,-0.293304690571884
476,0,-0.351181815899815
477,1,-0.633947936986612
478,1,-0.299070738575435
479,0,-0.379999137613509
480,0,-0.427831399739503
481,1,-0.420056517389937
482,0,-0.300724640793383
483,1,-0.493967816647652
484,0,-0.57959422426706
485,0,-0.330758369588897
486,1,-0.571727382964282
487,0,-0.238975320396521
488,0,-0.186906634128038
489,1,-0.221958945869608
490,1,-0.470761166811054
491,1,-0.247557514123734
492,1,-0.71706029396223
493,1,-0.462388523988246
494,1,-0.390495530592
495,0,-0.642915990354024
496,0,-0.631095751361546
497,1,-0.545425218374593
498,1,-0.348997282304427
499,0,-0.629944974768612
500,1,-0.53332101134596
501,1,-0.449755442455727
502,1,-0.492477249047294
503,0,-0.503274959672833
504,1,-0.344485054197512
505,0,-0.413358945657745
506,0,-0.423545032370565
507,1,-0.504724253021297
508,1,-0.392044423408854
509,0,-0.61016409917107
510,0,-0.19013880885973
511,0,-0.740598540971963
512,1,-0.298600097597743
513,1,-0.528327851312398
514,0,-0.369307756070905
515,0,-0.654893231736544
516,0,-0.280387858921526
517,0,-0.357318355637196
518,0,-0.350199019285894
519,1,-0.230277029620593
520,0,-0.426120179894318
521,0,-0.364364143575711
522,0,-0.281092340449973
523,1,-0.397219545352063
524,1,-0.522426406621606
525,0,-0.528036857211371
526,0,-0.248659977315187
527,1,-0.488181192244585
528,0,-0.462878848898337
529,1,-0.528172035980296
530,1,-0.373316015101647
531,0,-0.496879483020513
532,1,-0.254288014722684
533,0,-0.286220225990991
534,0,-0.317669857574235
535,1,-0.301345954139873
536,0,-0.478392899374441
537,1,-0.627018851901188
538,1,-0.485742263964082
539,0,-0.600194183762458
540,1,-0.256867646730699
541,1,-0.35117027382404
542,0,-0.465508028444718
543,1,-0.464511371353025
544,1,-0.49327613558762
545,1,-0.482005468951407
546,0,-0.420852052319764
547,1,-0.38813155010482
548,0,-0.414676329026586
549,1,-0.549051447500947
550,0,-0.555703276566742
551,1,-0.339895340621881
552,0,-0.499454630544266
553,1,-0.511784790535686
554,0,-0.549625536609787
555,1,-0.292872055056786
556,0,-0.374036000025962
557,0,-0.539117446635658
558,1,-0.466976446211073
559,0,-0.551001015112266
560,0,-0.500855409562866
561,1,-0.630043188549269
562,0,-0.305299216907081
563,0,-0.413079711550809
564,0,-0.4168005757719
565,1,-0.486541150504409
566,0,-0.44218990656188
567,0,-0.637652849810662
568,0,-0.522062848727836
569,0,-0.724334714302188
570,0,-0.513387889945133
571,1,-0.263567760043501
572,0,-0.593122301731662
573,0,-0.478176728070234
574,0,-0.459222450404151
575,1,-0.417391501832242
576,1,-0.376882763480206
577,1,-0.429351374315346
578,0,-0.50113119653736
579,1,-0.406231619000666
580,1,-0.306672206249048
581,1,-0.258609253862032
582,0,-0.199153638102042
583,1,-0.635620466496617
584,0,-0.631005883327604
585,1,-0.320278177740405
586,1,-0.327871530111738
587,0,-0.375258748300065
588,1,-0.415330584571058
589,1,-0.448440953146728
590,1,-0.303273345289266
591,1,-0.576042817937526
592,0,-0.602593036020047
593,1,-0.639978670624234
594,0,-0.357363880385277
595,1,-0.467581232749187
596,1,-0.453574816907801
597,0,-0.384995645888556
598,0,-0.585756383532792
599,1,-0.62428497664048
600,0,-0.285018567541533
601,1,-0.370839677375342
602,0,-0.480615656350738
603,0,-0.25280043670411
604,0,-0.494569831522299
605,1,-0.225975550647063
606,0,-0.519716455058388
607,0,-0.369307756070905
608,0,-0.467145904102631
609,1,-0.322838049582601
610,1,-0.370631621373415
611,0,-0.390075477627
612,0,-0.454229072452273
613,1,-0.286722169210274
614,1,-0.401892793043585
615,0,-0.255310543089622
616,1,-0.483781729934833
617,1,-0.564530626206643
618,1,-0.318257336502135
619,1,-0.462434048736327
620,1,-0.506999468585735
621,1,-0.433491615785952
622,0,-0.239768784766026
623,0,-0.313554952651284
624,1,-0.466624055663617
625,0,-0.368731819218781
626,1,-0.225932781492691
627,0,-0.459730220447077
628,1,-0.363049749788654
629,0,-0.436288679789404
630,0,-0.396870881144567
631,1,-0.507904187083164
632,1,-0.530247127159512
633,1,-0.357962921747899
634,1,-0.515056465632449
635,0,-0.192058084706843
636,0,-0.467111250250538
637,0,-0.516017069491514
638,1,-0.493280402153565
639,0,-0.440642399432759
640,1,-0.437672151197789
641,1,-0.33302413629542
642,0,-0.354209599680339
643,0,-0.569906874216936
644,1,-0.102560061965537
645,1,-0.341570036214151
646,0,-0.400085686976843
647,1,-0.365226237203794
648,0,-0.328391278067071
649,1,-0.388864489346987
650,0,-0.312148149249674
651,0,-0.446689970021884
652,0,-0.402216649643902
653,1,-0.227028017937398
654,1,-0.341327326360131
655,0,-0.337839941053462
656,0,-0.444730400233541
657,1,-0.346883906455101
658,1,-0.299718512186237
659,0,-0.433341763547659
660,0,-0.475146768643035
661,1,-0.22306328825741
662,1,-0.396234430336144
663,0,-0.305249451450397
664,1,-0.480612884687271
665,1,-0.410853010316235
666,0,-0.324801573193634
667,0,-0.0779676223185568
668,1,-0.307168631775567
669,0,-0.572537235922539
670,1,-0.438515163105662
671,0,-0.409506655808544
672,0,-0.591376210116068
673,1,-0.342378394269931
674,0,-0.524856923149504
675,1,-0.305650126244861
676,0,-0.530297994379721
677,0,-0.449933015649565
678,0,-0.499064254893165
679,1,-0.452123907427169
680,1,-0.355523993467395
681,1,-0.278226198825193
682,0,-0.425598331455304
683,0,-0.30670686010114
684,1,-0.395705306387301
685,0,-0.324543132461018
686,0,-0.263280410634285
687,1,-0.420347415969022
688,1,-0.318536570609071
689,0,-0.23952905102416
690,1,-0.447642066606402
691,1,-0.262962973505387
692,1,-0.460558898256759
693,0,-0.558706915362446
694,1,-0.247303933373726
695,0,-0.258511040081375
696,1,-0.522478647291431
697,0,-0.395429423890865
698,0,-0.486866798457529
699,0,-0.456342448301599
700,0,-0.511299696432446
701,1,-0.546496997829572
702,0,-0.289149337496687
703,1,-0.284004006822834
704,1,-0.212032464289807
705,0,-0.457925764887689
706,1,-0.472710612025999
707,0,-0.231407012839206
708,0,-0.488460426351522
709,0,-0.273537675452114
710,1,-0.483043479747178
711,0,-0.375141156348872
712,0,-0.320059020398055
713,1,-0.310053855120558
714,1,-0.666486198084392
715,0,-0.560176906563288
716,1,-0.275849635787914
717,1,-0.597675866552723
718,0,-0.328532919481142
719,1,-0.443659897762722
720,0,-0.449803956785592
721,0,-0.303158146903065
722,0,-0.328656556174293
723,1,-0.426471974424982
724,1,-0.303908519113527
725,0,-0.418496658155152
726,0,-0.174988411799338
727,1,-0.328384940243802
728,0,-0.274530757516596
729,0,-0.395691350387586
730,1,-0.22736476723094
731,1,-0.40830825007863
732,1,-0.447529992347973
733,0,-0.440113275483916
734,0,-0.525338072994467
735,0,-0.297960953657863
736,0,-0.381254828085595
737,0,-0.605369305705666
738,0,-0.471231149309703
739,0,-0.395464077742957
740,1,-0.342140168900172
741,1,-0.372427260527377
742,0,-0.218874532456939
743,0,-0.315501267543059
744,1,-0.596126973735869
745,0,-0.302674303926644
746,1,-0.500264483502524
747,0,-0.463107602752642
748,0,-0.517119236232641
749,1,-0.481876410087434
750,0,-0.464351829680963
751,1,-0.44829306943133
752,1,-0.467381684021808
753,1,-0.469342218051057
754,1,-0.360562896167354
755,1,-0.434325156178371
756,0,-0.629176475514433
757,0,-0.48642572463548
758,0,-0.275764376686688
759,1,-0.143877158373353
760,0,-0.448441048668671
761,1,-0.360353658703209
762,1,-0.457095214077054
763,0,-0.614517818814425
764,0,-0.539938404477979
765,1,-0.358877329679097
766,0,-0.346566765776529
767,1,-0.412482761107456
768,0,-0.367112475330982
769,0,-0.477862840111205
770,0,-0.610799272995332
771,0,-0.324486529629728
772,1,-0.470299395136627
773,0,-0.290764196900224
774,0,-0.467998974578011
775,1,-0.486597875658495
776,0,-0.467729211986528
777,0,-0.562722917927712
778,1,-0.357799209031834
779,1,-0.284896142770164
780,0,-0.325938393786853
781,0,-0.583812169124698
782,0,-0.465957217569047
783,1,-0.431586295938553
784,0,-0.307812016424051
785,0,-0.380486110913099
786,0,-0.612583649281038
787,1,-0.450588982848147
788,1,-0.428384290574692
789,1,-0.302348655973524
790,1,-0.227538169380775
791,0,-0.356311413094942
792,1,-0.289634431599927
793,1,-0.415343167121156
794,0,-0.408065635746553
795,1,-0.476386606609036
796,0,-0.226661766912169
797,1,-0.379436995233264
798,1,-0.395949171846197
799,0,-0.513586474431607
800,0,-0.471116984132005
801,0,-0.464747269763358
802,0,-0.515861472077729
803,0,-0.520938610684715
804,1,-0.435682412041614
805,0,-0.395913266867286
806,0,-0.247869206077139
807,0,-0.711879654326257
808,1,-0.448631204412606
809,0,-0.397860236869088
810,1,-0.566254646520244
811,1,-0.486226106940503
812,0,-0.392316039339346
813,0,-0.535928041058338
814,1,-0.353618673619997
815,0,-0.21987723429059
816,1,-0.269853556002385
817,0,-0.432271857093632
818,0,-0.384692299681864
819,1,-0.499816802750303
820,0,-0.281581029939372
821,0,-0.289003211598354
822,1,-0.304513305651641
823,0,-0.411245569808419
824,1,-0.329826615415821
825,1,-0.384560317241999
826,0,-0.354209599680339
827,0,-0.539139517937652
828,0,-0.32419678665552
829,1,-0.368091127701755
830,1,-0.392074810695002
831,0,-0.555986059843548
832,0,-0.326595420994793
833,1,-0.507926258385158
834,0,-0.40970254716356
835,1,-0.490864700779933
836,0,-0.322455179524186
837,0,-0.673822980123934
838,1,-0.546972725503714
839,1,-0.174561198455061
840,1,-0.458162739130628
841,0,-0.366333184879508
842,0,-0.459408217185768
843,1,-0.213982127423067
844,1,-0.321285120282659
845,0,-0.264828513780198
846,1,-0.656313675399019
847,1,-0.525144569009046
848,0,-0.31004633583507
849,0,-0.404643221913523
850,0,-0.616899084254282
851,1,-0.327494312668579
852,0,-0.596205657433564
853,0,-0.467872226850215
854,0,-0.397775817560312
855,1,-0.482913535690321
856,1,-0.27565105130144
857,1,-0.559018607315851
858,1,-0.240618713747198
859,0,-0.392479752055411
860,0,-0.61016409917107
861,0,-0.26568688106832
862,0,-0.356648527960842
863,0,-0.248959909274501
864,1,-0.431586078020237
865,1,-0.403269347378671
866,0,-0.470561321633349
867,1,-0.4776629949335
868,1,-0.604697983126834
869,0,-0.385829186280975
870,1,-0.488339482789829
871,1,-0.41102641246607
872,1,-0.393786030540188
873,0,-0.350465182586
874,0,-0.541714665461405
875,1,-0.352013285731913
876,1,-0.448169432738179
877,1,-0.453188957267602
878,1,-0.539522387996067
879,0,-0.499597645407953
880,1,-0.530441227161724
881,1,-0.449755442455727
882,0,-0.385952822974126
883,0,-0.376296103985809
884,0,-0.541506609459478
885,1,-0.555786214665843
886,0,-0.246549294597319
887,1,-0.363049749788654
888,0,-0.541760190209486
889,0,-0.423336976368638
890,0,-0.482357263482072
891,1,-0.389140276321481
892,0,-0.404439406620198
893,1,-0.353566432950171
894,1,-0.440941735375282
895,1,-0.401341755547404
896,1,-0.386765786967029
897,1,-0.443406534931031
898,0,-0.312783105155619
899,1,-0.442736707254677
900,1,-0.457648726786376
901,1,-0.541089085548971
902,1,-0.57283403418967
903,1,-0.259101966141717
904,1,-0.514858099064291
905,1,-0.536856684196769
906,1,-0.314042147238205
907,0,-0.633799957749272
908,1,-0.166169177461717
909,0,-0.381564449478679
910,0,-0.43799989963459
911,0,-0.522875691267877
912,1,-0.205088241742449
913,0,-0.33393368424401
914,1,-0.400694199854918
915,0,-0.44556394062596
916,0,-0.489630485593049
917,1,-0.287490668464453
918,0,-0.343178775712735
919,0,-0.397818586714684
920,0,-0.332708032722158
921,0,-0.135544522605862
922,0,-0.413918700668395
923,0,-0.39437695660053
924,0,-0.309573001725921
925,1,-0.328229342830016
926,1,-0.26786381684621
927,1,-0.371943635469273
928,1,-0.38790665715139
929,0,-0.45685398543271
930,0,-0.449559847551037
931,1,-0.474030741424136
932,1,-0.26636183446517
933,1,-0.165176691414027
934,0,-0.351690021779373
935,0,-0.55147861578736
936,1,-0.412132845773142
937,1,-0.327576940624552
938,1,-0.354102516596418
939,1,-0.207247142339856
940,1,-0.370666275225508
941,0,-0.635859002009503
942,0,-0.565121770185301
943,1,-0.404909389118847
944,0,-0.427544050330287
945,1,-0.265998573021725
946,1,-0.207368085901549
947,0,-0.450882077432855
948,0,-0.404545456495617
949,1,-0.396224958820691
950,1,-0.480601795872966
951,1,-0.494739664143317
952,1,-0.269788514864144
953,0,-0.304430367552541
954,1,-0.315818408221631
955,0,-0.413842788634166
956,0,-0.48735064143395
957,0,-0.714483651535999
958,1,-0.463829981241949
959,1,-0.437793094759482
960,0,-0.222965074476754
961,0,-0.376042523235801
962,0,-0.264874038528278
963,0,-0.440748449308178
964,1,-0.404591577260489
965,0,-0.462899546750715
966,1,-0.438497576287929
967,1,-0.467457596056036
968,0,-0.302034863536437
969,1,-0.406702862190546
970,1,-0.433975458762373
971,0,-0.345128220927679
972,0,-0.193606747440841
973,0,-0.305586566316297
974,1,-0.292020927846633
975,1,-0.414993469705158
976,0,-0.499113802431532
977,1,-0.209643301465987
978,1,-0.379477289174495
979,0,-0.421146180112975
980,1,-0.315996294855727
981,1,-0.356204692039738
982,1,-0.425476795245834
983,0,-0.471266458271823
984,1,-0.319200057093141
985,1,-0.280039642715204
986,1,-0.440861556775109
987,1,-0.472090549806328
988,1,-0.190661312408772
989,1,-0.698929432115166
990,1,-0.297044475166343
991,0,-0.477862840111205
992,0,-0.381285215371742
993,1,-0.233085060041976
994,0,-0.373543287746276
995,0,-0.248662670446645
996,0,-0.475105510460899
997,0,-0.556149772559613
998,0,-0.347359311124572
999,1,-0.410818356464142
1000,1,-0.509509574971248
