Subj,Class,risk_2d
1,1,0
2,1,10.25
3,0,-13.479
4,0,-8.976
5,0,-25.511
6,0,7.138
7,0,-3.101
8,0,-15.193
9,0,7.138
10,0,-19.632
11,0,-18.531
12,0,-21.877
13,1,25.06
14,1,3.172
15,0,-5.434
16,0,-12.258
17,1,-11.918
18,0,-19.334
19,1,16.066
20,0,-5.811
21,0,-5.811
22,1,13.131
23,0,7.155
24,0,9.131
25,1,-9.447
26,0,11.17
27,1,4.986
28,0,-14.086
29,1,16.825
30,0,-6.447
31,0,-17.076
32,1,-21.241
33,1,15.43
34,0,-21.241
35,1,5.08
36,0,-1.845
37,0,9.367
38,1,28.447
39,1,-4.967
40,1,0.761
41,0,-10.802
42,1,15.43
43,1,-15.562
44,0,8.909
45,0,12.901
46,0,2.731
47,0,-5.052
48,1,17.04
49,0,32.834
50,0,-8.292
51,1,26.726
52,0,20.61
53,1,24.205
54,1,-10.392
55,0,1.558
56,1,-6.992
57,1,20.61
58,0,16.189
59,1,23.435
60,0,-5.434
61,1,-21.241
62,0,15.03
63,0,-27.688
64,0,-21.241
65,1,9.619
66,1,-11.551
67,0,16.949
68,1,-7.915
69,0,3.253
70,1,-8.292
71,1,9.178
72,0,16.189
73,1,0
74,1,0.516
75,1,7.791
76,0,-3.545
77,1,-5.811
78,0,-17.998
79,1,12.991
80,1,23.435
81,0,-11.174
82,1,-24.551
83,0,-8.606
84,1,-37.863
85,1,-8.722
86,0,-12.258
87,0,-8.449
88,1,34.051
89,1,14.335
90,1,-9.85
91,0,23.151
92,1,-26.232
93,0,-24.176
94,1,-6.734
95,1,-1.181
96,1,18.142
97,0,8.696
98,0,18.858
99,0,-14.323
100,1,3.172
101,0,16.443
102,1,5.437
103,0,12.495
104,1,7.242
105,1,13.901
106,0,-17.031
107,1,23.435
108,1,13.784
109,0,4.986
110,1,11.58
111,1,16.537
112,1,-16.345
113,0,15.143
114,1,10.282
115,0,16.087
116,0,-1.922
117,0,23.435
118,1,-8.746
119,0,-21.877
120,0,-24.205
121,0,-16.846
122,1,-23.722
123,1,-10.524
124,1,0.513
125,0,-7.739
126,0,19.309
127,0,-13.807
128,1,3.172
129,0,9.619
130,0,15.814
131,1,-11.042
132,0,-5.811
133,0,18.84
134,1,15.43
135,1,-20.225
136,0,9.619
137,1,-26.581
138,1,-21.472
139,0,10.626
140,0,-15.43
141,0,6.268
142,0,-3.473
143,1,-24.176
144,1,-2.289
145,0,-5.811
146,1,-21.87
147,0,7.138
148,1,-15.185
149,1,17
150,1,-5.052
151,1,-0.444
152,1,-8.893
153,0,-11.419
154,1,19.309
155,0,-13.337
156,1,26.913
157,0,0.691
158,1,-23.722
159,1,24.205
160,1,20.842
161,0,-40.394
162,0,-4.107
163,1,-3.396
164,1,-17.758
165,1,-12.258
166,1,23.818
167,0,-34.328
168,1,-30.169
169,0,-9.739
170,1,18.675
171,1,6.343
172,0,-3.21
173,1,11.608
174,0,15.143
175,1,-8.292
176,0,8.057
177,1,3.038
178,0,-11.008
179,1,15.22
180,1,-10.297
181,1,11.884
182,0,-23.353
183,0,0.314
184,1,4.179
185,0,-1.845
186,1,8.262
187,1,5.467
188,0,-27.688
189,1,15.43
190,1,33.511
191,0,-11.551
192,0,-8.292
193,1,2.967
194,0,-8.005
195,0,-5.811
196,0,-5.941
197,0,-19.926
198,1,23.435
199,0,-13.632
200,1,15.813
201,1,11.485
202,1,17.734
203,1,10.117
204,1,-8.775
205,1,10.726
206,1,10.467
207,0,-26.056
208,1,-15.43
209,0,6.684
210,0,-8.983
211,1,8.068
212,0,5.587
213,0,-18.368
214,1,-10.451
215,0,-4.675
216,1,18.177
217,1,9.217
218,1,-7.185
219,0,-20.105
220,0,15.143
221,1,-5.811
222,1,7.516
223,0,-21.825
224,1,-18.365
225,0,-5.811
226,0,-6.457
227,0,-9.382
228,1,-27.275
229,0,-8.775
230,0,4.57
231,0,-19.334
232,0,0.691
233,0,17.877
234,1,19.309
235,1,14.892
236,0,-19.632
237,1,1.493
238,0,13.102
239,1,3.688
240,1,17.761
241,0,10.378
242,0,-21.877
243,1,5.884
244,1,-13.95
245,0,-1.845
246,1,9.924
247,1,23.692
248,1,4.145
249,1,6.047
250,0,-4.675
251,1,16.066
252,1,-1.845
253,1,20.682
254,0,-7.314
255,0,-7.362
256,0,-14.395
257,1,25.13
258,0,-14.452
259,0,15.43
260,1,2.784
261,0,-5.811
262,1,-6.415
263,0,-29.516
264,0,11.794
265,1,23.487
266,0,8.398
267,0,-14.462
268,1,-18.531
269,0,-21.151
270,1,-16.188
271,0,-0.971999999999999
272,1,2.811
273,1,0.513
274,0,-14.215
275,0,-10.307
276,0,3.426
277,1,14.515
278,0,18.942
279,0,6.684
280,1,-11.71
281,0,12.331
282,1,8.068
283,0,-29.38
284,0,18.403
285,0,-17.521
286,0,7.138
287,0,-12.082
288,0,-14.323
289,0,16.705
290,1,-17.998
291,1,1.652
292,0,-42.501
293,1,16.988
294,0,6.684
295,1,6.544
296,1,0.761
297,0,1.484
298,0,31.052
299,0,1.013
300,0,-10.843
301,1,11.121
302,0,2.543
303,1,1.347
304,1,28.615
305,0,-11.065
306,0,-23.134
307,0,5.909
308,0,-3.473
309,0,-14.453
310,1,8.983
311,0,6.694
312,1,-34.764
313,1,24.844
314,0,15.143
315,0,-15.874
316,0,13.185
317,1,22.19
318,1,5.437
319,1,-19.785
320,1,14.515
321,0,-3.987
322,1,-12.305
323,0,7.138
324,0,-12.392
325,0,-2.328
326,0,0.339
327,1,2.665
328,1,24.608
329,0,15.43
330,1,-12.463
331,0,16.443
332,0,-7.314
333,0,-3.656
334,0,-6.447
335,0,-19.064
336,1,3.172
337,1,7.425
338,0,-1.558
339,1,-30.169
340,1,33.155
341,0,-8.983
342,1,-28.065
343,0,7.425
344,1,-0.286999999999999
345,0,-7.97
346,0,23.487
347,1,10.295
348,0,-5.828
349,0,-5.811
350,1,9.242
351,1,-18.449
352,0,-12.399
353,1,12.116
354,0,6.048
355,0,16.949
356,1,-9.716
357,0,8.005
358,0,-37.427
359,1,-12.523
360,1,-22.208
361,1,-28.317
362,1,-8.056
363,0,2.304
364,0,-2.825
365,1,20.867
366,0,6.52
367,1,-21.877
368,0,-15.43
369,0,-26.929
370,1,20.4
371,0,-5.811
372,0,2.304
373,0,-21.241
374,0,0
375,0,-11.151
376,0,-13.479
377,0,-19.69
378,1,-2.091
379,0,-22.635
380,0,-4.413
381,0,-12.258
382,0,14.653
383,1,-16.297
384,1,19.155
385,0,11.017
386,1,-15.791
387,1,-23.437
388,0,-30.724
389,0,-5.263
390,0,-6.521
391,0,-15.43
392,0,-5.811
393,1,8.219
394,1,-23.722
395,1,-22.96
396,0,-12.018
397,0,6.704
398,1,-8.606
399,1,-19.843
400,0,13.141
401,0,1.558
402,0,-14.417
403,0,6.544
404,0,3.937
405,0,10.835
406,1,-1.541
407,1,28.708
408,1,0.237000000000001
409,1,3.83
410,1,21.303
411,1,-4.961
412,1,6.255
413,0,-2.418
414,0,-12.258
415,1,22.129
416,0,-29.14
417,1,9.178
418,0,-24.205
419,0,10.606
420,0,13.621
421,0,-5.34
422,0,-15.986
423,0,-10.108
424,1,20.842
425,0,-14.739
426,1,1.48
427,1,43.296
428,1,9.619
429,0,-27.688
430,1,-12.834
431,0,27.816
432,0,1.558
433,0,13.997
434,1,1.075
435,0,2.149
436,0,19.309
437,0,-11.71
438,0,0.0720000000000001
439,1,-0.286999999999999
440,0,-27.872
441,1,9.131
442,1,-12.264
443,1,-19.064
444,0,0.601
445,0,-20.134
446,1,-8.292
447,1,-1.232
448,0,-16.66
449,1,17.202
450,1,16.78
451,0,-42.845
452,0,-12.258
453,1,29.438
454,0,9.619
455,1,-27.881
456,0,3.694
457,1,5.322
458,1,3.592
459,0,-22.433
460,1,10.456
461,1,-19.334
462,0,7.138
463,1,18.924
464,1,4.673
465,0,15.43
466,0,15.974
467,0,12.034
468,1,-2.935
469,1,-6.734
470,1,9.619
471,0,-22.635
472,1,6.684
473,1,-4.385
474,1,-8.056
475,0,-25.511
476,0,11.017
477,0,1.798
478,0,5.891
479,1,24.582
480,0,7.138
481,0,-8.606
482,1,19.309
483,0,-3.904
484,1,20.231
485,1,10.258
486,1,2.332
487,0,12.393
488,1,-8.746
489,0,18.255
490,0,-5.811
491,1,-25.273
492,1,17.381
493,1,6.684
494,1,9.619
495,1,-6.898
496,1,17.761
497,1,-5.811
498,0,6.519
499,0,-27.573
500,1,-5.811
501,0,-36.579
502,1,-6.645
503,1,-19.111
504,1,-11.551
505,1,-1.828
506,1,-7.739
507,0,7.138
508,1,-2.855
509,0,-11.151
510,0,15.435
511,1,19.309
512,0,-12.887
513,1,26.847
514,0,-14.914
515,1,16.988
516,0,11.699
517,1,-1.49
518,1,1.863
519,1,5.909
520,1,18.636
521,0,8.005
522,0,-22.017
523,1,-1.143
524,0,-17.424
525,1,-5.811
526,1,30.22
527,0,21.241
528,0,0.773000000000001
529,1,12.321
530,0,11.655
531,1,5.887
532,0,-3.396
533,1,26.847
534,1,39.034
535,0,-5.811
536,0,-4.863
537,1,7.573
538,1,23.604
539,1,-16.397
540,1,4.593
541,1,15.338
542,0,13.962
543,1,9.499
544,1,-22.615
545,1,2.034
546,1,12.146
547,1,-7.857
548,1,19.712
549,1,-5.418
550,1,-14.671
551,1,3.789
552,1,9.178
553,1,1.013
554,1,3.568
555,1,3.172
556,0,-5.811
557,0,-17.849
558,0,-36.398
559,1,12.677
560,0,-23.069
561,1,30.259
562,0,22.421
563,1,9.619
564,1,-1.748
565,1,-3.836
566,0,-19.111
567,0,6.699
568,1,7.307
569,0,-17.121
570,1,-7.112
571,1,12.991
572,0,7.46
573,0,9.575
574,0,13.969
575,1,16.988
576,1,-29.062
577,0,-15.55
578,0,-11.551
579,0,17.225
580,0,-1.286
581,1,5.144
582,0,-15.43
583,1,-0.286999999999999
584,1,19.309
585,1,10.755
586,1,14.78
587,1,13.074
588,1,-29.516
589,0,7.762
590,0,-1.422
591,0,-8.005
592,1,9.619
593,0,7.425
594,0,21.666
595,0,5.21
596,0,10.567
597,0,9.178
598,1,-7.628
599,1,18.91
600,1,5.399
601,0,-34.512
602,1,-7.373
603,0,-28.547
604,0,-16.66
605,0,-1.922
606,0,-11.551
607,1,27.314
608,1,-22.849
609,0,11.884
610,1,17.32
611,0,6.048
612,0,2.665
613,1,8.005
614,0,6.684
615,1,9.996
616,1,-1.12
617,0,-14.452
618,1,14.397
619,1,-8.292
620,1,-2.855
621,0,-25.289
622,1,3.094
623,1,25.756
624,0,-10.108
625,0,-13.345
626,1,-22.238
627,0,16.087
628,1,-8.746
629,1,17.758
630,1,1.89
631,1,13.131
632,1,9.619
633,0,-16.297
634,1,-23.169
635,1,0.601
636,1,-20.254
637,1,23.435
638,1,18.056
639,0,-36.293
640,1,-2.529
641,1,-15.398
642,1,-2.795
643,1,28.708
644,0,1.558
645,1,-16.959
646,1,16.705
647,1,-12.885
648,0,8.162
649,0,1.453
650,1,9.804
651,0,5.147
652,0,24.403
653,0,-0.706
654,1,-2.935
655,0,-28.767
656,0,8.343
657,1,-11.82
658,0,13.969
659,0,-8.746
660,1,-15.717
661,0,-20.482
662,1,17.867
663,1,-20.693
664,0,2.565
665,1,6.684
666,1,-8.056
667,0,9.619
668,0,-2.643
669,1,18.865
670,0,7.138
671,1,3.931
672,0,-1.854
673,1,33.36
674,0,-26.546
675,1,8.333
676,0,-12.625
677,0,1.558
678,1,15.946
679,1,35.439
680,1,-4.675
681,1,11.957
682,0,15.599
683,0,11.794
684,0,7.477
685,1,9.619
686,1,13.271
687,0,0.691
688,1,2.304
689,1,-24.812
690,0,-18.551
691,0,0.977999999999999
692,0,-23.871
693,1,9.996
694,0,-14.794
695,0,15.312
696,0,2.543
697,0,-1.143
698,0,-14.417
699,0,-25.511
700,1,-1.468
701,0,7.138
702,0,13.011
703,1,-14.354
704,0,-8.292
705,0,3.879
706,1,0.516
707,0,-24.176
708,1,13.102
709,1,-23.722
710,0,-0.14
711,0,-8.746
712,0,21.784
713,1,2.967
714,0,17.659
715,1,8.068
716,0,-3.284
717,1,9.619
718,0,-25.822
719,0,-27.822
720,0,-4.26
721,0,-14.503
722,1,16.988
723,0,8.674
724,1,-13.552
725,1,-8.218
726,0,-13.102
727,0,6.33
728,1,-12.834
729,0,-12.765
730,1,15.769
731,0,36.232
732,0,-2.413
733,0,-42.341
734,1,23.435
735,1,-12.4
736,1,-28.317
737,0,-2.568
738,1,6.684
739,0,-28.402
740,1,12.331
741,0,-5.811
742,0,-15.193
743,0,-5.811
744,1,16.988
745,1,4.906
746,1,-6.898
747,0,7.762
748,0,-16.667
749,0,-6.898
750,0,1.798
751,1,21.884
752,1,5.884
753,0,-15.317
754,0,-8.746
755,1,20.637
756,1,19.309
757,1,0.516
758,1,-23.722
759,1,20.757
760,0,-20.134
761,1,11.121
762,1,-5.811
763,1,0.954000000000001
764,0,-15.193
765,1,3.879
766,0,6.684
767,0,4.101
768,1,0
769,0,-15.193
770,1,0.977999999999999
771,0,-15.43
772,1,6.684
773,0,-7.185
774,1,3.688
775,0,20.443
776,1,36.706
777,0,-19.709
778,0,-17.035
779,0,1.344
780,1,-6.447
781,1,23.224
782,1,10.778
783,0,30.259
784,1,-13.345
785,0,-7.739
786,1,21.799
787,1,-4.595
788,1,8.396
789,1,13.102
790,1,10.277
791,1,-4.593
792,1,7.791
793,1,-4.581
794,1,8.005
795,1,20.4
796,1,-24.592
797,1,-0.286999999999999
798,0,-11.742
799,1,4.906
800,1,11.417
801,0,-8.746
802,1,16.443
803,0,13.507
804,1,17.053
805,0,-4.025
806,0,-9.753
807,0,9.619
808,0,19.549
809,0,11.017
810,1,10.336
811,0,-14.417
812,0,-15.193
813,1,0.927000000000001
814,0,-36.738
815,0,11.884
816,0,0.0520000000000001
817,0,-1.237
818,1,8.068
819,1,13.872
820,0,-6.255
821,0,-14.247
822,0,-6.898
823,0,-30.623
824,1,15.462
825,1,-23.722
826,1,1.06
827,0,-17.352
828,1,5.847
829,1,-4.595
830,1,-23.722
831,0,-21.877
832,0,-38.276
833,1,33.155
834,1,-15.193
835,0,7.334
836,0,27.129
837,0,-27.504
838,0,-5.34
839,0,6.824
840,1,-18.365
841,0,24.608
842,0,-5.811
843,0,15.974
844,1,28.003
845,0,-14.947
846,0,-14.458
847,1,9.619
848,0,1.344
849,1,31.029
850,1,-5.052
851,1,19.309
852,1,9.619
853,0,0
854,1,14.395
855,0,0.516
856,1,1.03
857,0,-8.005
858,1,11.44
859,0,-4.281
860,1,26.133
861,0,0.691
862,0,12.012
863,1,1.951
864,1,-17.551
865,1,14.008
866,1,-8.91
867,0,-8.139
868,1,-12.018
869,0,15.313
870,1,11.119
871,1,15.715
872,0,-24.176
873,1,23.487
874,0,9.803
875,1,-8.005
876,0,15.462
877,0,15.625
878,0,4.906
879,0,-23.107
880,1,24.489
881,1,18.865
882,1,-5.811
883,1,-29.516
884,0,-15.986
885,1,16.882
886,0,1.558
887,1,16.12
888,1,24.45
889,0,-20.263
890,0,2.92
891,1,-19.064
892,0,-4.013
893,1,3.172
894,1,-8.292
895,0,0.820000000000001
896,0,-14.243
897,1,-21.241
898,0,23.435
899,1,-5.811
900,0,-10.524
901,0,-14.417
902,0,23.692
903,1,7.671
904,1,-5.811
905,1,11.699
906,1,-5.121
907,1,-0.915
908,0,14.257
909,0,15.03
910,0,-26.536
911,0,-13.102
912,0,14.504
913,1,14.335
914,0,-3.074
915,0,12.495
916,0,-2.183
917,0,-29.38
918,0,1.558
919,1,19.309
920,1,18.874
921,1,-20.892
922,0,1.249
923,1,0.032
924,1,-26.29
925,0,17.202
926,1,-30.169
927,0,0
928,1,-3.731
929,1,-7.857
930,1,3.592
931,0,-21.4
932,1,16.988
933,0,-23.107
934,0,-28.065
935,0,-20.819
936,0,-31
937,0,1.076
938,0,-12.635
939,1,-6.063
940,1,-21.955
941,0,-7.953
942,1,7.573
943,0,-4.253
944,1,8.005
945,1,-15.43
946,1,-23.722
947,1,0
948,0,13.602
949,0,3.753
950,1,-5.295
951,1,9.619
952,1,0.844000000000001
953,1,-2.328
954,1,-8.005
955,1,-24.34
956,1,-21.241
957,1,18.566
958,0,-7.912
959,1,8.674
960,0,1.951
961,1,1.558
962,0,-0.599
963,0,2.005
964,0,9.619
965,1,-20.892
966,0,6.048
967,0,-12.258
968,1,-0.915
969,0,-38.592
970,0,4.593
971,0,-6.133
972,1,-30.169
973,1,10.378
974,1,5.965
975,0,-0.868000000000001
976,0,-3.661
977,1,-18.365
978,1,-8.056
979,1,32.115
980,0,-13.588
981,1,-24.176
982,0,-32.955
983,1,6.447
984,0,-3.904
985,0,7.155
986,1,1.772
987,0,2.905
988,0,-13.337
989,1,6.824
990,0,-14.417
991,0,-18.048
992,0,11.121
993,1,-4.967
994,1,12.329
995,0,-1.769
996,1,-18.365
997,0,5.436
998,1,-13.632
999,0,8.005
1000,0,16.189
