Subj,Class,risk_2d
1,0,-30.035
2,1,4.902
3,1,8.458
4,1,10.263
5,1,-7.65
6,1,2.724
7,1,-5.734
8,1,29.245
9,1,10.461
10,1,5.494
11,1,-10.16
12,1,1.193
13,1,-6.506
14,1,15.854
15,1,-14.998
16,1,0
17,1,15.397
18,1,9.663
19,1,6.928
20,1,-28.009
21,1,-7.862
22,1,15.397
23,1,15.334
24,1,8.186
25,1,6.854
26,1,-11.271
27,1,24.796
28,1,22.785
29,1,20.265
30,1,14.467
31,1,-10.299
32,1,16.5
33,1,0.822
34,1,-10.76
35,1,6.009
36,1,-7.169
37,1,4.399
38,1,13.837
39,1,13.073
40,1,-13.74
41,1,-12.585
42,1,-10.3
43,1,17.049
44,1,-6.088
45,1,-21.396
46,1,-19.826
47,1,-16.871
48,1,-7.692
49,1,7.084
50,1,4.902
51,1,-15.884
52,1,-13.318
53,1,15.397
54,1,1.918
55,1,-16.173
56,1,19.218
57,1,17.463
58,1,-22.915
59,1,29.971
60,1,5.062
61,1,-3.747
62,1,-12.655
63,1,21.588
64,1,-4.08
65,1,8.458
66,1,-6.99
67,1,14.457
68,1,-5.634
69,1,9.706
70,1,-9.156
71,1,2.859
72,1,-19.542
73,1,11.108
74,1,13.87
75,1,-0.435
76,1,9.923
77,1,-1.491
78,1,2.166
79,1,-2.321
80,1,12.045
81,1,13.36
82,1,2.412
83,1,-8.869
84,1,11.182
85,1,12.795
86,1,-21.684
87,1,17.614
88,1,14.282
89,1,-6.046
90,1,4.971
91,1,1.604
92,1,-0.411
93,1,10.461
94,1,-7.692
95,1,2.412
96,1,8.054
97,1,0.140000000000001
98,1,-4.48
99,1,-7.65
100,1,-13.774
101,1,10.867
102,1,6.914
103,1,12.98
104,1,5.346
105,1,17.594
106,1,19.528
107,1,28.374
108,1,6.579
109,1,-9.819
110,1,4.681
111,1,15.042
112,1,8.054
113,1,14.457
114,1,2.859
115,1,-22.128
116,1,-10.439
117,1,3.11
118,1,-3.014
119,1,10.519
120,1,-9.192
121,1,2.724
122,1,-7.692
123,1,-10.76
124,1,-4.48
125,1,-10.009
126,1,-2.272
127,1,1.116
128,1,-24.544
129,1,7.795
130,1,-21.044
131,1,-13.848
132,1,1.363
133,1,14.029
134,1,3.435
135,1,13.33
136,1,-12.235
137,1,23.855
138,1,17.139
139,1,-1.544
140,1,16.512
141,1,34.994
142,1,42.664
143,1,15.425
144,1,19.857
145,1,1.587
146,1,-4.936
147,1,9.578
148,1,4.283
149,1,0
150,1,15.294
151,1,-19.133
152,1,-1.841
153,1,8.493
154,1,36.497
155,1,33.101
156,1,11.896
157,1,5.04
158,1,1.604
159,1,-16.15
160,1,-5.161
161,1,20.04
162,1,-3.777
163,1,13.87
164,1,5.76
165,1,-10.76
166,1,-8.15
167,0,-15.446
168,0,-3.93
169,0,-24.852
170,0,17.139
171,0,-4.48
172,1,7.633
173,0,4.22
174,1,17.21
175,0,-3.383
176,0,-23.759
177,0,-28.374
178,0,9.763
179,0,7.183
180,0,-12.2
181,1,8.054
182,0,13.832
183,0,-2.668
184,0,20.159
185,0,-1.43
186,0,13.87
187,0,-14.992
188,0,-5.849
189,1,24.553
190,1,0.328
191,1,19.26
192,1,-4.952
193,1,-13.829
194,1,31.098
195,1,5.039
196,1,9.978
197,1,13.333
198,1,9.085
199,1,2.65
200,1,-11.887
201,1,5.145
202,1,-24.783
203,1,18.634
204,1,-5.599
205,1,-11.807
206,1,5.374
207,1,13.841
208,1,19.671
209,1,5.136
210,1,-6.432
211,1,9.156
212,1,7.921
213,1,24.553
214,1,-11.06
215,1,12.678
216,1,0.507
217,1,11.217
218,1,0
219,1,-12.235
220,1,-8.15
221,1,-8.734
222,1,11.108
223,1,-10.76
224,1,16.47
225,1,22.92
226,1,-1.144
227,1,4.22
228,1,12.266
229,1,12.155
230,1,17.809
231,1,-4.429
232,1,19.916
233,1,-22.717
234,1,16.095
235,1,-25.764
236,1,7.175
237,1,45.388
238,1,11.88
239,1,7.288
240,1,5.72
241,1,-28.122
242,1,13.45
243,1,-14.092
244,1,-12.505
245,1,5.824
246,1,9.464
247,1,7.288
248,1,3.11
249,1,-4.936
250,1,-13.086
251,1,26.103
252,1,-5.599
253,1,-10.778
254,1,17.614
255,1,-16.383
256,1,-15.696
257,1,1.952
258,1,19.679
259,1,-6.259
260,1,22.915
261,1,22.023
262,1,9.574
263,1,6.33
264,1,-14.755
265,1,3.157
266,1,9.964
267,1,-14.89
268,1,19.916
269,1,5.641
270,1,-0.333
271,1,-0.109999999999999
272,1,17.809
273,1,13.832
274,1,13.13
275,1,3.766
276,1,5.035
277,1,-25.65
278,1,-16.792
279,1,8.862
280,1,-14.092
281,1,13.172
282,1,-18.792
283,1,10.461
284,1,-24.148
285,1,4.226
286,1,-25.476
287,1,-11.733
288,1,28.827
289,1,3.974
290,1,17.614
291,1,13.87
292,1,-18.422
293,1,5.136
294,1,12.98
295,1,0
296,1,35.735
297,1,-1.514
298,1,-19.826
299,1,2.897
300,1,10.437
301,1,7.192
302,1,0.140000000000001
303,1,-1.523
304,1,4.157
305,1,8.953
306,1,-15.662
307,1,-1.053
308,1,-11.428
309,1,1.604
310,1,7.288
311,1,-0.698
312,1,34.217
313,1,-8.403
314,1,2.65
315,1,21.031
316,1,24.617
317,1,-4.08
318,1,37.718
319,1,13.832
320,1,7.963
321,1,-4.254
322,1,10.905
323,1,13.484
324,1,17.006
325,1,-0.698
326,1,-0.558
327,1,22.998
328,1,-6.046
329,1,-6.506
330,1,-6.506
331,1,2.104
332,1,6.186
333,1,-10.754
334,1,-29.421
335,1,-19.742
336,1,14.699
337,1,-28.111
338,1,-10.174
339,1,9.923
340,1,-2.033
341,1,-13.67
342,1,-1.361
343,1,9.907
344,1,9.663
345,1,-2.321
346,1,-4.254
347,1,14.98
348,1,-4.254
349,1,-0.333
350,1,19.064
351,1,-11.458
352,1,-12.538
353,1,5.824
354,1,1.506
355,1,-5.207
356,1,2.426
357,1,5.346
358,1,-11.368
359,1,9.574
360,1,14.191
361,1,-7.617
362,1,12.015
363,1,5.728
364,1,18.919
365,1,15.896
366,1,22.728
367,1,-3.089
368,1,-5.04
369,1,-5.849
370,1,-6.547
371,1,8.792
372,1,0
373,1,-10.686
374,1,-10.76
375,1,12.266
376,1,-3.275
377,1,11.159
378,1,-0.512999999999999
379,1,2.412
380,1,7.757
381,1,13.832
382,1,9.545
383,1,9.136
384,1,7.757
385,1,-4.936
386,1,-2.829
387,1,-1.17
388,1,-22.55
389,1,12.573
390,1,-8.734
391,1,20.684
392,1,-37.243
393,1,-3.006
394,1,7.377
395,1,-28.374
396,1,-11.807
397,1,-6.854
398,1,8.456
399,1,6.49
400,1,-0.808
401,1,27.362
402,1,-7.637
403,1,-6.731
404,1,-7.65
405,1,6.281
406,1,21.588
407,1,17.188
408,1,-7.204
409,1,-16.585
410,1,19.617
411,1,-16.394
412,1,12.246
413,1,-5.39
414,1,-12.2
415,1,8.233
416,1,-18.971
417,1,2.573
418,1,-6.506
419,1,12.678
420,1,15.397
421,1,36.794
422,1,-1.981
423,1,12.688
424,1,8.458
425,1,-3.349
426,1,17.339
427,1,16.561
428,1,-4.936
429,1,13.333
430,1,-2.302
431,1,2.046
432,1,-7.617
433,1,15.397
434,1,4.22
435,1,2.447
436,1,-8.15
437,1,-4.13
438,1,-3.823
439,1,-10.253
440,1,3.11
441,1,12.678
442,1,3.11
443,1,-1.491
444,1,21.105
445,1,-4.936
446,1,-3.855
447,1,1.549
448,1,-6.123
449,1,-4.936
450,1,-1.296
451,1,1.175
452,1,-1.081
453,1,4.65
454,1,21.393
455,1,-3.93
456,1,-13.74
457,1,19.617
458,1,-12.505
459,1,20.224
460,1,1.929
461,1,-4.114
462,1,3.034
463,1,-14.317
464,1,23.026
465,1,1.116
466,1,19.218
467,1,36.399
468,1,4.681
469,1,28.187
470,1,2.378
471,1,-0.109999999999999
472,1,-14.992
473,1,-19.393
474,1,-6.297
475,1,-19.623
476,1,12.249
477,1,21.36
478,1,-6.841
479,0,-18.97
480,1,-9.156
481,0,-21.695
482,0,-2.027
483,0,-30.63
484,0,-24.12
485,0,14.282
486,0,14.467
487,0,-18.91
488,0,-7.65
489,0,6.009
490,0,-2.28
491,0,2.142
492,0,11.108
493,0,-2.666
494,0,13.629
495,0,24.553
496,0,13.804
497,0,9.464
498,0,7.247
499,0,1.116
500,0,-26.175
501,0,21.942
502,0,-12.2
503,0,17.423
504,0,-8.13
505,0,-8.15
506,0,9.155
507,0,-7.863
508,0,-9.909
509,0,-7.712
510,0,-12.628
511,0,-16.543
512,0,-0.435
513,0,-9.266
514,0,4.423
515,0,-6.506
516,0,17.266
517,0,1.929
518,0,4.522
519,0,-24.852
520,0,-17.614
521,0,-7.355
522,0,-24.12
523,0,8
524,0,6.854
525,0,-14.964
526,1,16.512
527,0,19.916
528,0,-3.499
529,0,9.119
530,0,2.412
531,0,-0.324
532,0,-1.779
533,0,-3.585
534,0,-24.544
535,0,5.062
536,0,-3.573
537,0,6.009
538,0,-6.506
539,0,-17.82
540,0,-27.851
541,0,-3.904
542,0,-7.65
543,0,-8.962
544,1,-9.381
545,1,17.21
546,0,-23.04
547,0,-9.159
548,0,11.047
549,0,4.378
550,0,16.336
551,0,-11.108
552,0,1.894
553,0,10.425
554,1,1.545
555,0,30.799
556,0,-3.425
557,0,1.289
558,0,8.458
559,0,-12.666
560,0,-8.384
561,0,-18.819
562,0,13.534
563,0,12.217
564,0,13.883
565,1,10.404
566,0,10.76
567,0,-2.839
568,0,-15.987
569,0,6.506
570,0,-5.61
571,0,20.338
572,0,9.155
573,0,-23.415
574,0,3.068
575,0,-15.698
576,0,-4.043
577,0,5.824
578,0,-11.458
579,0,-7.65
580,0,3.422
581,0,-6.913
582,0,-10.009
583,0,-4.48
584,0,0
585,0,-4.13
586,1,9.923
587,0,7.084
588,1,9.82
589,0,-8.118
590,0,1.952
591,0,1.952
592,0,-3.493
593,0,3.11
594,0,-14.515
595,0,14.467
596,0,-10.299
597,1,29.421
598,0,14.509
599,0,-1.144
600,0,19.218
601,0,6.009
602,1,-13.733
603,0,-19.631
604,0,-5.694
605,0,-21.853
606,0,-12.291
607,0,8.745
608,0,-4.988
609,1,5.583
610,0,6.241
611,0,1.604
612,0,7.951
613,0,-13.023
614,0,-29.567
615,0,-7.204
616,0,-4.08
617,0,-15.662
618,0,-21.086
619,0,-3.237
620,0,13.088
621,1,7.945
622,0,38.845
623,1,-14.057
624,0,-14.317
625,0,-14.546
626,0,-10.367
627,0,-20.997
628,0,-17.967
629,0,-24.589
630,0,-12.245
631,0,-10.76
632,0,-16.585
633,0,11.469
634,0,-9.633
635,0,9.156
636,0,-5.39
637,0,-23.04
638,0,-4.568
639,0,-24.852
640,0,-3.237
641,0,12.266
642,0,-7.617
643,0,-15.8
644,0,-26.483
645,0,8.48
646,0,-4.254
647,0,-3.237
648,0,5.145
649,1,6.939
650,1,5.369
651,0,-11.129
652,0,-26.175
653,0,0
654,0,-7.204
655,0,-13.74
656,0,-0.663
657,0,26.025
658,0,4.204
659,0,-5.301
660,0,9.578
661,0,11.491
662,0,-3.024
663,0,-4.13
664,0,-0.747999999999998
665,0,25.724
666,1,-3.939
667,0,9.136
668,0,-18.025
669,1,-1.952
670,0,-6.957
671,0,-8.869
672,0,4.378
673,0,28.075
674,0,-28.374
675,0,-13.394
676,0,-0.359999999999999
677,0,17.614
678,1,-16.32
679,0,35.361
680,0,10.6
681,0,23.026
682,0,-7.017
683,0,13.572
684,1,-0.923
685,0,-2.91
686,0,7.405
687,0,11.355
688,0,-11.137
689,0,8.493
690,1,-28.121
691,0,14.029
692,0,-5.739
693,0,6.473
694,0,-6.506
695,0,-15.662
696,0,-4.764
697,0,1.116
698,0,2.412
699,0,1.193
700,0,-4.937
701,0,3.459
702,0,-9.266
703,0,-5.634
704,0,7.791
705,0,0.476999999999999
706,0,-17.717
707,0,-21.904
708,0,-14.693
709,0,-11.807
710,0,-3.787
711,1,-1.16
712,0,9.763
713,0,8.851
714,0,15.402
715,0,1.568
716,0,3.11
717,0,10.76
718,0,-8.334
719,0,10.007
720,0,-6.432
721,1,5.843
722,0,12.224
723,0,-29.501
724,1,6.506
725,0,16.561
726,0,-2.817
727,0,-9.156
728,0,4.423
729,0,-6.123
730,0,-16.32
731,0,-11.024
732,0,-13.829
733,0,10.461
734,0,-6.913
735,0,-9.964
736,0,-1.416
737,0,-6.432
738,0,-21.396
739,0,14.029
740,0,0
741,0,-14.226
742,0,-1.604
743,1,9.391
744,0,-14.693
745,0,-29.544
746,0,15.905
747,0,1.116
748,0,-6.852
749,0,9.351
750,0,-4.577
751,0,-4.936
752,0,11.108
753,0,-19.518
754,0,-1.102
755,0,1.45
756,0,-0.348000000000001
757,0,-18.971
758,0,8.745
759,0,-16.666
760,0,-6.957
761,0,-27.976
762,0,-14.964
763,0,-28.865
764,0,4.116
765,0,-4.514
766,0,-11.841
767,0,-7.332
768,0,-14.092
769,0,-5.484
770,0,9.136
771,0,-11.128
772,0,-2.817
773,0,5.026
774,0,0.287000000000001
775,0,0.595000000000001
776,0,17.692
777,0,-29.569
778,0,-13.236
779,0,-21.086
780,0,-1.138
781,0,5.221
782,0,9.166
783,0,-7.153
784,0,-17.614
785,0,-10.439
786,0,-14.835
787,1,8.458
788,0,-10.586
789,0,-14.693
790,0,-11.914
791,1,7.298
792,0,-30.346
793,0,-10.67
794,0,-10.76
795,0,34.217
796,0,-16.409
797,0,0.882
798,1,21.002
799,0,-5.182
800,0,16.095
801,0,-15.662
802,0,15.905
803,0,-0.109999999999999
804,0,23.026
805,0,26.162
806,1,16.7
807,0,-14.092
808,0,-15.8
809,0,-13.829
810,0,-17.521
811,0,18.01
812,0,-20.963
813,0,29.146
814,1,-14.317
815,0,8.911
816,0,-4.812
817,0,5.374
818,0,-2.027
819,0,-6.232
820,1,3.11
821,0,-4.121
822,0,-7.195
823,0,9.136
824,0,-8.15
825,0,1.749
826,0,-33.002
827,0,-5.39
828,0,-25.043
829,0,-14.663
830,0,3.325
831,0,4.243
832,0,-22.242
833,0,13.13
834,0,-13.986
835,0,-16.494
836,0,1.116
837,0,-26.88
838,0,-9.156
839,0,16.561
840,0,-14.582
841,0,1.952
842,0,2.412
843,0,0.596
844,0,-6.271
845,0,-21.616
846,0,8.745
847,0,11.875
848,0,-9.156
849,0,-10.056
850,0,15.425
851,0,6.967
852,0,7.175
853,0,-0.409
854,0,9.574
855,0,-17.979
856,0,-14.546
857,0,3.522
858,0,-1.053
859,1,20.265
860,0,6.195
861,0,-16.394
862,0,-4.27
863,0,-14.868
864,1,12.015
865,0,-30.153
866,0,-26.88
867,0,-4.254
868,0,-14.69
869,0,5.346
870,0,-1.012
871,0,3.522
872,0,2.412
873,0,-11.807
874,0,23.925
875,0,2.724
876,0,2.622
877,0,-12.291
878,0,-10.76
879,0,36.883
880,0,11.108
881,0,-5.537
882,1,17.979
883,0,19.218
884,0,-6.297
885,0,-11.06
886,0,0.287000000000001
887,0,3.417
888,0,-8.348
889,1,1.798
890,0,6.009
891,0,29.569
892,0,-4.733
893,0,10.071
894,0,12.881
895,0,-13.999
896,0,-22.915
897,0,-22.356
898,1,0
899,0,5.144
900,0,4.902
901,0,-5.008
902,0,1.545
903,0,-3.112
904,0,4.17
905,0,-30.586
906,0,-19.826
907,0,-23.04
908,0,-10.318
909,0,-19.922
910,0,-11.163
911,0,-14.776
912,0,-22.468
913,0,12.701
914,0,-5.599
915,1,12.274
916,0,-29.567
917,0,-2.302
918,0,-8.458
919,0,-10.815
920,0,-7.637
921,0,-8.561
922,0,10.461
923,0,1.891
924,0,-6.567
925,1,20.724
926,0,3.522
927,0,2.589
928,0,8.493
929,0,7.4
930,0,-7.08
931,0,-7.204
932,0,31.107
933,0,-9.565
934,0,18.507
935,0,-14.092
936,0,-0.663
937,0,0
938,0,-29.421
939,0,19.109
940,0,-13.215
941,0,6.854
942,0,-5.999
943,0,1.798
944,0,-11.257
945,0,5.035
946,0,-38.736
947,0,2.65
948,0,10.76
949,0,-22.889
950,0,-1.018
951,0,23.082
952,0,-14.018
953,0,16.598
954,0,1.029
955,0,-6.731
956,0,13.488
957,0,-14.546
958,0,13.333
959,0,-11.733
960,0,-11.189
961,0,-15.662
962,0,-17.614
963,0,-15.279
964,0,7.795
965,0,-13.086
966,0,-12.999
967,0,-6.506
968,0,-5.734
969,0,-1.968
970,0,-17.762
971,0,-6.491
972,0,6.152
973,1,17.709
974,0,4.273
975,0,1.952
976,0,-2.28
977,1,8.77
978,0,-8.348
979,0,-9.714
980,0,-26.88
981,0,-2.302
982,0,-6.088
983,0,10.007
984,0,0.422000000000001
985,0,-7.712
986,0,-2.128
987,0,8.458
988,0,14.964
989,0,-0.409
990,0,-10.326
991,0,-18.711
992,1,7.795
993,1,10.212
994,0,-23.415
995,0,-10.908
996,0,19.617
997,0,-10.299
998,0,-12.993
999,0,9.119
1000,1,-28.785
