Subj,Class,risk_2d
1,1,7.272
2,1,-21.039
3,1,27.814
4,1,-0.04
5,1,5.67
6,1,-17.511
7,1,14.539
8,1,-8.549
9,1,11.716
10,1,6.23
11,1,23.232
12,1,-5.24
13,1,24.965
14,1,13.027
15,1,12.146
16,1,-21.146
17,1,26.064
18,1,-10.69
19,1,7.2
20,1,-10.471
21,1,6.088
22,1,-0.288
23,1,8.908
24,1,-4.769
25,1,-14.305
26,1,-6.453
27,1,12.437
28,1,-5.254
29,1,4.907
30,1,-13.811
31,1,17.557
32,1,-8.837
33,1,-9.34
34,1,30.438
35,1,-4.001
36,1,2.598
37,1,-13.432
38,1,-20.565
39,1,38.752
40,1,-7.868
41,1,10.161
42,1,18.726
43,1,33.337
44,1,-1.697
45,1,-3.469
46,1,3.237
47,1,9.184
48,1,-17.249
49,1,17.731
50,1,-4.274
51,1,0.615
52,1,4.719
53,1,-0.797999999999998
54,1,-9.34
55,1,-11.987
56,1,-0.952999999999999
57,1,1.876
58,1,3.839
59,1,5.037
60,1,-3.372
61,1,35.607
62,1,-9.825
63,1,16.867
64,1,-4.572
65,1,6.368
66,1,-17.962
67,1,4.114
68,1,36.371
69,1,-22.519
70,1,-9.207
71,1,15.808
72,1,-8.793
73,1,4.561
74,1,-9.932
75,1,9.333
76,1,-10.661
77,1,4.142
78,1,28.614
79,1,1.722
80,1,3.419
81,1,-13.811
82,1,1.652
83,0,18.554
84,0,13.79
85,0,48.42
86,0,-20.977
87,0,4.561
88,0,1.84
89,0,7.452
90,1,11.286
91,0,-6.011
92,1,18.282
93,1,0.667999999999999
94,1,-20.161
95,1,-12.128
96,1,13.464
97,1,4.512
98,1,0.834
99,1,26.517
100,1,28.267
101,1,-1.8
102,1,-16.361
103,1,16.249
104,1,23.98
105,1,-12.3
106,1,23.5
107,1,-15.756
108,1,-2.185
109,1,7.758
110,1,0.689
111,1,14.986
112,1,-22.263
113,1,27.814
114,1,4.97
115,1,-2.995
116,1,-7.199
117,1,19.407
118,1,-8.327
119,1,-2.132
120,1,-16.665
121,1,1.821
122,1,22.597
123,1,2.878
124,1,38.25
125,1,3.718
126,1,16.183
127,1,1.169
128,1,13.257
129,1,4.431
130,1,5.183
131,1,-7.485
132,1,-6.74
133,1,5.574
134,1,1.413
135,1,36.01
136,1,-11.877
137,1,-4.736
138,1,-11.987
139,1,-6.686
140,1,30.438
141,1,14.5
142,1,-6.682
143,1,-4.104
144,1,-20.985
145,1,-7.199
146,1,1.158
147,1,3.462
148,1,1.326
149,1,21.833
150,1,2.693
151,1,0.682000000000001
152,1,-7.699
153,1,-17.421
154,1,-16.603
155,1,-3.857
156,1,2.693
157,1,0.505
158,1,-17.248
159,1,-8.223
160,1,15.895
161,1,-0.822999999999999
162,1,3.013
163,1,5.741
164,1,-16.216
165,1,-16.788
166,1,16.693
167,1,-7.485
168,1,-17.808
169,1,23.491
170,1,-9.437
171,1,-3.838
172,1,17.154
173,1,-13.806
174,1,2.634
175,1,5.681
176,1,-6.898
177,1,-7.409
178,1,-5.727
179,1,-12.61
180,1,16.455
181,1,11.764
182,1,8.908
183,1,41.906
184,1,5.037
185,1,12.988
186,1,14.944
187,1,1.004
188,1,2.197
189,1,4.561
190,1,9.713
191,1,-8.304
192,1,15.463
193,1,31.627
194,1,27.889
195,1,-10.467
196,1,-15.644
197,1,-7.132
198,1,26.551
199,1,8.937
200,1,2.856
201,1,-0.04
202,1,4.23
203,1,-3.497
204,1,-5.632
205,1,23.337
206,1,16.824
207,1,24.65
208,1,-10.232
209,1,-12.391
210,1,-13.864
211,1,-1.756
212,1,1.15
213,1,-4.583
214,1,27.434
215,1,-8.632
216,1,-3.298
217,1,-3.695
218,1,-8.904
219,1,8.359
220,1,-9.643
221,1,26.915
222,1,2.852
223,1,-16.788
224,1,-20.985
225,1,-7.64
226,1,-8.441
227,1,-7.873
228,1,-4.583
229,1,12.988
230,1,27.63
231,1,2.798
232,1,-5.632
233,1,35.09
234,1,8.517
235,1,-10.918
236,1,18.04
237,1,2.417
238,1,-12.337
239,1,40.919
240,1,-0.822999999999999
241,1,-12.643
242,1,23.337
243,1,23.633
244,0,4.743
245,0,-0.535999999999999
246,0,-2.618
247,0,27.121
248,0,-12.551
249,0,-9.813
250,0,-1.555
251,0,-4.747
252,0,11.079
253,0,5.712
254,0,7.301
255,0,-5.934
256,0,-5.199
257,0,2.25
258,0,13.106
259,0,13.583
260,0,11.167
261,0,11.286
262,0,-7.717
263,0,-4.588
264,0,9.68
265,0,-6.993
266,0,8.937
267,0,-11.648
268,0,-3.039
269,1,28.614
270,0,10.579
271,0,2.16
272,0,-9.932
273,0,9.413
274,0,1.722
275,0,-9.38
276,0,6.65
277,0,-16.221
278,0,1.568
279,0,-4.874
280,0,-6.288
281,0,15.625
282,0,14.048
283,0,-1.218
284,0,-14.898
285,0,22.443
286,0,17.725
287,0,-7.64
288,0,-17.155
289,0,10.867
290,0,-3.373
291,0,-18.101
292,1,22.756
293,0,2.028
294,0,-7.717
295,0,11.953
296,0,-5.864
297,0,-10.31
298,0,13.547
299,0,8.632
300,0,3.419
301,0,-8.156
302,0,13.464
303,0,-6.884
304,0,-25.314
305,0,-21.927
306,0,38.035
307,0,2.852
308,0,42.84
309,0,-21.927
310,0,9.184
311,0,6.368
312,1,5.695
313,0,-13.769
314,0,21.428
315,0,30.698
316,0,-11.632
317,0,-8.08
318,1,18.748
319,0,26.949
320,0,3.998
321,0,5.366
322,0,18.222
323,0,-14.363
324,0,17.97
325,0,1.334
326,0,-0.203999999999999
327,1,18.075
328,0,-4.168
329,0,4.908
330,1,1.511
331,0,6.624
332,0,3.419
333,0,-27.71
334,0,14.811
335,0,14.763
336,0,-6.182
337,0,36.807
338,0,-2.854
339,1,11.261
340,0,8.786
341,0,12.988
342,0,7.318
343,0,-10.035
344,1,20.08
345,0,-12.643
346,0,26.154
347,0,-0.469000000000001
348,0,2.466
349,0,-18.489
350,0,26.423
351,0,38.035
352,0,7.065
353,0,-11.67
354,0,-5.982
355,0,11.716
356,0,-8.105
357,0,3.081
358,0,13.26
359,0,4.1
360,0,11.674
361,0,-20.998
362,0,2.729
363,0,18.153
364,0,4.733
365,0,23.232
366,0,15.356
367,0,6.508
368,0,2.816
369,0,2.459
370,0,-1.109
371,0,-19.71
372,0,-6.901
373,0,-19.391
374,0,19.699
375,0,23.344
376,0,6.253
377,0,8.839
378,1,9.34
379,0,14.343
380,0,21.411
381,0,-7.466
382,0,-16.022
383,0,16.256
384,0,23.987
385,0,24.005
386,0,25.569
387,0,-6.687
388,0,-22.519
389,0,11.144
390,1,5.103
391,0,18.837
392,0,25.177
393,0,-12.11
394,0,-13.811
395,0,7.038
396,0,14.048
397,1,12.266
398,0,13.257
399,0,20.096
400,0,-15.161
401,0,20.231
402,0,-12.724
403,0,5.829
404,0,12.816
405,0,-12.188
406,0,18.317
407,0,20.56
408,0,5.997
409,0,-8.598
410,0,-11.736
411,0,7.086
412,0,7.322
413,0,3.031
414,0,3.993
415,0,-5.558
416,0,20.388
417,0,4.218
418,0,49.502
419,0,-6.74
420,0,1.89
421,0,11.043
422,0,-3.039
423,0,-0.487000000000001
424,0,-3.82
425,0,-7.269
426,0,5.67
427,0,33.394
428,0,-3.838
429,0,12.706
430,0,-12.982
431,0,4.915
432,0,-3.465
433,0,-13.159
434,0,14.353
435,0,31.98
436,0,13.26
437,0,-15.756
438,0,22.443
439,0,-8.549
440,0,9.378
441,0,-6.39
442,0,15.895
443,0,0.258
444,0,-11.173
445,0,-2.788
446,0,-7.715
447,0,-9.123
448,0,-13.37
449,0,4.298
450,0,-24.972
451,0,1.41
452,0,15.252
453,0,-22.269
454,0,8.172
455,0,-15.912
456,0,6.564
457,0,42.617
458,0,9.239
459,0,2.729
460,0,-9.918
461,0,6.93
462,0,4.471
463,0,-5.982
464,0,25.382
465,0,-6.884
466,1,9.574
467,0,-2.694
468,0,-16.449
469,0,13.292
470,0,-24.457
471,0,-19.641
472,0,-15.262
473,0,23.438
474,0,5.025
475,0,-4.966
476,0,-30.188
477,0,5.331
478,0,-11.648
479,0,-1.256
480,1,24.758
481,0,-16.861
482,0,0.262
483,0,26.915
484,0,7.171
485,0,-9.741
486,0,-17.195
487,0,9.19
488,0,-15.756
489,0,18.486
490,0,-16.861
491,0,-3.013
492,0,3.33
493,0,5.588
494,0,17.532
495,0,7.37
496,0,-5.254
497,0,1.158
498,0,-3.298
499,0,12.816
500,0,-5.401
