Subj,Class,risk_2d
1,1,11.57
2,1,23.289
3,1,21.418
4,0,9.291
5,0,7.473
6,1,-0.632
7,0,-3.107
8,1,11.99
9,1,11.945
10,1,-3.018
11,0,0.00499999999999989
12,1,0
13,0,6.887
14,1,10.36
15,1,-11.859
16,1,6.577
17,1,8.799
18,0,3.377
19,0,0.705
20,1,4.853
21,0,5.55
22,0,6.992
23,0,-0.732
24,1,17.871
25,0,9.965
26,0,9.947
27,0,0.00499999999999989
28,0,-4.069
29,0,-19.463
30,0,-8.634
31,1,6.992
32,0,3.886
33,1,-14.307
34,0,0.248
35,0,-14.325
36,1,13.43
37,1,5.061
38,1,0
39,0,-21.256
40,0,5.462
41,0,3.377
42,0,6.649
43,1,-7.096
44,1,-0.521
45,1,10.041
46,1,-3.627
47,0,-12.861
48,0,5.605
49,0,-9.186
50,0,7.128
51,1,-7.096
52,1,6.593
53,0,-11.349
54,0,-2.867
55,0,9.147
56,1,2.131
57,0,6.14
58,1,-2.601
59,0,-0.894
60,0,18.341
61,1,15.987
62,1,6.14
63,0,-1.322
64,0,-16.596
65,1,12.101
66,0,-6.753
67,1,-3.229
68,0,-5.894
69,0,8.995
70,0,15.132
71,1,17.013
72,0,2.04
73,0,-8.133
74,0,4.785
75,0,-10.619
76,1,-19.463
77,0,16.809
78,1,3.437
79,0,-2.402
80,1,24.754
81,0,22.39
82,0,9.412
83,1,7.967
84,1,-0.864
85,0,-16.434
86,1,15.987
87,1,-8.148
88,1,6.484
89,1,18.358
90,1,17.441
91,0,3.886
92,0,-5.584
93,0,0.706
94,1,3.581
95,1,6.232
96,1,-0.262
97,1,-12.272
98,1,19.159
99,1,1.63
100,1,-0.334999999999998
101,1,5.775
102,1,-9.604
103,0,1.487
104,0,3.377
105,0,3.541
106,1,10.456
107,0,-3.111
108,1,3.006
109,0,28.088
110,1,-1.676
111,0,-11.389
112,1,-6.127
113,0,0.258
114,0,0.515
115,0,-0.864
116,1,16.597
117,1,3.106
118,1,-5.527
119,0,8.652
120,1,-14.776
121,0,-17.42
122,1,6.898
123,0,4.464
124,0,-2.763
125,0,-15.56
126,0,7.913
127,0,1.122
128,0,-4.1
129,1,2.669
130,1,5.884
131,0,8.995
132,1,13.574
133,0,22.113
134,1,-9.859
135,1,16.871
136,1,-9.878
137,1,-4.424
138,1,15.061
139,0,-9.859
140,0,0.186
141,0,-19.463
142,1,8.995
143,1,9.001
144,0,7.253
145,0,-19.463
146,1,-4.101
147,1,14.322
148,0,8.995
149,1,13.016
150,1,6.141
151,0,-1.476
152,0,-5.639
153,0,5.789
154,0,6.14
155,1,5.775
156,1,9.291
157,1,2.679
158,1,15.648
159,1,2.665
160,0,5.061
161,1,-15.86
162,0,2.225
163,1,0.139
164,0,-11.18
165,0,-5.542
166,0,-19.463
167,1,2.669
168,0,-6.393
169,0,-6.344
170,1,13.585
171,1,22.578
172,0,-4.456
173,0,-15.993
174,1,3.106
175,1,0
176,1,13.132
177,1,15.987
178,1,-1.036
179,0,12.528
180,1,6.575
181,0,-11.443
182,0,0
183,1,0.427000000000001
184,0,2.769
185,1,-9.859
186,0,-10.205
187,0,-11.112
188,0,-8.194
189,1,0
190,1,-9.859
191,0,17.863
192,1,0.130999999999999
193,1,-8.147
194,1,6.296
195,0,-6.288
196,1,-10.911
197,1,0.673
198,0,3.006
199,1,4.241
200,0,17.906
201,0,22.093
202,1,0.983
203,1,16.946
204,0,-11.397
205,1,8.996
206,0,-3.395
207,0,10.369
208,1,-3.727
209,0,-5.551
210,1,12.528
211,0,2.705
212,0,-6.326
213,1,0
214,1,1.479
215,0,1.111
216,1,9.339
217,1,9.755
218,1,6.14
219,1,3.106
220,0,-3.846
221,1,11.193
222,0,-11.389
223,1,7.258
224,1,7.604
225,1,3.437
226,0,2.699
227,0,6.14
228,1,26.202
229,1,14.996
230,0,4.132
231,0,-2.755
232,0,-7.895
233,1,1.422
234,1,21.857
235,1,-11.397
236,1,-0.864
237,1,-2.764
238,0,3.533
239,1,12.528
240,0,7.309
241,1,8.995
242,0,-11.232
243,0,-2.289
244,0,-6.127
245,1,22.575
246,0,12.528
247,0,6.14
248,0,21.914
249,0,16.509
250,0,29.574
251,1,8.568
252,0,-2.86
253,1,3.51
254,1,10.369
255,0,2.54
256,0,6.232
257,0,-2.289
258,0,0
259,0,8.995
260,1,8.527
261,0,1.72
262,0,-3.834
263,0,12.002
264,0,-4.089
265,1,3.377
266,0,-7.641
267,0,-11.397
268,1,9.773
269,0,-11.397
270,1,12.528
271,0,-1.118
272,0,6.14
273,1,3.735
274,0,-3.899
275,0,9.947
276,0,-1.917
277,1,-9.061
278,1,14.048
279,1,21.284
280,0,8.995
281,0,19.017
282,1,19.52
283,0,11.945
284,0,-6.992
285,0,10.842
286,1,17.859
287,0,-11.174
288,1,-1.788
289,1,10.868
290,1,1.241
291,0,-11.759
292,0,0.00499999999999989
293,1,-11.397
294,1,-3.291
295,1,8.995
296,1,3.533
297,1,-20.697
298,1,2.003
299,0,-9.859
300,0,-18.172
301,0,-21.753
302,1,3.377
303,1,22.478
304,1,12.528
305,0,2.845
306,1,0.475
307,0,17.563
308,0,-8.343
309,1,6.14
310,0,-1.855
311,1,-0.527
312,1,19.182
313,1,6.345
314,1,3.106
315,0,-10.492
316,0,12.754
317,0,-9.604
318,0,8.995
319,1,-9.604
320,0,-9.859
321,1,6.905
322,0,0.666
323,1,-5.165
324,1,-1.788
325,0,15.987
326,0,-15.583
327,1,7.821
328,1,16.233
329,0,3.377
330,0,-5.551
331,1,12.876
332,0,-19.464
333,0,9.765
334,0,-7.16
335,1,-22.859
336,0,2.003
337,0,3.533
338,1,6.14
339,1,13.369
340,0,-1.663
341,1,19.808
342,1,4.15
343,0,7.507
344,0,-3.284
345,0,-17.629
346,1,12.862
347,0,-7.091
348,0,5.536
349,1,8.344
350,1,13.737
351,1,-9.859
352,0,14.864
353,1,15.648
354,0,6.506
355,1,12.885
356,1,12.605
357,0,-1.924
358,0,16.204
359,1,10.515
360,1,2.664
361,1,17.703
362,1,10.021
363,0,-11.397
364,1,6.931
365,1,9.899
366,1,10.237
367,1,14.754
368,1,11.205
369,1,9.92
370,1,8.995
371,0,-17.42
372,1,6.297
373,1,2.764
374,1,6.905
375,0,1.711
376,0,-0.0790000000000002
377,1,-2.159
378,0,-0.621
379,0,-14.172
380,0,9.824
381,0,13.591
382,1,3.824
383,0,-8.314
384,0,-12.947
385,0,22.527
386,1,-11.397
387,1,8.995
388,0,-3.016
389,0,-1.373
390,0,-9.096
391,1,0.673
392,0,12.109
393,1,6.14
394,0,1.518
395,1,12.46
396,0,0
397,0,-6.393
398,1,12.869
399,0,21.877
400,1,15.011
401,0,16.139
402,1,12.762
403,1,3.377
404,0,5.303
405,1,-12.261
406,0,11.539
407,0,-3.93
408,0,3.881
409,0,-5.047
410,1,0
411,1,-1.036
412,1,10.476
413,0,-5.551
414,0,4.993
415,1,-5.165
416,0,6.14
417,0,-3.533
418,0,6.297
419,1,0.00800000000000001
420,1,6.892
421,1,21.758
422,1,16.7
423,1,12.249
424,1,8.457
425,0,0.00499999999999989
426,1,-7.073
427,1,0.770000000000001
428,0,4.713
429,0,-8.737
430,1,19.726
431,0,4.212
432,1,3.142
433,1,8.568
434,0,2.54
435,0,-7.319
436,0,-2.612
437,0,6.892
438,1,1.477
439,0,-10.271
440,1,-0.863
441,0,19.886
442,1,6.232
443,1,9.571
444,1,8.995
445,0,6.14
446,0,0
447,0,0.396000000000002
448,0,6.841
449,1,26.957
450,0,18.119
451,1,0.427000000000001
452,0,2.131
453,1,0
454,1,0
455,0,-3.416
456,1,0.00800000000000001
457,0,-9.859
458,0,-7.808
459,0,-10.492
460,1,12.528
461,1,2.143
462,1,0.00499999999999989
463,0,2.003
464,1,-9.883
465,1,5.664
466,0,-17.178
467,0,-1.334
468,0,8.995
469,0,6.214
470,0,-19.463
471,1,12.492
472,1,10.117
473,0,-10.911
474,1,3.377
475,1,0.343
476,0,11.99
477,1,8.995
478,1,6.14
479,1,16.951
480,0,-10.526
481,0,0.673
482,0,-11.397
483,0,18.185
484,0,-11.397
485,1,-3.016
486,0,10.369
487,1,6.14
488,1,8.995
489,0,2.769
490,0,0
491,1,-0.864
492,1,1.8
493,1,25.445
494,0,4.186
495,0,-19.463
496,1,-9.604
497,1,-25.943
498,0,3.377
499,1,25.485
500,0,-12.471
501,1,6.14
502,1,-6.393
503,1,0.673
504,1,26.567
505,1,8.605
506,0,20.842
507,1,0
508,1,17.76
509,0,0.251
510,0,2.043
511,0,11.231
512,0,16.623
513,0,-19.463
514,0,-6.467
515,1,17.86
516,1,-5.527
517,0,-5.627
518,0,21.293
519,0,-11.443
520,1,3.468
521,0,-10.402
522,0,-16.596
523,1,12.554
524,1,3.533
525,1,-16.252
526,1,9.198
527,0,-5.781
528,1,19.093
529,0,0
530,0,-2.755
531,1,3.041
532,0,-4.81
533,1,8.881
534,0,-0.76
535,0,-6.326
536,1,-7.978
537,1,9.92
538,1,0
539,1,6.14
540,1,1.541
541,0,6.141
542,0,15.535
543,1,-3.686
544,1,1.477
545,1,34.129
546,0,5.781
547,0,-11.397
548,1,14.808
549,1,3.843
550,1,12.141
551,0,8.807
552,1,24.448
553,1,1.7
554,1,-0.862
555,0,-3.846
556,1,9.755
557,0,6.575
558,0,-15.456
559,1,-0.632
560,1,-1.53
561,0,-3.696
562,1,-19.463
563,1,-0.521
564,1,-11.397
565,1,11.945
566,1,0.673
567,0,-13.024
568,1,6.14
569,0,-9.604
570,0,-0.667
571,0,3.377
572,1,-2.111
573,1,9.338
574,0,28.26
575,0,3.377
576,1,-13.024
577,0,18.185
578,0,2.96
579,0,6.575
580,1,8.995
581,1,16.206
582,0,-6.487
583,1,9.28
584,1,-7.827
585,0,-2.715
586,1,7.473
587,1,9.669
588,0,-9.604
589,1,-2.336
590,0,5.789
591,0,13.288
592,0,-5.369
593,0,3.377
594,0,12.619
595,1,8.995
596,0,4.701
597,1,5.664
598,0,8.995
599,1,2.131
600,1,0.00499999999999989
601,1,15.061
602,0,1.122
603,0,9.965
604,0,-3.615
605,1,13.224
606,1,11.648
607,0,2.003
608,0,-3.095
609,1,-12.261
610,1,8.995
611,1,-4.224
612,1,10.369
613,1,6.631
614,0,8.329
615,1,5.513
616,0,-14.095
617,0,8.539
618,0,13.897
619,1,-9.604
620,0,-19.463
621,0,-7.675
622,1,-11.397
623,1,-1.036
624,1,-11.397
625,0,15.523
626,0,5.435
627,0,6.383
628,0,6.63
629,1,-1.315
630,0,8.995
631,0,4.224
632,0,3.976
633,1,18.329
634,1,4.656
635,0,2.453
636,0,3.254
637,1,12.101
638,0,-1.675
639,1,10.056
640,0,0.00800000000000001
641,1,-7.977
642,1,-4.809
643,1,-2.612
644,1,19.726
645,1,-22.721
646,1,-5.527
647,0,-2.612
648,0,-11.252
649,1,14.303
650,0,-13.706
651,1,3.106
652,1,-3.881
653,1,6.383
654,1,-15.278
655,1,16.963
656,0,-9.186
657,0,-4.809
658,1,0.673
659,0,-6.35
660,0,9.339
661,1,27.285
662,0,3.377
663,1,-5.889
664,0,12.885
665,0,6.631
666,0,8.652
667,1,15.988
668,0,-7.16
669,0,-11.551
670,1,21.514
671,1,-7.03
672,0,-17.309
673,1,4.186
674,1,2.669
675,1,-10.138
676,1,-17.629
677,0,0
678,0,5.55
679,0,8.813
680,1,-3.21
681,0,0.673
682,0,9.135
683,0,-6.393
684,0,6.992
685,1,2.441
686,1,-11.859
687,1,-3.396
688,0,-6.992
689,0,-12.862
690,1,8.995
691,1,5.462
692,0,7.816
693,1,6.14
694,0,10.525
695,0,-12.261
696,1,-18.25
697,1,5.303
698,0,1.079
699,0,4.404
700,1,-4.293
701,1,5.758
702,0,13.343
703,1,22.232
704,1,5.758
705,1,20.233
706,1,0.00499999999999989
707,0,14.996
708,1,14.439
709,1,5.733
710,1,9.92
711,0,-3.533
712,0,-0.0660000000000007
713,0,-12.183
714,1,-1.122
715,0,-2.86
716,1,13.133
717,0,12.62
718,1,-2.755
719,1,-0.852
720,0,-9.604
721,0,-16.851
722,0,5.986
723,0,-0.76
724,1,0.673
725,1,1.154
726,1,-0.863
727,1,0
728,0,-0.621
729,0,6.992
730,1,-2.402
731,0,-1.663
732,0,-8.521
733,0,2.256
734,1,15.648
735,1,24.181
736,1,3.377
737,0,31.907
738,0,1.881
739,0,11.99
740,0,17.563
741,1,10.525
742,1,8.995
743,1,6.141
744,0,3.881
745,0,-17.213
746,1,-5.047
747,0,-11.397
748,0,13.26
749,1,8.542
750,0,-14.152
751,0,26.909
752,0,-3.372
753,0,-0.373
754,1,19.395
755,0,6.992
756,1,-3.139
757,1,10.853
758,1,0.00499999999999989
759,1,8.995
760,0,-10.911
761,1,11.655
762,0,-9.604
763,0,-3.627
764,0,-6.945
765,0,-9.604
766,1,-9.859
767,1,7.258
768,1,-5.65
769,1,4.692
770,1,16.233
771,0,6.14
772,1,-19.463
773,1,-5.639
774,0,-5.035
775,0,-19.463
776,0,16.957
777,1,11.899
778,1,13.237
779,0,15.061
780,0,-17.629
781,1,14.334
782,0,15.987
783,1,-9.604
784,1,-8.382
785,0,4.956
786,1,5.11
787,0,-6.326
788,0,-3.846
789,1,-2.289
790,1,20.335
791,1,-9.604
792,0,-14.438
793,1,12.528
794,0,-16.438
795,0,-8.257
796,1,8.995
797,0,5.789
798,1,19.726
799,0,2.763
800,0,6.694
801,1,14.677
802,0,-6.326
803,0,0
804,1,-9.604
805,0,-3.627
806,0,12.291
807,0,-9.604
808,0,-0.864
809,0,0.934
810,0,2.742
811,0,-8.391
812,1,33.061
813,1,17.68
814,0,8.996
815,0,-5.153
816,1,6.833
817,1,12.055
818,1,11.945
819,1,-1.078
820,1,12.663
821,0,-1.646
822,1,6.14
823,0,6.992
824,1,10.525
825,0,-1.477
826,1,2.763
827,1,16.963
828,1,6.819
829,0,-4.397
830,1,8.995
831,0,16.593
832,1,2.764
833,0,19.715
834,0,-7.516
835,0,3.254
836,0,-9.604
837,1,3.533
838,1,15.565
839,1,21.933
840,0,-0.77
841,1,-11.397
842,0,-3.906
843,1,9.147
844,1,3.041
845,1,8.995
846,1,5.664
847,1,-0.00699999999999967
848,1,1.079
849,0,-1.433
850,0,0.705
851,0,6.232
852,1,8.568
853,1,6.232
854,0,8.995
855,1,13.343
856,0,6.841
857,1,3.377
858,1,19.575
859,0,6.892
860,0,3.377
861,1,23.24
862,1,9.13
863,1,-9.604
864,0,3.541
865,1,12.485
866,1,12.668
867,1,-0.343
868,1,8.995
869,0,-9.859
870,1,-5.153
871,0,8.995
872,1,6.14
873,1,0.76
874,0,24.442
875,1,20.392
876,0,-7.095
877,1,13.574
878,0,0.00499999999999989
879,0,-4.579
880,0,6.14
881,1,-5.781
882,1,22.25
883,0,14.8
884,0,0.343
885,0,-1.143
886,0,-6.992
887,0,-0.864
888,0,-17.42
889,0,-1.088
890,1,20.233
891,1,12.725
892,1,1.079
893,1,-4.101
894,0,1.518
895,1,27.714
896,1,-9.859
897,1,-9.859
898,0,-3.627
899,1,7.793
900,0,10.117
901,1,-10.882
902,0,0
903,0,-24.515
904,0,15.583
905,1,0.343
906,0,-2.561
907,0,-6.987
908,1,22.593
909,0,6.296
910,1,11.166
911,1,-4.239
912,1,-2.86
913,0,-0.488
914,0,2.746
915,1,18.729
916,1,0.863
917,1,0
918,1,-12.261
919,0,-12.248
920,1,-11.332
921,0,3.468
922,1,6.14
923,0,-13.693
924,0,6.14
925,0,-14.414
926,0,0.00499999999999989
927,1,35.83
928,1,18.739
929,0,-21.646
930,0,-11.18
931,0,-4.182
932,0,-7.895
933,1,-14.152
934,0,22.575
935,0,-6.319
936,1,6.301
937,0,0.754999999999999
938,1,0.705
939,1,15.008
940,0,4.186
941,1,-10.526
942,0,3.377
943,0,-0.864
944,0,-14.911
945,1,-16.115
946,1,0.991
947,1,32.297
948,1,14.221
949,0,18.389
950,0,-2.041
951,0,19.715
952,0,-0.864
953,1,12.874
954,0,6.546
955,0,-2.194
956,1,19.575
957,0,5.061
958,1,-3.727
959,0,-21.889
960,1,-6.63
961,0,3.533
962,0,4.128
963,1,8.995
964,0,12.619
965,1,8.995
966,0,19.457
967,0,35.952
968,0,-11.859
969,1,10.369
970,0,18.729
971,1,-12.261
972,0,-12.018
973,1,22.579
974,0,-5.384
975,0,-7.811
976,0,5.758
977,1,-9.604
978,1,-12.719
979,0,-11.174
980,1,21.401
981,1,9.287
982,0,-9.604
983,0,-0.864
984,0,6.232
985,0,1.122
986,1,-2.289
987,0,3.651
988,1,-4.101
989,0,-7.641
990,1,11.57
991,1,3.986
992,1,-8.173
993,0,-9.604
994,1,-0.343
995,1,6.443
996,1,5.763
997,0,-4.416
998,1,15.987
999,0,-19.463
1000,1,2.699
