Subj,Class,risk_ori
1,1,-0.0201030116119572
2,1,0.624115253827689
3,1,0.867800776854548
4,1,0.169347319402696
5,1,0.611043072188411
6,1,0.323193611530838
7,1,0.416936360487834
8,1,0.366658786854102
9,1,0.488527824153477
10,1,0.34348793281788
11,1,0.539797641549265
12,1,1.23717911606335
13,1,-0.272742923910889
14,1,-0.0708821950014443
15,1,0.759264023438487
16,1,0.386707305897143
17,0,-0.169635254818653
18,1,0.604561343390066
19,1,0.399440575423854
20,1,0.465336388788939
21,1,0.1639093248357
22,1,0.312245353332477
23,1,0.232939904954477
24,0,-0.0832898888899226
25,1,0.54498255969661
26,1,0.507097350655502
27,0,-0.153985044843725
28,1,0.567772995759065
29,1,0.233508496862079
30,1,0.356863921312682
31,1,0.485754636694828
32,1,0.0272528869410188
33,1,0.429733067964115
34,0,-0.334547276728082
35,0,-0.0349092934996658
36,1,0.0670078263927022
37,0,-0.0850146836749401
38,1,-0.046344116307855
39,1,0.174842307476499
40,1,0.145766146400172
41,1,0.351173093601475
42,1,0.451679136039093
43,1,0.354821825039233
44,1,0.499019005491875
45,1,0.189834493433326
46,0,-0.0131283129354507
47,1,0.314034434057299
48,1,-0.037356969031053
49,1,-0.483466324699789
50,1,0.68777279055534
51,1,0.0196679569399205
52,1,-0.499395500605183
53,1,0.191228436301805
54,0,-0.034845524959786
55,1,0.471760112975762
56,1,1.16124242275856
57,1,0.454451840666093
58,1,-0.207425543574091
59,1,1.06280485913936
60,1,0.103060437577741
61,1,0.955573732169872
62,1,0.0527835295298285
63,0,-0.457921018400944
64,1,0.0215142318333125
65,0,-0.12346299644848
66,1,0.381094234392887
67,1,0.210751559131843
68,0,-0.41027523637499
69,1,0.00513112538276828
70,1,-0.191516554122178
71,1,0.787338425794793
72,1,0.492935974342274
73,1,-0.221072072994497
74,1,0.180408691168935
75,1,0.846832919849134
76,1,0.184545216642648
77,1,1.08793395080764
78,1,0.929964657331147
79,0,-0.170014451531615
80,1,0.595714639739781
81,1,0.410742409444818
82,1,0.70380219724323
83,0,0.0689703611687848
84,1,0.660498622481664
85,0,-0.326521393414817
86,1,0.491981386265723
87,1,0.10017213865387
88,1,1.00192997772048
89,0,-0.50237739222927
90,1,0.412676785877957
91,1,0.407033109520285
92,1,0.532719949619584
93,1,0.476985103826635
94,1,-0.287739206349977
95,1,0.0286520818419608
96,1,0.368089340151093
97,1,0.302241783625618
98,0,0.0177989263336845
99,0,-0.12485693931696
100,1,0.598053329564128
101,0,-0.278560054319822
102,1,-0.441878634480071
103,1,-0.00501765207559407
104,1,0.457648929680766
105,0,-0.374820491129085
106,1,0.140966803811454
107,1,1.28461921629863
108,0,-0.258676051999082
109,1,0.2467438298335
110,1,-0.0106323805644533
111,1,0.0210909061415779
112,1,0.19845478513678
113,1,0.669685958298147
114,1,0.599465589654867
115,1,0.745007756332038
116,1,0.400003008844395
117,1,-0.494251307625958
118,1,0.106381453211261
119,1,0.45283374039627
120,1,1.00478263222889
121,1,-0.406152235026634
122,0,-0.2838493311105
123,1,0.420268442491705
124,1,0.0581162697134606
125,1,0.94944406706666
126,1,0.557374924289234
127,1,0.322124937956124
128,1,0.206862799580955
129,1,-0.118353565675957
130,0,-0.356348748899084
131,1,0.451160919554138
132,1,0.724653794365953
133,1,0.706133612891926
134,1,0.0352870446615082
135,1,0.766984463828708
136,1,0.216446026796412
137,1,-0.630532188761039
138,1,-0.79629385493625
139,1,0.650163535272449
140,1,0.927098296292961
141,0,0.0115107205908184
142,1,0.188564328997799
143,0,0.0372777377805342
144,1,0.679709626501673
145,1,0.074954730563679
146,1,0.334078825239502
147,1,0.580629980007758
148,1,0.357366196654256
149,1,1.13853697613956
150,0,-0.273450623547299
151,1,0.874433205206809
152,1,1.04083524341393
153,1,0.15853239720893
154,1,0.13715337324698
155,1,-0.404158577997211
156,1,0.277447701227161
157,1,0.413115263187203
158,1,0.264226820068912
159,1,1.03287315813299
160,0,-0.210326666818979
161,1,0.622426403885364
162,1,0.219159573576019
163,1,0.842191002211483
164,0,-0.228254110446283
165,1,-0.328072061430023
166,1,0.636816553110825
167,1,0.68639402879682
168,1,0.793970854147054
169,1,0.897347567888112
170,1,0.625589328981999
171,1,0.793857740579177
172,1,0.320649939720155
173,1,0.176453864753588
174,1,0.341670664257666
175,1,-0.45925067532962
176,1,0.327853751943146
177,1,0.395642991555158
178,1,0.535512628453446
179,1,0.381533589184816
180,1,0.251964209991886
181,1,0.201686636358155
182,1,-0.366807614541253
183,1,0.564822345081764
184,1,-0.0924531942242988
185,1,0.780952287594009
186,1,0.0277233639862882
187,1,0.626502771280109
188,1,0.747785589051449
189,1,0.436791356475396
190,1,0.624034938787691
191,1,0.195601948223951
192,0,-0.108039118259423
193,1,0.828926633414436
194,1,1.00206908544928
195,1,-0.165793665911235
196,1,0.891154282430915
197,1,0.0371333195549002
198,1,-0.736103532992408
199,1,0.193640261438103
200,1,0.277024375535427
201,1,0.852197718233154
202,1,0.39421488476864
203,1,-0.0813716654970286
204,1,0.882524557095869
205,1,1.15893919494525
206,1,-0.0850789696147445
207,1,-0.124387462503265
208,1,-0.0335153506311861
209,0,-0.390078699359971
210,1,0.0158865845758344
211,0,-0.0310947574491159
212,1,0.411392914912658
213,1,0.564791740228348
214,1,-0.516147182682705
215,1,0.0557334509103412
216,1,0.483890034376664
217,1,0.149495632778185
218,1,0.0566942269664022
219,1,0.414995194801222
220,1,-0.0396601968443574
221,1,-0.54736984642561
222,1,0.651312158728577
223,0,-0.609093854710356
224,1,0.323973659359989
225,1,-0.455396079696769
226,0,-0.512336774492992
227,1,0.884328301530726
228,1,0.433672618821899
229,1,0.557346100360472
230,1,0.677026147157842
231,1,-0.135964945036809
232,1,0.513824881697848
233,1,0.161103121876481
234,1,0.220553516444498
235,1,0.432654831001684
236,0,-0.234008070604
237,1,0.234822790276379
238,1,0.28660675476065
239,1,0.471776142075956
240,1,-0.105117355221854
241,1,0.728713027174429
242,0,-0.40389564116694
243,1,1.00016099549232
244,0,-0.38610784384443
245,1,-0.335990659072162
246,1,0.734521220254402
247,0,0.169569030293567
248,1,0.548323008240978
249,1,0.672885010991643
250,1,0.507502541529393
251,0,-0.0593714449181771
252,1,0.557314766210267
253,1,-0.238273650788971
254,1,0.517836780748374
255,1,0.335570034980081
256,0,-0.286701985618914
257,1,0.103707796730768
258,1,0.703941304972036
259,1,0.417554895712099
260,1,0.0725872168105702
261,1,0.226436531313474
262,1,0.578231861401233
263,0,-0.396271802412752
264,1,0.354495707755233
265,1,0.299966714155257
266,1,0.192261499679583
267,1,0.365235837652445
268,1,-0.502766554002967
269,1,0.144307252355822
270,1,0.627160795298211
271,1,0.611867307460699
272,1,0.20035697942948
273,1,0.575801813490279
274,1,0.0947945454412816
275,1,0.0174097645599881
276,1,0.0437014619673572
277,1,0.148161847988673
278,1,0.613166271579145
279,1,-0.0385428780459854
280,1,0.466763795771117
281,1,0.249660982178582
282,1,0.257594909116575
283,1,0.515079017033181
284,1,0.509998444407942
285,1,0.430203027609459
286,1,0.511707963635397
287,1,0.437359948382999
288,1,0.421691391693363
289,1,0.790630405602687
290,1,0.66638163735064
291,1,0.168001662866275
292,1,0.805276534287172
293,1,0.469991130747607
294,1,-0.0321319781801794
295,1,0.164221859529979
296,1,-0.137798213204769
297,0,-0.266833346812549
298,1,-0.187055582000261
299,1,-0.341713285079674
300,0,-0.181851230942068
301,1,-0.551634761024763
302,1,0.552149416038436
303,1,0.926202018073569
304,0,-0.0434269934552217
305,1,-0.370222884874623
306,1,0.272366428797582
307,1,0.667370571749644
308,1,0.222060667328458
309,1,0.179840947251566
310,1,-0.70447522503641
311,1,0.199415378788425
312,1,-0.0414646410835546
313,1,-0.378156782320167
314,1,-0.0507169284256604
315,1,0.619770024188538
316,1,0.238177902530783
317,1,0.127210020083453
318,1,0.50374087301094
319,1,0.832781229047287
320,1,0.0154312006837113
321,1,0.279664726132058
322,0,-0.0262795681646198
323,1,-0.0795585542901004
324,1,0.118209866081218
325,1,-0.51428328016888
326,1,-0.018771989293123
327,0,-0.2116622998303
328,1,0.428764955762207
329,0,0.0420280703367625
330,1,0.545517505086099
331,1,0.225475937661828
332,1,0.409399957687575
333,1,0.559192375253864
334,1,0.233849189899301
335,0,-0.0919791067181168
336,0,0.0642359697559371
337,1,0.533974784759257
338,1,0.113732647570284
339,1,0.689652722169358
340,1,0.144287153859156
341,0,-0.0439552334652761
342,1,0.278986062321275
343,1,-0.329812885315235
344,1,-0.571565397299113
345,0,-0.442723150653441
346,1,0.350525552044032
347,1,0.612278474417236
348,1,0.697322371252683
349,1,0.331595051603703
350,1,0.232924723844517
351,0,-0.228803719545807
352,0,-0.203289047592827
353,1,0.530352406374027
354,1,-0.281886796334418
355,1,0.347214139325291
356,1,0.855681885198816
357,1,0.121393072078935
358,1,-0.660770711201843
359,1,0.838604085837295
360,1,0.46058065777907
361,1,0.495580624489589
362,1,0.249173370547043
363,0,-0.240769765564384
364,1,1.11387194845236
365,1,-0.161802711899028
366,1,0.536499723463432
367,1,0.0267055761660725
368,1,0.269500767563736
369,1,0.0570644732291753
370,0,0.0793996735854018
371,1,0.487213348334762
372,1,0.0318310360387898
373,1,0.587998356702846
374,1,0.187462339495281
375,1,0.445919199798731
376,0,-0.350354911654077
377,1,-0.50628027419418
378,1,0.331611080703897
379,1,0.404290526915052
380,1,-0.0301907830011181
381,1,1.09067104523771
382,0,-0.159628721201397
383,1,0.403358757192169
384,0,-0.387775471546667
385,1,0.0210442721879677
386,1,1.19739517027849
387,1,0.415216905692092
388,0,0.166184394306061
389,1,0.0210909061415779
390,1,0.421675362593169
391,1,0.14759944406058
392,1,0.325026879698797
393,0,-0.0410541397128371
394,0,0.0410751392448144
395,1,0.946542973314221
396,1,0.0780982044921189
397,1,0.336366111909426
398,1,0.101148095819891
399,1,0.7007848436081
400,0,-0.180827016936437
401,1,-0.264808996972896
402,1,0.140006210159809
403,0,-0.0942823345314212
404,1,-0.149720130244572
405,1,0.0315209478549839
406,1,0.54210086936257
407,1,-0.901268388046048
408,1,0.584801967492513
409,1,0.96986231497255
410,0,-0.153985044843725
411,1,0.605124595308393
412,1,0.21448349202033
413,1,-0.0682977029330963
414,1,-0.429833638811654
415,1,0.394798657786203
416,1,0.202660207242784
417,1,-0.277147794229083
418,1,0.260529649387128
419,1,0.286557927132576
420,1,0.582403119589199
421,1,0.709034706644365
422,1,1.06370529471204
423,1,0.219283352008971
424,1,0.230022782101843
425,1,-0.455295848914273
426,1,0.359785684350251
427,1,0.075633394374462
428,1,-0.997418752952131
429,1,0.644035200991122
430,1,0.155191948664562
431,1,1.21445764034416
432,0,-0.204138691858609
433,1,-0.124012605548005
434,1,0.716658545398553
435,1,0.347185103499664
436,1,0.48348201373494
437,1,0.192735587185765
438,1,0.180408691168935
439,1,0.10533306053763
440,1,1.24051956460772
441,1,0.242004827728165
442,1,-0.0438321548366634
443,1,0.108817227503291
444,0,-0.172975703363021
445,1,0.142518171631
446,1,0.336350082809232
447,0,0.186602642211951
448,1,0.466828264115336
449,1,0.362269945636103
450,1,-0.378646928418992
451,1,0.415823681874398
452,0,-0.147208686173305
453,1,0.851711729487615
454,1,-0.116817561370786
455,1,-0.544170793732114
456,1,0.373877434734399
457,0,-0.0562527072646799
458,0,-0.315117780816782
459,1,0.458182509680096
460,0,0.0173937354597938
461,1,0.285488736157938
462,1,0.112016763028437
463,1,0.275501195551273
464,0,-0.0257299590650953
465,1,-0.107938887476926
466,1,0.997319364740581
467,1,0.176598282979222
468,1,0.527926099932109
469,1,-0.0979353177700676
470,0,-0.454580569856576
471,0,-0.281166906584234
472,1,0.447660723488282
473,1,0.379146071732396
474,1,0.142518171631
475,1,0.645429143859601
476,1,0.0309713387554594
477,1,-0.478241333848916
478,1,0.539099544827634
479,1,0.567688706119949
480,0,0.13588571378629
481,1,-0.108334025333269
482,1,0.423979319703262
483,1,0.317549935173166
484,1,0.286088450318881
485,1,0.266738781540104
486,1,0.643420823120143
487,1,0.103094601495779
488,1,0.639344455725397
489,1,0.0344249008677052
490,1,-0.25493456993411
491,1,0.215516555398107
492,1,0.964139688965038
493,1,0.73227763312014
494,1,-0.26482502607309
495,1,1.29930883262191
496,0,0.0712735889820891
497,1,1.05233132978716
498,1,0.348672850965225
499,1,0.484360693826349
500,1,0.822856608990267
501,1,0.709556157400947
502,1,0.212663718485278
503,1,-0.0320395044049826
504,1,0.172329240519232
505,1,0.37293693957942
506,1,0.29178291798345
507,1,0.787146238637025
508,0,-0.153353532386476
509,1,-0.391895967920185
510,1,-0.380059188509731
511,1,0.383158153187337
512,1,1.12918009999991
513,1,0.514669215466804
514,1,0.265686231513186
515,1,0.570674755097323
516,1,0.172756694071804
517,1,0.421706696743374
518,1,0.629903377903445
519,1,0.0171253906153129
520,1,0.377997931107918
521,1,0.804400895860461
522,1,0.46253018582972
523,1,0.64216598798047
524,1,0.245361305372727
525,1,0.0989734053179207
526,0,-0.128457366165312
527,1,0.344941516365403
528,1,0.19026784265016
529,0,-0.441685929922378
530,1,0.716558314616056
531,1,0.153668768680409
532,0,-0.322659706010732
533,1,0.743174976071554
534,1,0.708219226296622
535,1,0.780706485350008
536,0,-0.530922454035262
537,0,-0.104459331203752
538,1,0.113411405701257
539,1,0.206470615432497
540,1,0.897347567888112
541,0,0.0215302609335067
542,1,-0.408973767281707
543,0,0.0982947415071376
544,0,-0.202739438493303
545,0,0.468628398089281
546,0,0.694810409781492
547,0,0.564822345081764
548,0,0.519894206317677
549,0,-0.206601308301803
550,0,0.218246131277908
551,0,0.287128176024782
552,0,-0.487132890528157
553,0,0.536499723463432
554,0,-0.213213667649846
555,0,0.0986361343486995
556,0,0.146594539025746
557,0,-0.0907974677614195
558,0,0.528344085634568
559,0,-0.0999768021959898
560,0,0.0284905874944218
561,0,0.0158705554756402
562,0,0.366348516265881
563,0,0.78635016170768
564,0,0.165649966316496
565,0,0.616932550790085
566,0,-0.624772252520676
567,0,0.53085604710576
568,0,0.670612388031754
569,0,-0.0504646126813737
570,0,-0.197500923517072
571,0,0.265569971630495
572,0,0.794738077655188
573,0,0.458716755265245
574,0,0.465055124533895
575,0,1.35010471069741
576,0,0.356799635372878
577,0,-0.411874861034146
578,0,0.157053404667914
579,0,0.336884328394381
580,0,-0.775922240983971
581,0,1.09388771534912
582,0,0.590899450455285
583,0,0.283684991723081
584,0,0.540799400269287
585,0,-0.602426481746977
586,0,0.565384778502305
587,0,-0.111496950429903
588,0,0.79166762633375
589,0,0.841457588335943
590,0,0.145858620175368
591,0,-0.0106765095432263
592,0,0.79530051107573
593,0,-0.0244156656507954
594,0,0.402148811706633
595,0,0.0964621731435181
596,0,0.559959416357582
597,0,-0.455974512725056
598,0,0.802439209074612
599,0,0.212145502000323
600,0,0.656362097007952
601,0,0.441120039614429
602,0,-0.442723150653441
603,0,0.970332974422235
604,0,0.203989864171459
605,0,-0.141608621394481
606,0,0.433672618821899
607,0,0.312201165889339
608,0,0.0163098807751201
609,0,0.281823535719729
610,0,0.322125785946358
611,0,-0.432655171066727
612,0,0.683033788450005
613,0,-0.0670566057017716
614,0,-0.0661478035885966
615,0,-0.0729396205707472
616,0,-0.0557982008552401
617,0,0.41833564334559
618,0,0.211883670656127
619,0,0.27714745416404
620,0,0.437230681774876
621,0,0.249221627386653
622,0,0.451679136039093
623,0,0.611317698361175
624,0,0.764582187868897
625,0,0.404174267032361
626,0,0.744258830756228
627,0,0.772455956727923
628,0,1.01715383962891
629,0,-0.0352713556263577
630,0,0.391377411370187
631,0,0.274151440125931
632,0,-0.0267059162311162
633,0,0.0366301962230916
634,0,0.41463313267453
635,0,-0.420423165843118
636,0,0.417786034246065
637,0,0.793408450218962
638,0,0.281428397863386
639,0,0.787287634487897
640,0,0.172687767947064
641,0,0.135336104686766
642,0,-0.388555519375817
643,0,-0.313298189686146
644,0,0.481143323910593
645,0,0.829574174971879
646,0,0.523515919117089
647,0,0.20171860660173
648,0,0.494676798227486
649,0,0.154231172608501
650,0,0.649303837989118
651,0,-0.392476847458945
652,0,0.115357211572805
653,0,-0.226918477434962
654,0,0.753589742227399
655,0,0.0210442721879677
656,0,0.0498945650201386
657,0,0.627817764498749
658,0,0.0900512437852631
659,0,0.127210020083453
660,0,-0.365957970275471
661,0,-0.16756264813939
662,0,0.534606297216505
663,0,-0.135529149309502
664,0,0.236216733144859
665,0,-0.150910497040025
666,0,0.52378426396157
667,0,0.0424690821132941
668,0,-0.39799659719777
669,0,0.911068889605071
670,0,0.929497144196275
671,0,0.72992361399994
672,0,0.115062304498959
673,0,1.02823124049534
674,0,0.303571440554293
675,0,0.134801859101616
676,0,-0.438833093009549
677,0,-0.147144400233501
678,0,0.543118657182785
679,0,-0.458422188256443
680,0,0.103643510790964
681,0,0.263446772239761
682,0,-0.14994990338838
683,0,0.150565306584473
684,0,0.124403151538415
685,0,-0.0497151697056389
686,0,0.424336041840678
687,0,0.20932326994091
688,0,0.354806495743379
689,0,-0.274048489486434
690,0,0.413081764854984
691,0,0.0618825489244004
692,0,-0.435101758409727
693,0,0.0508553410761996
694,0,-0.787418327357203
695,0,0.08861662349846
696,0,0.584706347402504
697,0,-0.174305360291696
698,0,0.0386233358525901
699,0,-0.112188620966119
700,0,0.213149707230817
701,0,-0.34513453149569
702,0,0.34492850963997
703,0,0.570819173322957
704,0,-0.239768006844363
705,0,0.299745003264386
706,0,0.474272074446953
707,0,0.273637293037449
708,0,-0.0775330989643723
709,0,0.32929179429795
710,0,-0.521465347113115
711,0,-0.0211701373920967
712,0,1.00631881893848
713,0,-0.748992862429779
714,0,0.242820337568358
715,0,0.365235837652445
716,0,0.311682949404384
717,0,-0.136923274582397
718,0,0.798640959620098
719,0,0.65872897466769
720,0,-0.333137304759409
721,0,0.670176592304448
722,0,0.375758989234418
723,0,-0.318928189006495
724,0,0.348613392690598
725,0,-0.201425145079003
726,0,0.479135003171135
727,0,0.277270177779428
728,0,0.121196097463007
729,0,0.442579451058703
730,0,0.808198297324741
731,0,0.297881100750562
732,0,1.07797456854392
733,0,0.279520307906424
734,0,0.328728690565517
735,0,0.397196776392728
736,0,0.396078787282465
737,0,0.120091602985653
738,0,0.506418686844719
739,0,-0.279017007239735
740,0,0.603386917737994
741,0,0.636437356397863
742,0,0.588286134458175
743,0,-0.00222843551675073
744,0,-0.175278931176325
745,0,0.0285678801596587
746,0,0.158516368108736
747,0,0.39801228623292
748,0,-0.423245397902531
749,0,0.604280778939363
750,0,-0.0174423323644478
751,0,0.502254003028063
752,0,-0.00884736923610392
753,0,-0.185677668231975
754,0,0.250457059107927
755,0,0.66506734393634
756,0,0.912933491923236
757,0,0.444576748041487
758,0,0.417346679454136
759,0,0.00403377606518642
760,1,0.306083402025485
761,0,-0.155818342504133
762,0,-0.10638751965738
763,1,0.588656563125364
764,1,0.653050536103316
765,1,-0.0219067560468144
766,1,0.534243129603738
767,1,-0.488181283201789
768,1,0.314533281342376
769,0,-0.107859937827087
770,1,0.328729390369857
771,0,-0.159615743968414
772,0,-0.0323495925887885
773,1,0.0140326471227448
774,1,0.47637832764433
775,1,-0.130081930167834
776,0,-0.355938429932782
777,1,-0.020250981834139
778,1,0.284645067974801
779,1,0.702901761670551
780,1,0.322659365945689
781,1,0.617627243701062
782,1,0.526526846566803
783,1,0.344492196512739
784,0,0.0443153570066862
785,0,-0.315231018324711
786,1,0.322109756846164
787,0,0.0156247532316387
788,1,-0.466714642622268
789,0,-0.188530322740389
790,0,0.0879605022881564
791,0,0.457632900580572
792,0,-0.436529865196245
793,0,-0.343611351511537
794,0,0.324608194191999
795,0,0.0371161849686306
796,0,-0.0727467336086387
797,0,1.0669974864168
798,1,0.429391675122553
799,1,0.518579912903377
800,1,0.202660207242784
801,0,0.114946892606503
802,1,-0.175658127889287
803,1,0.862170077729859
804,1,0.623270920058734
805,1,0.217321665223123
806,1,0.261421316914033
807,1,0.257639096559713
808,0,0.137980754834081
809,0,1.18458313350636
810,0,-0.268844138428241
811,0,0.178757092566893
812,0,-0.117819320090808
813,0,-0.0989242521690721
814,0,0.240127430581433
815,0,-0.625327837702847
816,0,0.432591910452038
817,0,0.932318676451348
818,0,0.411168757511315
819,0,-0.277131765128889
820,0,0.662116057165668
821,0,0.217567467467125
822,0,0.683130872917689
823,0,-0.580549522201153
824,0,0.199678315618696
825,0,0.363495861757468
826,0,-0.0662587234820112
827,0,0.479057710505898
828,0,0.529838259285544
829,0,0.523379073087679
830,0,0.0471398531721562
831,0,0.442435032833069
832,0,0.945614349906151
833,0,0.173306303171329
834,0,0.508460083313828
835,0,0.100855142222355
836,0,0.308327171564162
837,0,-0.111235148578157
838,0,0.818496774105446
839,0,0.282486258387131
840,0,0.00728993497043878
841,0,0.453073078907573
842,0,0.132470472945369
843,0,0.533974784759257
844,0,-0.37293643165423
845,0,-0.305628358198406
846,0,0.487230482921032
847,0,-0.241923670117221
848,0,0.889596938528723
849,0,0.742751679872268
850,0,0.535203057669565
851,0,0.792478978820657
852,0,0.544967230400756
853,0,0.260043660641589
854,0,0.743600806738126
855,0,0.296063861682796
856,0,0.00304551197807307
857,0,-0.100460256474243
858,0,0.39380969389475
859,0,-0.391895967920185
860,0,0.585255774097613
861,0,0.365300123592249
862,0,-0.181219201084896
863,0,0.0808377454326545
864,0,0.385214730766406
865,0,0.762604471982855
866,0,0.577648088383671
867,0,0.136167643627153
868,0,-0.156019927812548
869,0,-0.0463280872076608
870,0,0.21156172898276
871,0,0.247265280590081
872,0,-0.0637602861361767
873,0,1.07305148174077
874,0,-0.328852809063514
875,0,0.784416662757224
876,0,-0.300472475876688
877,0,0.879781974490636
878,0,0.754418229300575
879,0,0.23027509784613
880,0,0.555505045692764
881,0,0.623241913725557
882,0,-0.335946530093389
883,0,0.476041056675109
884,0,-0.0154670027597972
885,0,0.540248868088102
886,0,0.425438031343196
887,0,0.00868387783891844
888,0,0.0452759506583317
889,0,-0.19702683601089
890,0,0.614127047635206
891,0,0.388571208410968
892,0,-0.0315695447596378
893,0,0.169416245527436
894,0,1.18600768122825
895,0,0.513053561707453
896,0,0.736852635903099
897,0,0.384255502504919
898,0,-0.152317417141488
899,0,-0.139182314952564
900,0,0.384324428629659
901,0,0.4292837776039
902,0,0.245958471507522
903,0,0.145309011075844
904,0,0.0868918287134425
905,0,0.256084706365405
906,0,-0.0680759920422255
907,0,0.250962451271865
908,0,0.934575270311042
909,0,0.358696701573166
910,0,0.0474340946601833
911,0,0.359576980184813
912,0,0.461104272717665
913,0,-0.184090172815568
914,0,0.172377497358843
915,0,0.32692494613066
916,0,-0.237067254893324
917,0,0.355340741328528
918,0,-0.0775170698641781
919,0,0.126365686314498
920,0,0.425438031343196
921,0,0.735291840440457
922,0,-0.819548910654775
923,1,0.307012178345522
924,1,0.534979048454115
925,0,-0.374207295894096
926,0,0.798757219502788
927,0,-0.137263967619619
928,1,0.207864558300976
929,1,0.532480611108281
930,1,-0.179045210387265
931,1,0.818057448805966
932,1,0.614240161203084
933,0,0.197582081128017
934,0,0.116441066257479
935,1,-0.215990982969333
936,0,-0.0695991720263792
937,0,0.524207560160855
938,0,-0.392931353868384
939,0,-0.0601420651042324
940,0,-0.0879599943629658
941,0,0.721357474800358
942,0,0.0465895784868127
943,0,-0.296501620361147
944,0,0.034355974742965
945,0,-0.210834918243199
946,0,0.667803738562063
947,0,0.442969278418218
948,0,0.481004216181786
949,0,0.709520695389904
950,0,0.13710511640737
951,0,0.00960834389370307
952,0,0.256703212097221
953,0,0.349147638275747
954,0,-0.425034478627353
955,0,0.0664895219509337
956,0,0.133343147461683
957,0,-0.138958157551221
958,0,0.101196535063917
959,0,0.539308372933123
960,0,0.319629005585127
961,0,0.120561562630997
962,0,0.325481415600686
963,0,-0.696807198839086
964,0,0.289963232405212
965,0,0.832001181218136
966,0,-0.353618067533208
967,0,0.533629234564409
968,0,-0.569657307342151
969,0,0.217823940564698
970,0,0.587218308873695
971,0,0.179840947251566
972,0,0.289379459387649
973,0,0.175638354913395
974,0,-0.681188959107732
975,0,0.0366301962230916
976,0,-0.57544009142863
977,0,0.224942357662498
978,0,-0.434877601008383
979,0,0.22317868593117
980,0,-0.365300463657293
981,0,-0.173724628938831
982,0,0.267958154668734
983,0,0.632269526266394
984,0,0.16000647236324
985,0,0.242523132169934
986,0,-0.145275187222849
987,0,0.070818234582415
988,0,0.279664726132058
989,0,1.04281295929997
990,0,0.294199959168972
991,0,-0.124081502180296
992,0,-0.641710944153391
993,0,-0.302854653339832
994,0,0.397414420293786
995,0,0.180408691168935
996,0,-0.179594637082374
997,0,0.83122986122774
998,0,0.187446310395087
999,1,0.140509850891542
1000,1,0.474746161953135
