Subj,Class,risk_ori
1,1,0.383891667362617
2,1,0.00398364237314941
3,1,-0.380036575004828
4,1,0.812520151542058
5,0,-0.204722971568161
6,1,-0.275612214915455
7,1,-0.329415267135994
8,1,-0.0265568881139406
9,1,0.877223836791924
10,1,0.181713978311322
11,1,-0.31933160154235
12,1,0.278822502401219
13,1,0.47592747994359
14,1,-0.165062963171962
15,1,-0.517067490224946
16,1,0.188688036468713
17,1,-0.036545137309019
18,1,0.544317170771385
19,1,0.903021263750274
20,1,0.611537175392078
21,1,-0.369217223509026
22,1,-0.0848602659118866
23,1,0.239105998032454
24,1,-0.343462383341524
25,1,-0.237688872973225
26,1,0.451050273655056
27,1,-0.585762654683548
28,1,0.046753258205606
29,1,0.349142232936533
30,1,-0.538273710575793
31,1,0.893373868830985
32,1,0.084235141580885
33,1,0.968236004026147
34,1,-0.157282829408066
35,1,0.721498102786185
36,1,-0.0170380432100024
37,1,1.32967939180075
38,1,1.04460950462628
39,1,0.560231631004969
40,1,0.733899433567856
41,0,-0.265651911444579
42,1,-0.2523776389062
43,1,0.513451950109712
44,1,0.353714628006639
45,1,0.267253571271481
46,1,-0.776514603687107
47,1,0.274944503793615
48,0,-0.324648388353813
49,1,0.0483352374914842
50,1,-0.636180616247285
51,1,0.117576139508611
52,1,-0.714191279304728
53,1,0.659007307962427
54,1,0.660569178359693
55,0,-0.203973391934221
56,1,0.39750389311765
57,1,-0.416667247190772
58,1,0.579472683119425
59,1,0.148932611673939
60,1,0.44317480636525
61,1,-0.297616816847897
62,0,0.163753602322686
63,1,0.260298324651497
64,1,0.648155251197432
65,1,0.752005928004078
66,1,0.136432213578776
67,1,0.593454456209303
68,1,0.283884905869808
69,1,0.219826025491976
70,1,-0.193913501594009
71,0,0.0849520159456274
72,1,0.598535671215303
73,1,0.67017866466728
74,1,0.658944612282967
75,1,-0.238330522700666
76,1,1.07738465610685
77,0,-0.287209091769381
78,0,0.0426840139031858
79,1,0.258837058545398
80,1,-0.374719788193361
81,1,0.458048107065898
82,1,0.410554199242103
83,0,0.526496041077349
84,1,0.90448252985636
85,1,0.163564897084248
86,1,-0.303683183293304
87,1,-0.0365451373090145
88,1,0.428499934164085
89,1,0.93162910709364
90,1,-0.198656605122758
91,1,-0.53131479759097
92,1,0.296928996837436
93,0,0.387989966019322
94,0,0.251689818895738
95,0,-0.291952195298121
96,1,0.196913731847546
97,1,-0.13552100542697
98,1,0.319275990023324
99,1,-0.471058623760693
100,1,0.152038552745363
101,1,-0.0460167032998443
102,0,-0.523439330301164
103,0,-0.0581878525107543
104,1,-0.127567186064883
105,1,0.227474371223253
106,1,-0.218961348918425
107,1,0.278822502401214
108,1,0.891471144157939
109,1,0.622370420619671
110,0,0.200094964979033
111,0,0.468255358958858
112,1,0.114532894116638
113,0,0.102054973923711
114,1,0.169052820701928
115,1,0.58730161883099
116,1,0.58255851530225
117,0,0.306095089197459
118,0,-0.0909266323572936
119,1,-0.475308736465969
120,1,0.638242294062412
121,1,-0.123665412203833
122,1,0.853594668782756
123,1,0.232131939875064
124,1,0.260900542732674
125,0,0.102920078844851
126,1,-0.472703298726031
127,1,-0.556822915019724
128,1,0.529060936712504
129,1,-0.0196356441143728
130,0,0.251689818895734
131,1,0.223618850517885
132,1,-0.0225369415295073
133,1,0.403843027924657
134,1,0.394061296180779
135,1,-0.0550693150587317
136,1,0.360712461417476
137,1,0.0119016964538033
138,1,-0.216374722715888
139,1,0.641200004577448
140,0,-0.189298519733055
141,1,0.863967643905997
142,1,1.21283980719791
143,1,0.480745808109627
144,0,0.222056980120627
145,1,0.648174062734838
146,1,-0.402682826664702
147,1,-0.323845979112141
148,1,0.280447068477936
149,1,0.855219234859473
150,1,0.24693493374401
151,1,-0.123731774248132
152,0,0.0982334558387505
153,1,-0.37783832564537
154,0,-0.215138533482254
155,1,-0.48993480671947
156,1,-0.315496189725589
157,1,0.290838855138578
158,1,-0.142213365207001
159,1,0.537525224122018
160,1,0.443359341132937
161,1,0.578006229120751
162,1,1.08053318396913
163,1,-0.167322610859666
164,1,0.064789220126786
165,1,0.126083013708969
166,1,-0.390869820232412
167,1,0.755841339820838
168,1,0.22531870865466
169,1,0.455750790392957
170,1,1.2862919014943
171,1,0.303926830248273
172,1,0.964429285268429
173,0,0.196196857482813
174,1,0.489305511917726
175,1,0.824921482323725
176,1,0.300784517542813
177,1,0.333451227896635
178,0,0.504829550622163
179,1,-0.358031973072382
180,1,0.491579053337229
181,1,0.543729593756853
182,0,-0.515705810988187
183,1,0.412349902125029
184,1,0.172740870965922
185,0,-0.125313753534005
186,1,-0.153384721911846
187,1,0.560616609049268
188,1,0.726748023447449
189,1,0.617041037427619
190,1,0.396306891876079
191,1,0.972101406253161
192,1,-0.00684960285444815
193,1,0.611504470122881
194,1,0.296928996837436
195,0,-0.109033126793515
196,1,0.0373672270917185
197,1,0.911437776476349
198,1,0.128409384736199
199,0,0.398780624456068
200,1,-0.571824765735728
201,1,-0.929991075632707
202,1,0.0570745123512155
203,0,-0.138728661248082
204,0,-0.168937295414732
205,1,-0.587974797774788
206,1,-0.535206689930374
207,1,0.942800463798494
208,1,0.289613160837964
209,1,0.718230906430198
210,1,0.506247710381574
211,0,0.232827529668761
212,1,0.464094364622688
213,1,0.75481899182529
214,1,1.20589845430972
215,1,-0.0467335776645732
216,1,0.595016326606565
217,0,0.34441794094519
218,1,0.642857275923371
219,0,-0.122972313092537
220,1,0.924631273682803
221,0,0.216716418055709
222,0,-0.222037299579595
223,1,0.852992450701574
224,1,-0.0343105163155383
225,1,-0.614659807556515
226,1,0.521402709459577
227,1,0.756443557902016
228,1,0.258057488501195
229,1,0.584264588595838
230,1,0.335643262099277
231,1,-0.630114249801878
232,1,0.847528302337344
233,1,0.722310393549507
234,1,0.471241604272352
235,1,1.01054534975426
236,1,-0.323414243806243
237,1,0.765056234128522
238,1,-0.486099394902714
239,1,0.639001755217998
240,1,0.36696336263056
241,0,0.0685379213841886
242,1,-0.0615503978425773
243,1,-0.348277556362976
244,1,0.662810014509986
245,0,-0.0832356998351695
246,0,0.29616953568185
247,1,-0.0520788992744994
248,1,-0.321789677729526
249,1,0.792140115686342
250,1,0.962743320863463
251,1,0.267989257173621
252,1,-0.337309545963211
253,1,0.0670300562770831
254,1,-0.0253737806041699
255,1,0.85865707225135
256,1,0.930004541016923
257,1,0.589894460190334
258,1,0.236692931895775
259,1,1.27897606549482
260,1,-0.661284944094348
261,1,0.392471480059323
262,1,0.235231665789685
263,1,-0.168904590145535
264,1,1.31950484517699
265,1,0.737734845384612
266,0,0.0615826747641995
267,0,0.303903054994826
268,1,-0.0249560972906654
269,1,0.297531214918618
270,1,-0.593453587205672
271,1,0.121454138116215
272,1,0.154923686059287
273,1,0.246225670531509
274,1,0.459586202209704
275,0,-0.225935407075815
276,1,0.743088003830106
277,1,1.06336080393453
278,1,0.860924398514028
279,1,0.655826074830953
280,1,0.388750724526123
281,1,0.786722724583708
282,1,0.169237355469606
283,0,-0.233648817500171
284,1,0.596805822668265
285,0,-0.305272999414751
286,1,0.236832456612955
287,1,0.919213882580178
288,0,0.329411172423585
289,1,-0.220840298338015
290,1,-0.324672163607259
291,1,-0.524065323635783
292,1,0.438032672799823
293,0,-0.123721892726476
294,0,0.178464846157874
295,1,0.228233832378843
296,1,0.456542956817745
297,1,0.249478973155704
298,0,0.134850234292898
299,0,-0.391882286706315
300,1,0.0249331910408456
301,1,-0.425233166155678
302,1,-0.15338472191185
303,1,0.86561102152012
304,1,0.67771602047983
305,1,0.485427513310122
306,1,-0.158085238649737
307,1,0.750381361927356
308,1,0.679487948109314
309,1,0.898189041852432
310,1,0.612316745436281
311,0,-0.251380828825114
312,1,-0.257120742434935
313,1,0.880309668974741
314,0,0.461257525548026
315,0,0.167631600930285
316,1,-0.428365597339496
317,1,0.610043204016786
318,1,0.0632072408409167
319,1,0.618472313123446
320,1,0.70871206152626
321,1,-0.472715895106616
322,1,0.000134336824593267
323,1,0.335223155526114
324,1,0.0957852611732205
325,1,0.0453247128186263
326,1,1.57516850742648
327,1,0.711918606888865
328,1,0.503410871306911
329,1,1.10328736553551
330,0,-0.339711637398066
331,1,0.0109249952613339
332,0,-0.244396889146072
333,1,-0.440272639946485
334,1,0.579778156750226
335,1,-0.238330522700661
336,1,0.438018779068019
337,1,0.6131617414688
338,1,0.641200004577443
339,1,0.560231631004969
340,1,-0.212871207219576
341,1,0.287605661403013
342,0,0.0832127935853497
343,1,-0.0608134145892227
344,1,0.185202852740989
345,1,0.389628425827849
346,1,1.07043070683807
347,1,0.652065955074238
348,1,-0.00303300257508921
349,0,0.431618471616107
350,1,0.34823454122454
351,1,-0.0138048494744328
352,1,-0.059352148483128
353,1,0.545941736848102
354,1,-0.343419796550681
355,1,-0.559014949222366
356,1,-0.468861671752458
357,1,0.176211413627001
358,1,1.09628953212467
359,1,0.836695057109756
360,1,0.371531812913269
361,1,0.451050273655056
362,1,0.872608854930966
363,1,-0.454961405879455
364,1,0.334852338779657
365,1,0.557113093552951
366,1,1.03040478405111
367,1,-0.32726976451162
368,1,-0.60648508179271
369,1,0.72206631824695
370,1,0.25331438497246
371,0,0.0810539084494069
372,1,0.642857275923371
373,1,-0.370884376376596
374,1,0.860707158477149
375,1,0.953534641712591
376,1,0.656733766542937
377,1,-0.0988841180842104
378,1,0.524317833183764
379,0,0.306893470779068
380,1,0.44111850498264
381,0,-0.281963946103047
382,1,0.606044492229404
383,1,-0.176191733085964
384,1,0.341313297224968
385,0,0.329743068744025
386,1,-0.531798842948764
387,1,0.736152866098738
388,1,0.274987090584454
389,1,0.34602369548451
390,1,0.55487225740265
391,1,1.18409849603358
392,1,0.902271684116335
393,0,-0.213898945449835
394,1,0.730001326071636
395,1,0.297794101758571
396,0,0.109052807334548
397,1,0.525225524895743
398,1,0.0422450957926309
399,1,0.0170151369601917
400,1,1.09208330356146
401,1,-0.429101283241636
402,1,-0.0585071524506088
403,1,0.507112815302705
404,1,0.673995264946635
405,1,0.676929267630967
406,0,0.131014822476142
407,1,0.0281237979855763
408,1,-0.743131018968538
409,0,-0.090969219148146
410,1,0.773634749474017
411,1,0.956709659687262
412,0,0.375527236909411
413,0,-0.229770818892571
414,0,0.384154554202571
415,1,0.517287361926473
416,1,0.493203619413946
417,1,0.58337079061565
418,1,0.46021636601508
419,1,0.509353651453002
420,1,0.0692409020171175
421,0,-0.278128534286296
422,1,0.425381396712071
423,1,0.467949885328061
424,1,0.719224561366691
425,1,1.04465209141713
426,1,-0.47491414446607
427,1,0.659007307962431
428,1,0.913104929343923
429,0,0.347517666859807
430,1,0.989448439533792
431,1,0.102901267307445
432,1,1.05067953743652
433,0,-0.0779063166431079
434,1,0.245623452450327
435,1,0.827152436952371
436,1,0.585739748433728
437,1,0.220533018335068
438,1,0.341408713623547
439,1,-0.469597357654598
440,0,-0.295347445899146
441,1,0.399527489231073
442,1,0.529060936712504
443,0,-0.119866372021108
444,1,0.000134336824593267
445,1,0.607681654686706
446,1,0.247869048145632
447,1,0.149506294956658
448,1,0.084235141580894
449,0,0.134807647502046
450,1,0.375002355574348
451,1,0.342158293257491
452,1,0.76894812646793
453,1,0.398804399709519
454,1,0.220575605125921
455,0,0.302302264171551
456,1,-0.123707998994681
457,0,-0.368263000218793
458,1,-0.0396022764327876
459,1,0.730020137609033
460,1,0.493905424364451
461,0,0.0826105755041723
462,1,0.152038552745372
463,1,-0.440253828409088
464,0,0.449682379261477
465,1,-0.253005394901836
466,0,-0.28107636327968
467,1,1.04465209141712
468,1,0.151149672570781
469,0,0.186155778680007
470,1,0.198619805141143
471,1,1.31890262709581
472,1,0.0902973375555446
473,1,0.281922228315826
474,1,0.938921167839671
475,0,0.316934549581869
476,1,0.567932445048749
477,1,0.578723103485485
478,1,-0.95583108938191
479,1,0.40122734736784
480,1,-0.136123223508143
481,1,-0.0654422901819768
482,1,0.234438202013682
483,1,0.884158974523292
484,1,-0.122107208171406
485,1,-0.26399939964366
486,1,0.835113077823887
487,1,0.371104248078118
488,1,-0.200854854482203
489,0,0.119198660899268
490,1,-0.216431203238536
491,1,-1.03609648232145
492,1,0.722310393549507
493,1,0.560948505369712
494,1,0.708081897720889
495,1,-0.131465293561108
496,1,-0.640881132985177
497,1,1.01185683104794
498,1,0.239073292763253
499,1,0.619294469958497
500,0,-0.112888647498892
501,1,0.527417559098381
502,0,0.327767794809462
503,1,0.121806143325266
504,1,0.800078278655612
505,1,-0.15812782544059
506,1,-0.156484447826467
507,1,-0.560856755335967
508,1,-0.118391212183218
509,1,-0.123689187457284
510,1,0.437858019553779
511,1,0.103679540000437
512,1,0.757744064493879
513,1,0.290007752837868
514,1,0.604625812914152
515,0,0.214485463427058
516,1,1.0307129051181
517,0,0.567932445048744
518,0,-0.189886844082437
519,0,-0.549862750594138
520,0,-0.0762817505663909
521,1,0.957445345589402
522,0,0.146534690709831
523,0,1.06659399767011
524,0,1.15763615531459
525,0,0.159729485267496
526,0,0.207179508949228
527,0,-0.288060302958717
528,0,-0.156545846154721
529,0,0.0817614090009012
530,0,0.535996074443872
531,0,0.120865813766833
532,0,-0.0801171623831424
533,0,-0.141877189110367
534,0,0.364384573263601
535,0,0.425252846696711
536,0,0.271131569879081
537,1,0.850091153286439
538,0,0.652033249805036
539,0,0.202008840585347
540,0,-0.513250889945596
541,0,-0.0577275824064108
542,0,-0.589618175388916
543,0,-0.0801171623831468
544,0,0.203301510341629
545,0,0.487349049520565
546,0,0.231372478719478
547,0,0.0306560557742772
548,0,0.653634040628316
549,0,-0.149568121632496
550,1,0.776823593757736
551,0,-0.310624536181489
552,0,0.414413386312301
553,0,-0.725024524532326
554,0,-0.259256296114924
555,0,0.170894626815524
556,1,0.523594743662214
557,0,0.0701485937291057
558,0,0.269488192264958
559,0,-0.197844329809354
560,0,-0.146443369023661
561,0,1.15518123427201
562,1,0.820395618831864
563,0,1.04498398773756
564,1,0.743108112718723
565,0,0.329743068744025
566,0,1.0048728913689
567,0,-0.68453833164101
568,0,-0.105155128185907
569,0,0.362923307157506
570,1,0.665942445693804
571,0,-0.17502743711359
572,0,-0.351998311896181
573,0,0.150413986668641
574,0,0.507056334780066
575,0,-0.325293193225842
576,0,0.354363603349416
577,0,0.266345879559502
578,0,-0.715125393706349
579,0,0.342220988936956
580,0,0.444649966203145
581,0,0.391869261978146
582,0,-0.0326470298127984
583,0,0.420742639597666
584,0,0.708081897720889
585,0,-0.0157375366181477
586,0,-0.549089395706752
587,0,0.108389190925112
588,0,0.600543170650245
589,0,-0.281941468200821
590,0,0.494033974379811
591,0,1.55322660117351
592,0,0.0389917931684357
593,0,-0.260335124633112
594,0,0.230635495466119
595,0,1.03605346718301
596,0,0.789257629808605
597,0,0.491579053337225
598,0,-0.14796733080922
599,0,-0.148627792074053
600,0,0.0966929528852087
601,0,-0.0573956860859623
602,0,-0.178113269296406
603,1,1.32334025699375
604,0,0.719267148157543
605,1,0.581841640937507
606,0,-0.109014315256109
607,0,-0.132662294802679
608,0,0.147314260754025
609,1,0.46918947336048
610,0,-0.320812976537052
611,0,-0.206314832375685
612,0,0.372486036203502
613,0,0.649792413654743
614,0,-0.38457633222848
615,0,1.29398283401643
616,0,0.365999257818685
617,0,-0.24610662880449
618,0,0.206751944114086
619,1,0.479966238065434
620,1,0.846958789525369
621,0,1.11796223773668
622,0,-0.00153698651372383
623,0,-0.496932640130303
624,0,-0.509352782449376
625,1,0.734509488484615
626,0,1.02994451394675
627,0,0.235250477327082
628,0,0.880309668974736
629,0,-0.639280342161902
630,0,-0.165818757962718
631,0,0.775870667818718
632,1,0.835070491033034
633,0,-0.535173984661172
634,0,0.381029801593727
635,1,0.505431768703345
636,0,0.525608458253972
637,0,0.388878846193905
638,0,0.324094385612122
639,0,0.319493230060216
640,0,0.137732720170627
641,0,-0.388615090350315
642,0,0.0466905625261415
643,0,0.909624505161198
644,0,0.300765706005407
645,0,0.238350203241698
646,0,0.688621335200141
647,0,0.0406004208272971
648,0,0.587653624040046
649,0,0.249126967946643
650,0,-0.274967410043421
651,0,0.155873964562124
652,0,0.076238735427959
653,0,-0.306769015476121
654,0,-0.211625404030327
655,0,0.5103661179269
656,0,0.0281585479408471
657,0,-0.546007229888765
658,0,0.301429322414838
659,0,-0.0989468137636704
660,0,-0.0978917604989334
661,0,0.695605274879168
662,0,0.192543557174085
663,0,0.543749702645469
664,0,-0.882563529853198
665,0,0.251689818895729
666,1,0.402820679929127
667,0,0.0437063618987211
668,0,0.359130482131598
669,0,-0.38150038156731
670,0,0.535151078411357
671,0,-0.132619708011831
672,0,0.258645065515723
673,0,0.0678931165121544
674,0,0.971365720351021
675,0,0.0800942561333271
676,0,0.219826025491976
677,0,-0.021870265107849
678,0,0.293810459385422
679,0,-0.240547583597516
680,0,0.141175317107507
681,0,0.356833165458657
682,0,-0.0663687934313666
683,0,0.608418637940056
684,0,0.55140171474158
685,0,0.539006599116734
686,1,0.661185448433264
687,0,0.209391652040477
688,0,0.315515870266617
689,0,0.865450262005889
690,0,0.268031843964469
691,0,-0.197863141346751
692,0,-0.0555355482037735
693,0,0.403580141084704
694,0,-0.0450810658636624
695,0,0.470482143116771
696,0,0.245291556129887
697,0,0.763556047596413
698,0,-0.353588128017627
699,0,-0.253005394901831
700,0,-0.235274680928116
701,0,-0.159602985278489
702,0,0.664467285855913
703,0,0.429440263722523
704,1,0.881889603574541
705,0,0.21980225023853
706,0,0.252597510607718
707,0,1.03689846321553
708,0,0.175303721915017
709,0,-0.0234710559311198
710,0,0.651990663014197
711,0,0.869305782711257
712,1,0.687039355914262
713,0,-0.255420884298164
714,0,0.257212492468676
715,0,0.196563503758527
716,0,0.0829346349890303
717,0,-0.286599036852618
718,1,0.782824617087492
719,0,0.283565605929949
720,0,0.859117342355693
721,0,0.105891683091677
722,0,-0.144232523283631
723,1,0.736152866098734
724,1,0.952817767347853
725,1,0.816375672247435
726,0,-0.313122044014932
727,0,-0.101727172315685
728,1,1.59374148712387
729,0,-0.253005394901831
730,0,0.125352245612435
731,0,0.264196432147713
732,0,-0.376194948031251
733,0,0.395704673794898
734,0,-0.284941765506695
735,0,-0.542927612862766
736,0,0.800058169766991
737,0,0.236095473359605
738,0,0.620895260781777
739,0,0.127501693024225
740,0,0.366379956086784
741,0,0.154966272850135
742,0,-0.0964103855042131
743,0,-0.02803204795184
744,0,-0.339379741077622
745,0,-0.0132214429306525
746,0,0.194702886107512
747,1,0.655109200466206
748,0,0.701085361661267
749,0,0.587321727719602
750,1,0.864766025487605
751,0,0.0373672270917185
752,0,-1.01792729220576
753,1,0.689547838449526
754,0,0.572632961786632
755,0,0.309425728567764
756,0,0.535151078411357
757,0,-0.498543312475229
758,0,0.253295573435054
759,1,1.22456458003628
760,0,-0.0546090449543882
761,1,0.685712426632765
762,0,0.219641490724295
763,0,-0.0724262298610138
764,0,-0.531338572844421
765,0,-0.632325095541917
766,0,0.444108920766876
767,0,0.285175530940026
768,1,0.7055697488208
769,0,0.0756266358251309
770,1,0.486964071476266
771,0,0.50235581804217
772,0,0.878481756592931
773,0,-0.15726272051945
774,0,0.648155251197437
775,0,-0.0912885190879915
776,0,-0.0653858096593378
777,0,0.319318576814176
778,0,0.480745808109632
779,1,0.560231631004974
780,0,-0.112888647498888
781,0,0.230635495466119
782,1,0.903562309186548
783,0,-0.43833995280277
784,0,0.672342753145724
785,0,0.0826105755041677
786,0,0.651990663014193
787,0,0.085126669191663
788,1,0.758114881240333
789,0,0.232976935907578
790,0,-0.897252295786168
791,0,-0.421430459608119
792,0,1.02684478803214
793,0,0.815085047177218
794,0,0.492424049369744
795,0,0.409102814657646
796,0,0.310886994673863
797,0,0.198600993603732
798,0,0.351373187565179
799,0,0.0701297821916996
800,0,0.562605776715631
801,0,-0.597332883164495
802,0,0.0459311013705601
803,1,0.611537175392078
804,0,0.0701060069382623
805,0,-0.209433369827694
806,0,-0.242844900270462
807,0,0.212068730925549
808,1,0.260312218383292
809,1,-0.0724262298610228
810,1,-0.0249560972906698
811,1,0.600703930164481
812,1,0.540673751984299
813,1,0.51314647647891
814,1,0.479980131797229
815,1,0.857716742692917
816,0,0.256432922424469
817,1,-0.119872587177925
818,1,0.795347771507458
819,1,-0.114513213575609
820,0,-0.357486235513848
821,1,0.306874659241662
822,0,0.478140370369698
823,0,0.800813964557752
824,0,0.0562107047812902
825,0,-0.074027020684298
826,0,0.299202538256939
827,0,0.118368305933398
828,0,0.253314384972455
829,1,0.567965150317951
830,1,0.842804010346011
831,0,0.103660728463031
832,0,0.0454200463445495
833,0,1.19121098572798
834,0,0.0593718290241651
835,0,-0.545964643097918
836,0,-0.200887559751405
837,0,0.504013089388093
838,1,0.330345286825211
839,0,0.529060936712504
840,0,0.216726299577365
841,0,-0.355232802982966
842,0,0.524331726915569
843,0,-0.562913056718586
844,0,0.498534299957218
845,1,0.684804734920777
846,1,0.600746516955333
847,0,0.457415898574453
848,0,0.169270060738807
849,0,0.227559544804953
850,0,0.232217474751997
851,0,-0.403285044745884
852,1,0.819461504430247
853,0,-0.0989468137636704
854,0,0.550862192339863
855,0,0.159694735312225
856,1,0.56406704282173
857,0,0.160315764930813
858,1,0.578798395545543
859,0,0.765658452209699
860,0,0.693407025519728
861,0,-0.134893249431326
862,1,0.476130826248673
863,0,0.487680945841004
864,1,-0.187823359895161
865,1,0.454168811107074
866,0,-0.37378567379174
867,0,0.233039631587047
868,0,0.496279570075117
869,0,0.342774563331062
870,0,-0.288041491421316
871,1,1.08605850497827
872,0,-0.284998246029347
873,0,0.664467285855904
874,1,0.587334324100187
875,0,-0.1463148190083
876,0,0.0717731598058319
877,0,-0.152605151867648
878,0,-0.0909078208198875
879,0,-0.242844900270462
880,0,0.164437838840965
881,0,0.391901967247343
882,0,-0.281984054991659
883,0,-0.214806637161814
884,0,0.571787965754121
885,0,0.529042125175098
886,0,-0.621505744046124
887,0,-0.244469466347183
888,0,-0.28107636327968
889,0,0.286128456879049
890,0,0.428499934164085
891,0,-0.159589091546685
892,0,0.810246610122564
893,0,-0.179310270537977
894,0,0.781306870458749
895,0,-0.159602985278485
896,0,-0.308350994761999
897,0,0.103679540000428
898,0,-0.328513790580836
899,0,0.105934269882534
900,0,-0.600394940093861
901,0,0.386318642681001
902,0,0.626235822846686
903,0,0.630028647872594
904,0,0.517044583975131
905,0,-0.359110801590565
906,0,0.0523739956133192
907,1,0.791498465958902
908,0,0.258673758574775
909,0,0.198633698872938
910,0,0.116137351304747
911,0,0.296949105726048
912,0,-0.549862750594138
913,0,-0.0302516493050732
914,0,0.307705761542381
915,0,-0.361972667359446
916,0,0.190942766350814
917,0,0.444066333976024
918,0,-0.212533095742315
919,0,-0.0676593510788276
920,0,-0.207776098481771
921,0,-0.270266893305533
922,0,0.395704673794893
923,0,0.419912284631797
924,0,0.278105628036476
925,0,0.249478973155704
926,1,0.607701763575322
927,0,-0.120589461542658
928,0,0.212828192081144
929,0,0.245623452450327
930,0,-0.374387891872921
931,0,0.216726299577355
932,0,0.0912455039495642
933,0,0.161940331007531
934,0,0.148140445249147
935,0,-0.00238198254623845
936,0,0.395704673794898
937,1,0.514959747794061
938,1,0.622327833828828
939,0,0.234470907282875
940,0,0.118335600664192
941,1,0.687890567103603
942,0,-0.658987627421399
943,0,-0.186198793818434
944,0,-0.065418514928535
945,0,0.128783867847487
946,0,-0.637025612279804
947,0,0.0708981733630408
948,0,0.448809437504768
949,0,0.384135742665165
950,1,0.577098537408768
951,0,-0.0679160227619696
952,0,1.1248408949454
953,0,0.0701624874609058
954,0,0.432355454869457
955,0,-0.00301419103769214
956,0,0.600685118627084
957,0,0.0328669015143206
958,0,1.13093103664426
959,0,0.139574526284232
960,0,0.481653499821615
961,0,1.16153426281081
962,0,0.282260339793087
963,0,0.290007752837859
964,0,-0.370884376376605
965,0,0.0428272049852006
966,0,0.415136543256603
967,0,-0.205597958010943
968,0,0.212828192081135
969,0,-0.147294580212992
970,0,0.402678731952288
971,0,-0.308350994761994
972,0,-0.700161211975592
973,0,-0.116017066472557
974,0,-0.22203729957959
975,0,-0.147327285482203
976,1,0.696489191337715
977,0,0.0683632681381485
978,0,0.0670300562770831
979,1,0.990240605958584
980,0,0.139518045761588
981,0,0.35908789534075
982,0,0.419291255013213
983,0,0.249478973155704
984,0,0.0809392521658553
985,0,-0.242186043406038
986,0,0.402659920414882
987,0,0.457985411386433
988,0,-0.271924164651461
989,0,0.168273250657717
990,0,0.0615400879733472
991,0,0.114470198437178
992,0,0.27494450379361
993,0,-0.196282459412097
994,0,-0.456864130552487
995,0,0.649042834020804
996,0,0.546740118429706
997,0,0.0462977476462749
998,0,0.609326329652039
999,1,0.0839296679500876
1000,1,0.968265994436405
