Subj,Class,risk_2d
1,0,3.896
2,1,13.766
3,1,-30.452
4,1,-13.874
5,1,-13.877
6,1,13.41
7,1,-4.137
8,1,25.308
9,1,13.121
10,1,34.448
11,1,4.703
12,1,23.111
13,1,-8.39
14,1,23.111
15,1,10.437
16,1,17.961
17,1,10.629
18,1,8.395
19,1,-34.625
20,1,2.011
21,1,-48.475
22,1,18.518
23,1,2.401
24,1,-23.944
25,1,-7.581
26,1,1.201
27,1,-17.216
28,1,24.676
29,1,9.089
30,1,-29.588
31,1,-8.449
32,1,13.258
33,1,-27.976
34,1,16.109
35,1,1.492
36,1,13.818
37,1,1
38,1,-1.137
39,1,34.663
40,1,-37.133
41,1,24.155
42,1,12.564
43,1,-6.875
44,1,18.956
45,1,-18.853
46,1,-7.112
47,1,37.769
48,1,6.545
49,1,-22.889
50,1,3.502
51,1,-7.124
52,1,9.238
53,1,23.509
54,1,16.018
55,1,-10.109
56,1,-26.282
57,1,27.699
58,1,24.027
59,1,-0.500999999999999
60,1,-10.123
61,1,23.444
62,1,4.728
63,1,-23.463
64,1,0.016
65,1,29.87
66,1,0.544000000000001
67,1,-25.037
68,1,37.044
69,1,23.218
70,1,5.475
71,1,-17.258
72,1,-12.651
73,1,3.861
74,1,-21.635
75,1,3.198
76,1,16.978
77,1,9.243
78,1,-18.853
79,1,-18.08
80,1,2.645
81,1,0.428000000000002
82,1,-7.632
83,1,5.953
84,1,-6.003
85,1,5.876
86,1,-17.216
87,1,-4.243
88,1,10.569
89,1,3.71
90,1,-18.016
91,1,16.954
92,1,-17.458
93,1,15.413
94,1,26.409
95,1,-9.012
96,1,6.101
97,1,14.952
98,1,-2.942
99,1,29.605
100,1,-16.312
101,1,-22.04
102,1,-7.11
103,1,19.092
104,1,12.885
105,1,-8.355
106,1,-42.19
107,1,-14.079
108,1,17.221
109,1,8.578
110,1,24.469
111,1,19.755
112,1,-17.571
113,1,10.882
114,1,-33.326
115,1,10.407
116,1,-33.556
117,1,16.199
118,1,19.362
119,1,15.008
120,1,-4.917
121,1,17.024
122,1,-12.1
123,1,5.83
124,1,-22.6
125,1,11.384
126,1,7.268
127,1,-13.917
128,1,-30.794
129,1,-28.853
130,1,-0.893
131,1,-4.256
132,1,-32.806
133,1,27.207
134,1,34.758
135,0,6.818
136,0,-15.23
137,0,8.525
138,0,-8.281
139,0,-30.452
140,0,-11.321
141,0,16.016
142,0,26.624
143,1,17.858
144,0,-3.086
145,1,-30.484
146,1,-35.505
147,1,-51.638
148,1,18.096
149,1,15.51
150,1,-29.774
151,1,34.473
152,1,-22.366
153,1,-14.297
154,1,27.388
155,1,19.451
156,1,-15.168
157,1,-14.759
158,1,0.878
159,1,42.914
160,1,0.774000000000001
161,1,-18.38
162,1,1.888
163,1,-19.788
164,0,-13.917
165,1,-23.283
166,0,2.569
167,0,-37.503
168,0,40.676
169,0,-14.055
170,0,28.744
171,0,7.46
172,0,-60.505
173,0,19.499
174,0,-35.252
175,0,-32.434
176,0,-45.94
177,1,19.42
178,0,-16.482
179,0,5.734
180,0,-14.771
181,0,17.727
182,0,-33.662
183,0,-54.026
184,0,-20.413
185,0,24.349
186,0,-4.645
187,0,10.428
188,0,7.044
189,0,-23.858
190,0,-5.661
191,0,-43.23
192,0,20.913
193,0,-46.971
194,1,7.349
195,0,-9.838
196,1,18.695
197,1,-32.966
198,1,-7.698
199,1,18.34
200,1,-22.235
201,1,-11.636
202,1,-18.831
203,1,14.65
204,1,-12.939
205,1,-36.865
206,1,-15.031
207,1,1.492
208,1,4.224
209,1,23.639
210,1,19.092
211,1,-10.812
212,1,6.058
213,1,7.492
214,1,13.766
215,1,5.553
216,1,-11.045
217,1,29.819
218,1,11.972
219,1,-35.24
220,1,19.247
221,1,13.055
222,1,23.91
223,1,5.038
224,1,-9.117
225,1,-2.303
226,1,12.151
227,1,17.8
228,1,33.691
229,1,15.478
230,1,-15.928
231,1,-7.95
232,1,6.312
233,1,-15.928
234,1,10.453
235,1,7.093
236,1,32.053
237,1,6.148
238,1,27.75
239,1,-11.212
240,1,6.559
241,1,-6.839
242,1,-10.838
243,1,-25.589
244,1,-35.094
245,1,-18.581
246,1,-12.02
247,1,-30.054
248,1,14.804
249,1,20.578
250,1,6.701
251,1,15.963
252,1,-19.026
253,1,-1.388
254,1,14.099
255,1,-10.993
256,1,27.207
257,1,-12.218
258,1,26.54
259,1,-6.811
260,1,-37.782
261,1,14.913
262,1,18.227
263,1,-17.492
264,1,18.538
265,1,20.343
266,1,-26.561
267,1,-30.074
268,1,31.126
269,1,-5.01
270,1,10.269
271,1,-15.103
272,1,-30.074
273,1,11.331
274,1,-8.678
275,1,-12.087
276,1,-38.483
277,1,12.532
278,1,-21.278
279,1,-13.699
280,1,-1.889
281,1,34.24
282,1,-19.427
283,1,7.113
284,1,30.133
285,1,11.384
286,1,-17.728
287,1,-11.207
288,1,12.635
289,1,31.753
290,1,-4.313
291,1,23.885
292,1,12.614
293,1,13.456
294,1,8.282
295,1,3.135
296,1,20.343
297,1,-17.486
298,1,3.127
299,1,-0.281000000000001
300,1,13.703
301,1,-14.771
302,1,-40.009
303,1,-6.458
304,1,7.546
305,1,21.405
306,1,13.133
307,1,13.337
308,1,18.149
309,1,-15.755
310,1,24.027
311,1,21.527
312,1,-24.796
313,1,2.629
314,1,16.946
315,1,5.524
316,1,37.346
317,1,12.095
318,1,6.371
319,1,36.191
320,1,-2.066
321,1,-7.093
322,1,-20.333
323,1,6.937
324,1,17.74
325,1,13.38
326,1,-4.917
327,1,-17.797
328,1,-16.741
329,1,-0.258999999999999
330,1,-30.078
331,1,-6.689
332,1,-15.6
333,1,10.109
334,1,7.687
335,1,18.046
336,1,17.542
337,1,-21.022
338,1,-5.768
339,1,-5.089
340,1,9.091
341,1,-35.571
342,1,40.343
343,1,-29.608
344,1,-17.381
345,1,34.674
346,1,0.016
347,1,-4.807
348,1,6.455
349,1,-26.228
350,1,36.171
351,1,-8.68
352,1,16.452
353,1,-5.656
354,1,17.409
355,1,13.624
356,1,3.965
357,1,-13.548
358,1,-10.155
359,1,20.178
360,1,40.676
361,1,8.566
362,1,0.196000000000002
363,1,36.929
364,1,-17.614
365,1,15.078
366,1,26.193
367,1,6.404
368,1,-30.748
369,1,-46.393
370,1,-10.049
371,1,-11.675
372,1,3.351
373,1,-20.155
374,1,28.272
375,1,8.474
376,1,-20.666
377,1,-15.422
378,1,-18.89
379,1,-29.102
380,1,19.429
381,1,11.163
382,1,2.81
383,1,-35.153
384,1,-2.366
385,1,-7.968
386,1,23.62
387,1,14.412
388,1,16.464
389,1,-3.603
390,1,-24.183
391,1,-21.036
392,1,19.382
393,1,-13.452
394,1,-19.473
395,1,-21.052
396,1,-26.561
397,1,-14.28
398,1,-37.656
399,1,37.061
400,1,-14.779
401,1,2.544
402,1,-5.544
403,1,-16.455
404,1,-2.301
405,1,33.637
406,1,38.038
407,1,13.766
408,1,3.986
409,1,38.418
410,1,15.539
411,1,15.374
412,1,25.502
413,1,17.481
414,1,23.218
415,1,-37.656
416,1,-14.137
417,1,8.296
418,1,-7.466
419,1,25.448
420,1,-3.928
421,1,26.248
422,1,-5.095
423,1,5.638
424,1,-19.254
425,1,15.005
426,1,3.502
427,1,25.585
428,1,17.267
429,1,-28.451
430,1,-34.674
431,1,-26.561
432,1,-43.43
433,1,-11.719
434,1,-44.105
435,1,-8.24800000000001
436,1,2.782
437,1,-13.827
438,1,-12.146
439,1,37.385
440,1,-11.195
441,1,17.877
442,1,26.54
443,1,23.718
444,1,-13.862
445,1,35.571
446,1,1.952
447,1,-5.901
448,1,26.277
449,1,-2.208
450,1,14.881
451,1,-23.32
452,1,30.506
453,1,-41.565
454,1,9.466
455,1,24.572
456,1,24.238
457,1,3.596
458,1,-14.875
459,0,13.766
460,1,-15.636
461,0,15.71
462,0,-21.606
463,0,-35.211
464,0,-9.41
465,0,15.008
466,0,-24.795
467,0,3.198
468,0,-7.665
469,0,6.575
470,0,5.654
471,0,11.091
472,0,12.688
473,1,3.346
474,0,-1.417
475,0,4.074
476,0,-16.707
477,0,-15.898
478,1,5.581
479,0,-17.435
480,0,-6.502
481,0,-26.561
482,0,-26.929
483,0,-19.984
484,0,-28.882
485,1,-2.449
486,0,7.664
487,0,23.075
488,0,-22.255
489,0,-7.461
490,0,27.855
491,0,-12.939
492,1,9.07
493,0,-32.583
494,0,3.998
495,1,-7.232
496,0,8.4
497,1,24.015
498,0,22.91
499,0,-4.51
500,0,-3.802
501,0,7.8
502,0,4.453
503,0,28.126
504,0,-7.417
505,1,4.361
506,0,-29.922
507,0,15.826
508,0,-46.661
509,0,1.374
510,0,-21.424
511,0,23.981
512,0,9.782
513,0,20.154
514,0,-13.016
515,0,5.087
516,0,-23.854
517,0,39.643
518,0,6.45
519,1,5.3
520,0,7.044
521,0,22.256
522,0,-5.231
523,0,-17.76
524,1,-1.139
525,0,21.953
526,0,12.247
527,0,-46.971
528,0,-11.294
529,0,-30.651
530,1,9.508
531,0,-2.395
532,0,11.669
533,0,-30.855
534,0,13.99
535,0,27.159
536,1,18.132
537,0,-7.892
538,0,-0.073
539,1,21.424
540,0,15.914
541,1,4.51
542,0,-17.216
543,0,-1.787
544,1,16.319
545,0,-28.939
546,1,10.024
547,0,3.509
548,0,16.594
549,0,17.793
550,0,7.666
551,1,11.666
552,0,-27.445
553,0,4.034
554,0,-46.393
555,0,-3.127
556,0,3.509
557,0,14.758
558,0,-30.949
559,0,-9.148
560,0,19.362
561,0,0.448000000000001
562,0,-12.664
563,0,2.626
564,0,3.623
565,0,25.687
566,0,21.189
567,0,-39.066
568,1,13.804
569,0,-26.63
570,0,-10.202
571,0,-56.176
572,0,6.404
573,0,20.155
574,0,-11.551
575,0,-36.865
576,0,-9.592
577,0,15.488
578,0,22.549
579,0,5.362
580,0,-0.887
581,1,14.349
582,0,-10.13
583,0,14.477
584,0,-14.058
585,0,20.396
586,0,0.625
587,1,17.174
588,0,8.615
589,0,3.502
590,0,-27.46
591,0,26.269
592,1,24.027
593,0,-3.812
594,0,7.69
595,0,-29.922
596,0,-20.155
597,0,2.131
598,0,-53.115
599,0,-31.351
600,1,24.676
601,0,-9.024
602,0,5.423
603,1,8.544
604,0,-27.993
605,0,-10.072
606,0,19.963
607,1,19.182
608,0,-13.832
609,0,-2.701
610,1,37.385
611,0,-35.899
612,0,-27.657
613,0,-4.92
614,0,5.876
615,1,29.113
616,0,6.171
617,0,-26.561
618,0,13.267
619,0,7.339
620,0,-11.971
621,0,16.59
622,0,14.448
623,0,-11.514
624,0,38.5
625,0,-50.987
626,0,6.404
627,0,-8.206
628,0,12.231
629,0,4.986
630,0,-1.372
631,0,-14.832
632,1,29.113
633,0,2.384
634,0,28.272
635,0,-2.326
636,0,15.895
637,0,-41.453
638,0,-28.441
639,0,-27.692
640,0,-20.666
641,1,42.735
642,0,-0.342999999999997
643,1,22.713
644,0,2.741
645,0,-8.519
646,0,-29.089
647,0,-45.988
648,0,-37.263
649,0,20.9
650,0,-7.848
651,0,-12.872
652,0,-58.093
653,0,-18.853
654,0,-29.265
655,1,0.687000000000001
656,0,-33.049
657,0,14.477
658,0,26.8
659,0,9.791
660,0,-29.273
661,0,10.853
662,0,-11.427
663,0,6.279
664,1,3.911
665,0,-26.898
666,0,-15.07
667,0,-24.796
668,0,-12.625
669,0,-9.756
670,0,-13.344
671,0,37.049
672,0,10.541
673,0,17.542
674,0,-21.734
675,1,2.561
676,0,13.766
677,0,21.807
678,1,9.368
679,1,17.549
680,0,-5.25
681,0,11.543
682,0,-32.123
683,0,2.238
684,0,-19.679
685,0,-9.267
686,0,15.987
687,0,2.724
688,0,-32.55
689,0,-16.707
690,1,11.723
691,0,-57.438
692,0,14.156
693,0,28.863
694,0,-26.141
695,0,10.405
696,0,-6.209
697,0,22.461
698,0,32.509
699,0,-13.827
700,0,-8.316
701,0,-25.946
702,0,-38.066
703,0,-21.072
704,0,-35.949
705,0,-6.535
706,1,13.936
707,1,17.365
708,0,-42.403
709,0,-24.096
710,0,-20.666
711,0,23.111
712,0,-1.408
713,0,0.360000000000002
714,0,3.043
715,0,-24.02
716,0,20.396
717,0,2.734
718,1,21.644
719,1,6.412
720,0,14.804
721,0,3.621
722,0,-2.281
723,0,21.807
724,0,-28.503
725,0,13.766
726,0,16.059
727,0,-32.123
728,0,-7.76
729,0,14.459
730,1,26.112
731,0,21.862
732,0,4.622
733,0,-55.111
734,0,4.573
735,0,-3.45
736,0,-4.917
737,1,19.182
738,0,4.263
739,0,-6.458
740,0,16.59
741,0,18.518
742,0,-31.29
743,0,1.988
744,1,22.008
745,0,21.326
746,1,20.75
747,0,-43.93
748,0,-12.811
749,0,11.616
750,0,-29.265
751,0,-46.222
752,0,-13.593
753,1,11.311
754,0,-30.572
755,0,-37.778
756,0,-4.622
757,0,13.667
758,0,-1.137
759,0,11.04
760,0,-36.673
761,0,-39.667
762,0,3.96
763,0,-0.6
764,0,-38.719
765,0,-33.492
766,0,-30.723
767,1,13.008
768,0,13.956
769,1,-0.241999999999999
770,0,-11.677
771,0,-57.545
772,0,14.448
773,0,-9.948
774,0,-2.365
775,0,-13.397
776,0,33.881
777,0,-4.164
778,0,-5.187
779,0,16.332
780,0,-10.352
781,0,-21.451
782,0,23.111
783,1,22.321
784,0,-15.444
785,0,-33.654
786,0,-30.631
787,0,13.337
788,0,-20.481
789,0,10.253
790,1,33.92
791,0,-2.407
792,1,9.758
793,1,11.311
794,0,-25.907
795,0,15.912
796,0,14.448
797,0,18.034
798,0,-22.469
799,0,3.958
800,1,7.666
801,0,19.584
802,0,6.837
803,0,-28.868
804,0,13.517
805,0,-0.110999999999999
806,0,-6.875
807,0,-24.002
808,0,-10.13
809,1,29.677
810,1,14.86
811,0,-25.115
812,0,-29.948
813,0,20.221
814,0,1.201
815,0,-17.478
816,1,-13.2
817,0,1.357
818,0,-21.812
819,0,5.344
820,0,12.652
821,0,-10.812
822,0,-1.787
823,1,10.774
824,1,-5.605
825,1,14.351
826,0,-19.427
827,0,11.517
828,0,-19.424
829,0,-20.081
830,1,10.434
831,1,29.677
832,0,34.915
833,0,-0.386
834,0,-20.106
835,0,-9.431
836,0,-19.957
837,0,7.044
838,0,11.354
839,0,-16.336
840,0,7.638
841,1,26.193
842,0,-1.373
843,0,12.545
844,1,8.821
845,1,11.723
846,0,-39.955
847,0,-0.65
848,0,4.484
849,0,-18.468
850,0,2.041
851,0,-12.625
852,0,25.805
853,0,21.383
854,0,-18.485
855,0,-21.311
856,0,-10.822
857,0,-5.15
858,0,-36.931
859,0,-20.96
860,0,-29.922
861,0,-20.32
862,0,-18.372
863,1,17.297
864,0,-37.58
865,0,-9.147
866,0,-13.785
867,0,10.158
868,0,3.97
869,0,32.097
870,0,8.858
871,0,-9.175
872,0,31.964
873,0,-11.988
874,0,-29.922
875,0,11.287
876,1,14.477
877,1,19.182
878,0,-27.725
879,0,-11.043
880,0,-17.37
881,0,-14.277
882,1,12.218
883,0,-20.99
884,0,14.988
885,0,-27.135
886,0,-19.427
887,0,0.161000000000002
888,0,-11.841
889,0,-2.588
890,0,6.591
891,0,-48.655
892,1,18.12
893,0,-18.686
894,0,-12.27
895,1,29.922
896,0,1.5
897,0,-22.923
898,0,4.763
899,1,16.692
900,0,-5.998
901,0,0.133
902,0,13.58
903,0,-16.3
904,1,18.113
905,0,-34.674
906,0,-1.149
907,0,-30.841
908,0,0.0779999999999999
909,0,-22.394
910,0,18.308
911,0,-2.816
912,0,11.804
913,0,-20.193
914,1,28.216
915,0,4.879
916,0,8.343
917,0,2.809
918,0,-4.62
919,0,-5.009
920,0,14.448
921,0,-30.829
922,0,-43.718
923,0,13.273
924,0,15.315
925,1,11.474
926,1,9.343
927,0,5.651
928,0,15.265
929,0,-15.87
930,0,11.905
931,1,-6.244
932,0,-4.179
933,0,-26.548
934,0,-15.422
935,0,-3.275
936,0,-38.451
937,0,6.075
938,0,-18.113
939,0,-11.53
940,0,22.321
941,0,-27.491
942,0,13.809
943,0,5.384
944,0,-25.001
945,0,-10.148
946,0,-17.281
947,0,-46.661
948,0,5.572
949,0,-21.32
950,0,-36.202
951,0,-35.915
952,0,-8.767
953,0,-21.9
954,0,-30.631
955,0,4.495
956,0,18.061
957,0,-3.603
958,0,21.121
959,0,19.661
960,1,11.054
961,0,12.688
962,0,-30.829
963,0,-30.304
964,1,28.051
965,0,4.074
966,0,-10.562
967,0,12.165
968,0,-54.955
969,1,-2.845
970,0,10.328
971,0,-15.54
972,0,-10.049
973,0,5.593
974,0,-3.275
975,0,-12.573
976,0,-38.853
977,0,-13.267
978,0,-14.188
979,0,-17.571
980,0,-4.337
981,0,14.592
982,1,28.787
983,0,13.733
984,0,-15.05
985,0,-6.242
986,0,-16.939
987,0,-16.741
988,1,10.405
989,0,-6.449
990,0,-41.448
991,0,-40.009
992,1,13.284
993,0,-2.603
994,0,-4.015
995,0,-26.664
996,0,7.244
997,0,-32.525
998,0,-2.882
999,0,-27.445
1000,1,5.024
