Subj,Class,risk_ori
1,0,-0.210046030945438
2,1,0.242978524223607
3,1,-0.258048011519862
4,1,0.244677766915302
5,1,-0.546422636741968
6,1,-0.421461415226117
7,1,-0.160441835970577
8,1,-0.0379743573090169
9,1,0.391864378375048
10,1,-0.109803327747626
11,1,-0.232751982274726
12,1,-0.416182322511212
13,1,0.274686941378604
14,1,0.0798627064466255
15,1,0.428030959262237
16,1,-0.893679069497329
17,1,-0.714787913251471
18,1,-0.230520384276809
19,1,-0.696148566012002
20,1,-0.100839442305412
21,1,-0.260133443104788
22,1,-0.535019514840423
23,1,-0.155595544381449
24,1,-0.142426178957585
25,1,0.594271628284779
26,1,0.228490629630615
27,1,0.381341112633404
28,1,-0.558570744434551
29,1,-0.231286410351777
30,1,-0.550535850798056
31,1,-0.810114680178756
32,1,0.31814373065859
33,1,-0.425161325989438
34,1,0.0131624073848818
35,1,-0.174818277466
36,1,0.257978045295784
37,1,-0.299894488961539
38,1,-0.401340437666409
39,1,0.19377749639214
40,1,-0.129602029308354
41,1,0.0170486962693906
42,1,-0.00454093584882737
43,1,-0.802704111057129
44,1,-0.284950720018325
45,1,-0.659551249790041
46,1,-0.980752745792578
47,1,-0.758622997262275
48,1,0.239457645448247
49,1,-0.613630734194311
50,1,-0.282253678671028
51,1,-0.511349863690807
52,1,-0.187686971290493
53,1,0.191344323911653
54,1,-0.473717581766647
55,1,-0.0485513118645318
56,1,0.122651972538723
57,1,0.304696115841906
58,1,-0.200667732692703
59,1,-0.167523080880225
60,1,0.109037092265378
61,1,-0.572613346500636
62,1,-0.0460682221933627
63,1,-0.710599182630535
64,1,-0.821867872893829
65,1,-0.234682433431375
66,1,-0.341929233649284
67,1,-0.598810542622901
68,1,-0.427768813885303
69,1,0.392633709408151
70,1,0.28241935739647
71,1,-0.210511474294818
72,1,-0.207564483725188
73,1,0.449399637630484
74,1,0.206312965267443
75,1,-0.303966984664673
76,1,-0.189482845760661
77,1,-0.012247069389023
78,1,0.0191237713881112
79,1,0.456810206752111
80,1,0.245530941608832
81,1,0.169483520727656
82,1,-0.263555360183708
83,1,-0.149738124904074
84,1,-0.0394194366163868
85,1,-0.237029403965144
86,1,-0.475911901790106
87,1,0.146696381537038
88,1,-0.261759485713541
89,1,-0.0264066829455018
90,1,-0.0258373339870047
91,1,0.00787991320821799
92,1,0.0710055155667097
93,1,0.19957276548248
94,1,-0.210281675894958
95,1,0.0109026320162534
96,1,-0.867235229110866
97,1,-0.112894349795323
98,1,-0.0975779959122956
99,1,-0.101943726116031
100,1,0.054300450048389
101,1,-0.817314655051153
102,1,0.391076659026688
103,1,-0.0156152976540724
104,1,-0.421444569361779
105,1,-0.477706233809354
106,1,-0.514794631671598
107,1,0.16052074863362
108,1,-0.193760267451078
109,1,-0.241612255790203
110,1,-0.0859747954325217
111,1,0.17921906712094
112,1,0.327863045667684
113,1,-0.316532248276509
114,1,-0.0739070998245659
115,1,-0.167057637530844
116,1,0.0563035804238069
117,1,-0.00660798138477364
118,1,-0.692607918970332
119,1,0.19377749639214
120,1,-0.418030681865633
121,1,-0.405853504306347
122,1,-0.0898161110390268
123,1,0.0263518347574361
124,1,-0.900641969104685
125,1,0.0371615118604992
126,1,-0.313728425057279
127,1,-0.231878610212145
128,1,-0.229268764029988
129,1,-0.0991274114956719
130,1,-0.122084765624429
131,1,0.28283531265791
132,1,-0.262080219261601
133,1,0.0986250732485574
134,1,0.344137245731685
135,1,-0.691351577133408
136,1,-0.166271460633403
137,1,0.260298008482052
138,1,-0.0523632902055692
139,1,0.284917565103651
140,1,-0.641207849525304
141,1,-0.261183517237363
142,1,0.136762098007261
143,1,-0.157061116304398
144,1,0.546616539384699
145,1,-0.142734027883977
146,1,-0.503890938530489
147,1,-0.228454792317999
148,1,-0.268680259937384
149,1,-0.115809626112122
150,1,-0.111083171911736
151,1,0.272670837507734
152,1,-0.276746330007181
153,1,-0.649794656806489
154,1,-0.774390306916636
155,1,0.328546341430403
156,1,-0.142791456680909
157,1,-0.186900794393052
158,1,0.14443506371749
159,1,0.279488777666252
160,1,-0.525137322974362
161,1,-0.19123718733132
162,1,-0.216464676329448
163,1,0.0701279475203894
164,1,-0.41862825474142
165,1,-0.839878640693381
166,0,-0.241960784152812
167,0,-0.252982870481084
168,0,0.305947736088727
169,0,-0.480241808364777
170,0,-0.857940774518559
171,0,0.211838087766399
172,0,-0.139753530963078
173,0,-0.754876474266408
174,0,-0.52634439904592
175,0,-0.146603435021946
176,0,-0.0872340596714183
177,1,-0.303402579618853
178,1,0.407758873643138
179,1,0.0461471348564058
180,1,-0.157180389577461
181,1,-0.137513906416922
182,1,-0.0116959733254221
183,1,0.394775753954636
184,1,-0.186871457127585
185,1,0.189441103453872
186,1,-0.354371390389023
187,1,0.159403705073281
188,1,0.115394053927406
189,1,-0.111083171911736
190,1,0.408781544711317
191,1,0.465715120946474
192,1,0.0807838018236541
193,1,-0.16401499022291
194,1,-0.681878906388512
195,1,-0.298223991051306
196,1,-0.5932074114018
197,1,-0.794842966974616
198,1,-0.20351686043463
199,1,-0.434887336769409
200,1,-0.0557809176847758
201,1,0.103528201150612
202,1,-0.367907016206219
203,1,0.193011470317173
204,1,-0.847088184564935
205,1,-0.357039094470852
206,1,0.199076739929519
207,1,-0.670692609391376
208,1,0.143315661870859
209,1,-0.491532143356856
210,1,-0.594643646059281
211,1,-0.198473412669245
212,1,-0.201013931137346
213,1,0.155353723496432
214,1,-0.267633565677846
215,1,0.151386675853334
216,1,0.0242089743755784
217,1,0.28614749207708
218,1,0.684906263198321
219,1,-0.316532248276509
220,1,-0.621407605513657
221,1,0.0880774559585102
222,1,-0.846918688190287
223,1,-0.194715940723167
224,1,-0.105932378158738
225,1,-0.470226336973671
226,1,0.263967497795942
227,1,0.399777668820514
228,1,-0.734575051381841
229,1,0.0494521369485552
230,1,-0.864709226589137
231,1,-0.685195807397786
232,1,-0.157061116304398
233,1,-0.813250185896258
234,1,-0.562947127821408
235,1,-0.587541997407838
236,1,0.220236454814616
237,1,-0.285795868163616
238,1,-0.661759471279723
239,1,-0.180391774704718
240,1,-0.473889311555639
241,1,-0.711629893407685
242,1,0.406928241444218
243,1,0.0798627064466255
244,1,-0.0484392442868151
245,1,0.468399670892642
246,1,0.191426625121161
247,1,-0.204188611468063
248,1,-0.302501412741724
249,1,-0.287491238486425
250,1,-0.936150465683595
251,1,-0.812259083011533
252,1,-0.179361926309518
253,1,-0.0511318207812211
254,1,0.187268476703806
255,1,-0.12014601905039
256,1,-0.186900794393052
257,1,-0.423432420947035
258,1,-0.012925900298851
259,1,-0.603869293801705
260,1,-0.432135789027152
261,1,-0.352294775853919
262,1,-0.114013751641954
263,1,-0.36526753604168
264,1,0.234070390910356
265,1,-0.776156844121336
266,1,-0.659904625561705
267,1,-0.110589504645067
268,1,0.64646079702922
269,1,0.157680201414621
270,1,-0.234488885497043
271,1,-0.908401066588921
272,1,-0.211746683702227
273,1,-0.833964905767253
274,1,-0.312167631420952
275,1,0.485937982604594
276,1,-0.346120523565694
277,1,0.38759498323287
278,1,-0.107835598616518
279,1,0.0800779919346503
280,1,0.468732895841832
281,1,-0.398991108846349
282,1,-0.486120832241761
283,1,-0.265107563156117
284,1,-0.781656166236944
285,1,0.0396229082582761
286,1,-0.764019820799324
287,1,-0.80943820755522
288,1,-0.265371002920185
289,1,-0.443421180106553
290,1,0.119934780368953
291,1,-0.258396539882471
292,1,-0.0383075822582073
293,1,0.0131369424883003
294,1,-0.682500872617089
295,1,0.125654923080449
296,1,-0.331485586218881
297,1,-0.366372088200889
298,1,0.283205534293911
299,1,-0.484844428456146
300,1,-0.299105389662126
301,1,-0.542342409737123
302,1,-0.582835382833568
303,1,0.473796494429691
304,1,-0.466088681171895
305,1,-0.291303216827463
306,1,-0.0383292755315995
307,1,-0.0202259442936803
308,1,-0.281896694657439
309,1,-0.0502504221704015
310,1,-0.608121843079546
311,1,-0.0373817283459082
312,1,-0.0913667715605165
313,1,-0.303373242353386
314,1,0.464570846687266
315,1,0.351925680481389
316,1,0.217099406646195
317,1,-0.732051971262083
318,1,0.353943326803178
319,1,0.265806899596817
320,1,-0.0839892737652329
321,1,-0.905808066271102
322,1,-0.0731366838116094
323,1,-0.352632944715787
324,1,-0.248602022241336
325,1,0.263171751899343
326,1,0.0577246970452762
327,1,-0.0523537212064113
328,1,-0.887482963181562
329,1,-0.288667476645983
330,1,-0.427508296523206
331,1,0.243617336316521
332,1,-0.853950580024933
333,1,-0.197708929045196
334,1,-0.0634950808077457
335,1,-0.431498491016832
336,1,0.257428758285976
337,1,-0.540127568729761
338,1,0.0174733354265685
339,1,-0.285794325712697
340,1,0.223262256258212
341,1,-0.846132511292846
342,1,0.244514966311531
343,1,0.0331957107196634
344,1,0.218218808492827
345,1,-0.125571066504728
346,1,-0.406722411516036
347,1,0.0342245422703081
348,1,-0.537624417109902
349,1,-0.682153160089852
350,1,-0.291800624077193
351,1,-0.602162021527236
352,1,0.367227975889111
353,1,-0.128113914890796
354,1,-0.245554527524348
355,1,0.585239528476687
356,1,-0.787288634723513
357,1,-0.0699184477818592
358,1,-1.00949046038294
359,1,-0.358348143514605
360,1,0.401864642856359
361,1,-0.590263725790304
362,1,-0.234102564217987
363,1,0.191673084007952
364,1,-0.0657271578654493
365,1,0.285552504827679
366,1,0.134180046639653
367,1,-0.640762556998397
368,1,-0.213414259210487
369,1,-0.45453320244242
370,1,-0.423721190594746
371,1,-0.820545382482033
372,1,-0.543573879161471
373,1,0.550166755425526
374,1,-0.515365523081014
375,1,-0.483844299882578
376,1,-0.699791047978391
377,1,-0.221508124094833
378,1,0.223965702843404
379,1,-0.344523776418022
380,1,-0.315922745080737
381,1,-0.0576408404695555
382,1,0.00580175545393641
383,1,0.337150587059931
384,1,-0.740141371293538
385,1,-0.251101343296696
386,1,-0.413437470539833
387,1,-0.368589287494543
388,1,-0.500962717086564
389,1,0.453578097624462
390,1,-0.3996450673436
391,1,0.0424390621244854
392,1,-0.783242553883874
393,1,-0.631273565995528
394,1,-0.344844509966083
395,1,-0.647035931737212
396,1,-0.460811130907909
397,1,-0.187975740938204
398,1,-0.12127698432738
399,1,-0.110617728562356
400,1,-0.777236255519379
401,1,-0.321489064992434
402,1,0.400921943079722
403,1,-0.236213889802235
404,1,-0.12298901513712
405,1,0.278911266739156
406,1,-0.509444284946734
407,1,-0.139686533166988
408,1,-0.231965805377285
409,1,-0.398381634018902
410,1,-0.122543722610212
411,1,-0.77475316584821
412,1,0.294762849156685
413,1,-0.114895150252774
414,1,-0.223879146188285
415,1,-0.0385293541098289
416,1,0.00811555815773791
417,1,-0.412802530815804
418,1,0.261372955027204
419,1,0.394947608615576
420,1,-0.15718193202838
421,1,0.0446844853354287
422,1,-0.173586808041652
423,1,-0.327318689655261
424,1,-0.542803005677449
425,1,0.173695057970163
426,1,-0.970934469087045
427,1,-0.443493976567431
428,1,-0.809869466230079
429,1,-0.920761404213474
430,1,-0.505010340377121
431,1,-0.932569667439187
432,1,-0.527880841133844
433,1,-0.0785052550630442
434,1,-0.844045537257001
435,1,-0.480248294728374
436,1,-0.153520469262729
437,1,0.224572847752884
438,1,-0.13643895987177
439,1,-0.304173453102875
440,1,-0.70356303587084
441,1,-0.378150745812544
442,1,-0.0180766940518494
443,1,-0.217666808488328
444,1,-0.325412290058296
445,1,-0.409517032863004
446,1,-0.412621956376924
447,1,-0.0903711078398386
448,1,0.0552416073741071
449,1,-0.196677538199077
450,1,-0.311023357161743
451,1,-0.848384260113236
452,1,-0.126596067490874
453,1,-0.316771072365214
454,1,-0.203595982504954
455,1,-0.814217758085471
456,1,-0.165331090774733
457,1,0.430963081443374
458,1,-0.0284471801691617
459,1,0.16655529928373
460,1,-0.285029842088648
461,1,-0.0648255119285331
462,1,0.49429360978915
463,1,-0.454516541955489
464,1,-0.479723880131143
465,1,0.453343834371711
466,1,0.331677946410693
467,1,-0.337549313380308
468,1,0.188498403677235
469,1,0.525666472076989
470,1,-0.0451574863170755
471,1,-0.0874958219716284
472,1,0.385746833285729
473,1,0.326849428656675
474,1,0.306310595020301
475,1,-0.41347900343934
476,1,0.0181556067148924
477,1,0.264856173271941
478,1,0.262957800223215
479,1,-0.406269459567786
480,1,-0.0621539071094928
481,1,0.053910133077853
482,1,-0.511984803414835
483,1,-0.170161150979671
484,1,-0.617678357484869
485,1,-0.0604446636887854
486,1,-0.166617630709721
487,0,-0.209933963367721
488,1,-0.749133480653041
489,0,-0.275859648962382
490,0,-0.198473412669245
491,0,-0.506241809801469
492,0,-0.689448356675627
493,0,-0.462144963490455
494,0,-0.51805809957542
495,0,-0.720589878112688
496,0,-0.151783566040412
497,0,0.116832310095594
498,0,0.199433723943108
499,0,-0.317211643302017
500,0,-0.170465038663394
501,0,-0.600124313256757
502,0,-0.234376817919326
503,0,-0.160703598270787
504,0,-0.1087936301749
505,0,-0.192133889355559
506,0,-0.245950978646438
507,0,-0.0752787283580946
508,0,0.30430979456285
509,0,-0.185435222470103
510,0,-0.272435401965495
511,0,-0.193760267451078
512,0,0.183872453624208
513,1,0.494970082412686
514,0,-0.0339906491789879
515,0,-0.620509975518647
516,0,-0.869929348056191
517,0,-0.267633565677846
518,0,-0.454399530465095
519,0,-0.0839892737652329
520,0,-0.543375142024979
521,0,-0.535813239226316
522,0,-0.359026974424433
523,0,-0.885338560348785
524,0,-0.629605893983644
525,0,-0.0221292612550843
526,0,-0.610674260464771
527,0,0.151845632839117
528,0,-0.271027230471153
529,0,-0.214604195735327
530,0,-0.634231844036671
531,0,-0.392460395884622
532,0,-0.36325143217081
533,0,-0.333847860166068
534,0,-0.501756441472456
535,0,-0.316865473225699
536,0,-0.36499328234034
537,0,-0.00290158425785619
538,0,-0.228482587132547
539,0,-0.166271460633403
540,0,-0.287087478859026
541,0,0.12521233063294
542,0,-0.588240074430983
543,0,-0.0917499137003883
544,0,-0.579604655402688
545,0,-0.475224686589104
546,0,-0.938077016103033
547,0,-0.629844718072349
548,0,0.12521233063294
549,0,-0.114013751641954
550,0,-0.356113240558553
551,0,-0.176403122662011
552,0,-0.73746564066347
553,0,-0.363761812915992
554,0,-0.110284503613166
555,0,0.223806821677916
556,0,-0.233866919268467
557,0,-0.182466849823439
558,0,-0.704969636545938
559,0,0.000687215201001597
560,0,-0.330714712734859
561,0,-0.85484882450009
562,0,-0.113693018093893
563,0,-0.0293860075769128
564,0,-0.589337871878005
565,0,-0.214298580223279
566,0,-0.472487654793218
567,0,-0.464621566798027
568,0,-0.143853429730608
569,0,-0.0296493123280421
570,0,-0.0544848421364752
571,0,-0.704155664833949
572,0,0.0404025987921203
573,0,0.0492891269375038
574,0,-0.054615039025959
575,0,-0.180371623882245
576,0,-0.962054427305258
577,0,-0.484785457208296
578,1,0.103734669588815
579,0,-0.726250006400866
580,0,-1.08292803508196
581,0,0.503721825232565
582,0,-0.204715384351585
583,0,-0.465956941831492
584,0,0.438373650565001
585,0,-0.0770402472557752
586,0,-0.592005575959834
587,0,-0.0777190781656033
588,0,-0.546614984018487
589,0,-0.860897248248099
590,0,-0.269054682299316
591,0,0.388261886857248
592,0,-0.215325123660343
593,0,-1.00094364355035
594,0,-0.0225921189780787
595,0,-0.144792257138359
596,0,-0.49199500107985
597,0,-0.24332447197735
598,0,-0.744331644365393
599,0,-0.661759471279723
600,0,-0.559744652676142
601,0,-0.23038816587662
602,0,-0.102906576715142
603,0,-0.257787494157765
604,0,0.216838889284099
605,0,-0.191829816294429
606,0,-0.526256724820993
607,0,-0.141418023835777
608,0,-0.988978829077114
609,0,-0.378277931426273
610,0,0.29975162977296
611,0,-0.519177501422051
612,0,-0.952177179351875
613,1,0.340089622441128
614,0,-0.19372027700249
615,0,-0.529476045830597
616,0,-0.301097734468597
617,0,-0.44945294336763
618,1,0.242069034081323
619,0,-0.276152158593154
620,0,-0.149061652280538
621,0,-0.305984630986462
622,0,-0.687099027855567
623,0,-0.259980271730304
624,0,-0.111647576957556
625,0,0.0845910585745877
626,0,-0.271969958616115
627,0,-0.144587331151076
628,0,-0.136262286170101
629,0,-0.659906168012624
630,0,0.216396252556289
631,0,-0.218482322651236
632,0,-0.60004046959633
633,0,0.00062162443547048
634,0,-0.274978250351562
635,0,-0.498940126852097
636,0,0.00420006439358686
637,0,-0.326087220230913
638,1,0.463162703561249
639,0,-0.27887742385774
640,0,-0.535923764353114
641,0,-0.589470001404412
642,0,-0.39817559468344
643,0,0.0966089693776875
644,0,-0.489908027044005
645,0,-0.67030628811232
646,1,0.246433650936881
647,0,-0.932378477791147
648,0,0.240689114872595
649,0,-0.457475345602996
650,0,-0.684932931749398
651,0,-0.40300801317467
652,0,-0.362019962746462
653,0,0.31817195457588
654,0,-0.326087220230913
655,0,0.244966536563013
656,0,-0.354342053123555
657,0,-0.691642676699085
658,0,-0.700425987702419
659,0,-0.176515190239728
660,0,-0.36924583161818
661,0,0.445528688041596
662,0,0.460207772282628
663,0,-0.636055942424128
664,0,-0.0437212516595943
665,0,-0.0601401615249148
666,0,-0.389822325785176
667,0,-0.459271220073164
668,0,0.0704117732554226
669,0,-0.346231048692492
670,0,-0.00102005707346783
671,0,-0.927706529985721
672,0,-0.478492410706795
673,0,0.00297013742015792
674,0,0.0455827298105863
675,0,0.512626739426929
676,1,0.075479836696172
677,0,-0.527258874905268
678,0,0.197589474733178
679,0,-0.52321125161471
680,0,-0.847088184564935
681,0,-0.495133092423737
682,0,-0.224991342339571
683,0,-0.336763136482867
684,0,0.352696553965411
685,0,-0.796193548917876
686,0,-0.204217948733531
687,0,0.378772370248014
688,0,-0.0891678623327799
689,0,-0.192409685507818
690,0,-0.377491754528832
691,0,-0.130984735906115
692,0,-0.255811566112891
693,0,-0.338364827543217
694,0,-0.574369230522215
695,0,-0.982448116115387
696,0,-0.792233120792459
697,0,0.0114670370620729
698,0,-0.94318661244329
699,0,-0.218482322651236
700,0,-0.0168467670784205
701,0,0.366851223609212
702,0,-0.287491238486425
703,0,-0.408287105889575
704,0,0.471103917935284
705,0,0.593099130108282
706,0,-0.271636733666924
707,0,0.0359979914879742
708,0,-0.572309458816913
709,0,-0.15749876483923
710,0,-0.12061146239977
711,0,-0.792856497086129
712,0,-0.834876725827503
713,0,-0.561501324164769
714,0,-0.1595148687101
715,0,-0.297197447614242
716,0,-0.312929756758708
717,0,-0.506590241660455
718,0,-0.0056078528112049
719,0,0.222555201431095
720,0,-0.0310292315367702
721,0,-0.286651372775114
722,0,-0.952321239198266
723,0,-0.816292833204192
724,0,-0.430381447456493
725,0,-0.540023663120644
726,0,-0.319142094458666
727,0,-0.158687494399917
728,0,0.0687213468452913
729,0,0.0974000901878061
730,0,-0.00290158425785619
731,0,-0.120527618739343
732,1,0.545884868882218
733,0,-0.199726575366985
734,0,0.226767167776342
735,0,0.0845957801646914
736,1,0.273514443202107
737,0,0.20933876671104
738,0,-0.19071277273409
739,0,-0.119233873109009
740,0,-0.405676830604677
741,0,-0.854543208988042
742,0,-0.00830489415850179
743,1,0.101207124616166
744,0,-0.104871947559957
745,0,0.231102018263691
746,0,-0.714430929237882
747,0,0.0378220898754309
748,0,-0.415602453297823
749,0,-0.339303654950968
750,0,0.0888483294425322
751,0,-0.407346736030905
752,0,-1.03296892188452
753,0,-0.563762641984317
754,0,-0.295181343743372
755,0,-0.0981717382235826
756,0,-0.213966897725007
757,0,-0.208139631348473
758,0,-0.110201773300917
759,0,-0.876141685756148
760,0,-0.208816103972009
761,0,-0.125155111243289
762,0,0.185957885209134
763,0,-0.52806790270458
764,0,-0.967673022693929
765,0,-0.621074380564467
766,0,-0.408851510935394
767,0,-0.751631688360223
768,0,-0.644138429255522
769,0,-0.229268764029988
770,0,-0.298223991051306
771,0,0.123982403659511
772,0,0.329443043454641
773,0,-0.489151187412031
774,0,-0.387157973208059
775,0,-0.247260027690191
776,0,-0.785823062800564
777,0,-0.419414431638861
778,0,-0.221973567444213
779,0,-0.0370776552847784
780,0,0.0412181129550289
781,0,-0.199259589566686
782,0,-0.602948198424677
783,0,-0.508501585170097
784,0,0.237552066704175
785,0,-0.352605149901239
786,0,-0.819545253908464
787,0,-0.63263169542724
788,0,0.133759147465536
789,0,-0.495129690961979
790,0,0.341556736814996
791,0,-0.898291097833706
792,0,-0.447987371444682
793,0,-0.851410061556832
794,0,-0.470686836410373
795,0,-0.806099020788549
796,0,-0.101030631953452
797,1,0.412095266581406
798,0,-0.563232814833558
799,0,-0.284328753789748
800,0,0.0908937705788697
801,1,-0.0988282823472197
802,0,-0.228329936622237
803,0,-0.238148805811775
804,0,-0.163920589362424
805,0,-0.0965453601280634
806,0,-0.428422772382554
807,0,-0.181268325906484
808,0,-0.329928535837418
809,0,-0.819780898857984
810,0,-0.853602051662324
811,0,0.33267515258229
812,1,0.0562571036116214
813,0,0.132972970568095
814,0,-0.355214996083395
815,0,-0.704946785644067
816,0,-0.163245659189807
817,0,0.416014590910057
818,0,0.313130865096786
819,0,-0.106427455490501
820,0,-0.0750676990839384
821,0,-0.398413597919252
822,0,-0.675349735877705
823,0,-0.663123159104261
824,0,0.157592527189694
825,0,-0.532897962909517
826,0,-0.530881859038647
827,0,-0.307569476182473
828,0,-0.508718413109041
829,0,-0.573309587390482
830,0,-0.558341425094478
831,0,-0.963462598799601
832,0,-0.132100237015535
833,0,-0.357825271368293
834,0,-0.179223998118324
835,0,0.132972970568095
836,0,-0.0506957146973086
837,0,-0.528843720101279
838,0,-0.424984623919444
839,0,0.227663255320433
840,0,-0.768244146159875
841,0,0.000687215201001597
842,0,-0.241281953242984
843,0,-0.600256442783163
844,0,-0.586290377161017
845,0,-0.444825450863685
846,0,-0.937501047626856
847,0,-0.0994823297182544
848,0,-0.813279523161725
849,0,-0.474503758664088
850,0,-0.181621701678147
851,0,-0.481361210211408
852,0,-0.727151173277996
853,0,-0.149596423343975
854,0,-0.29294644078732
855,0,-0.625331651432411
856,0,0.0523149283811003
857,0,-0.65308435548522
858,0,-0.202809805607513
859,1,0.355610902311439
860,1,0.100033216374575
861,0,-0.00735725046918689
862,0,-0.868836920171215
863,0,-0.458485043175723
864,0,-0.262236742140798
865,0,-0.265284236857786
866,0,-0.414639602698713
867,0,-0.158687494399917
868,0,-0.397499122059904
869,0,0.463453803126927
870,0,0.103950642775648
871,0,-0.0846242134892612
872,0,-0.393770987379294
873,0,0.115847005875657
874,0,-0.348092083261301
875,0,-0.113722652076276
876,0,-0.266573135079066
877,0,0.26633367248034
878,0,-0.492385318050386
879,0,-0.265807109004098
880,0,-0.224991342339571
881,0,-0.402238682141567
882,0,-0.462272237977967
883,1,0.0687441977471621
884,0,-0.534277882118245
885,1,0.246939084734849
886,0,0.17590534525085
887,0,-0.201334664685406
888,0,-0.658035167163613
889,0,-0.55998524153834
890,0,-0.516262225105253
891,0,-0.0564109134961265
892,0,-0.422834848071249
893,0,-0.612399264769963
894,0,-0.410896952071732
895,0,-0.240276977260362
896,0,-0.226657375396912
897,0,-0.271636733666924
898,0,-0.7327590260892
899,0,-0.284358091055216
900,0,-0.233866919268467
901,0,-0.826635524506956
902,0,-0.536604360036435
903,0,0.196148518485593
904,0,0.303464646417558
905,0,-0.12659134590077
906,0,-0.699791047978391
907,0,0.0301188787372071
908,0,0.120109124152656
909,0,-0.602186414880026
910,0,-0.136727729519481
911,0,0.26633367248034
912,0,0.0817005657965821
913,0,-0.275958610658821
914,0,-0.112202573758368
915,0,-0.0793466632252751
916,0,-1.06168919812654
917,1,0.536340845878025
918,0,-0.728004347971526
919,0,0.247762539606749
920,0,-0.496463523544524
921,0,0.400521105854295
922,0,-0.267038578428446
923,0,-0.230498691003417
924,0,-0.410274985843156
925,0,-0.33327189168989
926,0,-0.964537516976428
927,0,0.098420147261274
928,0,-0.212628082313046
929,0,-0.218691809474473
930,0,-0.541930062717609
931,0,-0.111083171911736
932,0,-0.196719071098585
933,0,-0.428323810686115
934,0,-0.136262286170101
935,0,0.168045743619256
936,0,-0.13547610927266
937,0,-0.00569350552542569
938,0,-0.269643480697925
939,0,-0.0751092319834462
940,0,-0.723667955033258
941,0,-0.290538733203414
942,0,-0.425952788592663
943,1,0.0699805145805642
944,0,-0.495240216088776
945,0,-0.875894113521179
946,0,-0.969148163616035
947,0,-0.391230468911193
948,0,-0.944083314467529
949,0,-0.676599813673607
950,0,-0.58160391340922
951,0,0.190294278147403
952,0,0.295634678768347
953,1,0.160725674620904
954,0,-0.260064115390732
955,0,-0.339305984868935
956,0,-0.318343426160095
957,0,-0.400571010129683
958,0,-0.956224802642432
959,0,-0.122078279260832
960,0,-0.679891026434932
961,0,-0.911095185534247
962,1,0.089246774995823
963,1,0.352535183677161
964,0,-0.396381262664192
965,0,-0.295082382046933
966,0,-0.668431291571828
967,0,0.192546026967792
968,0,-0.94649161453544
969,0,-0.152552897073515
970,0,0.0923764820485364
971,0,0.076942486217149
972,0,-0.326437291044441
973,0,-0.185781392546421
974,0,0.438373650565001
975,0,-0.778437930207193
976,0,-0.613950222804259
977,0,-0.210832207842879
978,0,-0.498946613215694
979,0,-0.210046030945438
980,0,0.590780383491803
981,0,0.273278798252587
982,0,-0.89761462521017
983,0,-0.0168452246275013
984,0,-0.381843450880519
985,0,-0.186567569443862
986,1,0.205266271007906
987,0,-0.49026376611948
988,0,0.520486341058524
989,0,-0.639976380100956
990,0,-0.293801424534644
991,0,-0.259598672041351
992,0,-0.838124299122721
993,0,-0.284674923866066
994,0,-0.4489285287704
995,0,-0.0361784828388494
996,0,-0.541993977878137
997,0,-0.437081656792867
998,1,0.312456755777062
999,0,-0.787403060587521
1000,1,0.188209634029524
