Subj,Class,risk_ori
1,0,0.674607247655855
2,1,0.827400428896739
3,1,0.937563146029054
4,1,0.842708247460875
5,1,0.922557537185739
6,1,0.327876835288176
7,1,1.03467263016169
8,1,0.608681540908549
9,1,0.342719169797113
10,1,0.842708247460873
11,1,0.760515250471536
12,1,0.998877672623002
13,1,0.321892274831723
14,1,0.677450881846475
15,1,0.748980126288363
16,1,1.08990723433941
17,1,0.811945727122897
18,1,0.625819584590718
19,1,0.547157991350341
20,1,0.885329735987292
21,1,0.625300623542363
22,1,0.781354011103521
23,1,0.71881971873639
24,1,0.567612862657149
25,1,1.07166856780468
26,1,0.453154641365745
27,1,0.817023715611177
28,1,0.238402131914872
29,1,0.804316916325941
30,1,0.753909809507928
31,1,0.933916322874699
32,1,0.75668991361976
33,1,0.496598715600344
34,1,0.772817214493007
35,1,0.339000300307504
36,1,0.270680856163527
37,1,0.539309468989036
38,1,0.673714793829853
39,1,0.527197958589724
40,1,0.652693988128118
41,1,0.382387319116557
42,1,0.588787515616707
43,1,0.739346567474347
44,1,0.632174534425758
45,1,0.653070350483295
46,1,0.801647714375057
47,1,0.932935672530309
48,1,0.815841989089053
49,1,0.854850600454706
50,1,0.985792832656751
51,1,0.860258565488244
52,1,0.376032369281515
53,1,1.02365563250452
54,1,0.470463668761116
55,1,0.40253780549933
56,1,0.543182042574213
57,1,1.12098476215698
58,1,0.375479668432131
59,1,0.481032260742066
60,1,1.10806191762835
61,1,0.499455410936579
62,1,0.745331127930802
63,1,0.852290141862698
64,1,0.472502991101551
65,1,0.758496016235639
66,1,0.987334403274248
67,1,0.945482157717982
68,1,0.923057464111888
69,1,0.842708247460873
70,1,0.930790567067803
71,1,0.652325020808537
72,1,0.608639655941933
73,1,0.89808545033177
74,1,0.914398659938036
75,1,0.798116310626096
76,1,0.108948924335722
77,1,0.75266672811023
78,1,1.24841222160042
79,1,0.699051564671163
80,1,0.741918200372855
81,1,0.726978595984099
82,1,0.750262986353578
83,1,0.713871267795677
84,1,0.639723153721881
85,1,0.820414077674591
86,1,0.757058880939343
87,1,0.656156327622678
88,1,0.535968518862239
89,1,1.22757935667267
90,1,0.399149618639128
91,1,0.809055291985635
92,1,1.10628502634122
93,1,1.08274417789503
94,1,0.285188713283905
95,1,1.19847382635758
96,1,0.612137910440738
97,1,0.926398414238692
98,1,0.4672426941567
99,1,0.403524425806093
100,1,0.0891748003081223
101,1,0.460697290699497
102,1,0.418881857700116
103,1,0.848899779799284
104,1,0.901610884118363
105,1,0.479418786951564
106,1,0.540176188031559
107,1,0.612506877760325
108,1,1.06241517781483
109,1,0.680812898136442
110,1,0.596904507897798
111,1,0.753909809507928
112,1,0.616832272990673
113,1,0.342015725088968
114,1,0.978542702580435
115,1,0.753533447152753
116,1,0.668452321681786
117,1,0.912785186147532
118,1,0.793488837127353
119,1,0.524794216833069
120,1,0.996473930866344
121,1,0.633176325191455
122,1,0.394563411911417
123,1,0.680520522041257
124,1,0.676981591322297
125,1,0.631378367741159
126,1,0.710674959630861
127,1,1.02779871927829
128,1,1.05204301243263
129,1,0.703068780218323
130,1,0.715178865544412
131,1,0.33504909222912
132,1,0.534981898555476
133,1,0.262079609091872
134,1,0.543742888589182
135,1,0.910637905481812
136,1,0.90210266587893
137,1,0.709663598626357
138,1,0.121550791422381
139,0,0.631378367741157
140,1,0.727725350732081
141,0,0.918424020650776
142,0,0.866619488299872
143,0,0.366260018243306
144,0,0.692548046180577
145,0,0.858274702319155
146,0,0.779442669303016
147,0,1.07854247868808
148,0,1.16399996651422
149,0,0.730874857950253
150,0,0.76244504911081
151,0,0.608938001999483
152,0,0.285004229624113
153,0,0.998088826715857
154,1,0.406483043615348
155,1,0.640968410322788
156,1,0.266481332159789
157,1,0.589163877971885
158,1,0.222709805829983
159,1,0.402773126168962
160,1,0.515481379887683
161,1,0.938758990693347
162,1,1.05787085605374
163,0,0.785177790947665
164,1,0.346592361577871
165,0,0.784542792298336
166,0,0.65949130778711
167,0,1.04632976190819
168,0,0.310506453017231
169,0,0.816388716961849
170,0,0.567234325098761
171,0,1.16399996651422
172,0,0.439146275384762
173,0,0.726617776844316
174,0,0.398588772624159
175,1,0.719380564751359
176,0,0.2073846416037
177,0,0.847976689571311
178,1,0.781994979715218
179,0,0.812886598799776
180,0,0.973124958101318
181,0,0.475442838175434
182,1,0.850115825071446
183,0,0.808420293336307
184,0,0.392233822789119
185,0,0.012928817505223
186,0,0.4729851365788
187,0,0.402355497042754
188,0,0.585020791198116
189,1,0.962035232883025
190,0,0.699862901814696
191,0,0.816579170584011
192,0,0.769476264366208
193,1,0.948694759228187
194,0,0.46867168428741
195,0,0.382828263867284
196,1,0.935837919154108
197,1,0.653570277409445
198,1,0.579228109437045
199,1,0.499455410936579
200,1,0.934180929131219
201,1,0.623403974153246
202,1,0.325909490378883
203,1,0.968612904007964
204,1,0.410506229124876
205,1,0.665111371554985
206,1,0.563895550175173
207,1,0.528819577545809
208,1,0.466259794350952
209,1,0.696194869334928
210,1,0.668636805341578
211,1,0.813182838558227
212,1,0.48622200231478
213,1,0.80168898114609
214,1,0.60487293152334
215,1,0.904884945193976
216,1,0.600152271268034
217,1,0.398210235065768
218,1,0.761878233133472
219,1,0.64774098928404
220,1,0.696721975548862
221,1,0.340052928083038
222,1,0.817029685573544
223,1,0.542613669589244
224,1,1.04650610040241
225,1,0.759234622803822
226,1,0.28204561181486
227,1,0.941282633714246
228,1,0.659917082078904
229,1,0.999303446914794
230,1,0.766428524856934
231,1,0.594159565646003
232,1,0.975954477163984
233,1,0.718819718736392
234,1,1.07557789091646
235,1,0.4927592606064
236,1,0.87577560840991
237,1,0.0723651208898943
238,1,0.393761275264448
239,1,0.386412679829297
240,1,0.742546475915603
241,1,0.523265319853438
242,1,1.19049943276967
243,1,0.849093833697882
244,1,0.680965067068425
245,1,0.754786098789252
246,1,0.370469862615839
247,1,1.02384751119991
248,1,0.512165170458626
249,1,0.652509504468324
250,1,0.992524144846968
251,1,0.996473930866349
252,1,0.519039081342017
253,1,0.797931826966304
254,1,0.711227657466026
255,1,1.19186241543161
256,1,0.893836514391418
257,1,0.511496432008269
258,1,0.230684199417897
259,1,1.05444078422691
260,1,0.532578156798819
261,1,0.716792339334913
262,1,0.437196149002487
263,1,0.830968551513372
264,1,0.817631798359545
265,1,0.90304204945229
266,1,0.817023715611175
267,1,0.641946885463965
268,1,0.872592797177461
269,1,0.770037110381177
270,1,0.624390594460003
271,1,1.03174992735668
272,1,0.362871831383103
273,1,0.62446474709436
274,1,1.07023143250839
275,1,0.644535110880415
276,1,0.90749100925361
277,1,0.562844347472865
278,1,0.758111508714879
279,1,0.262079609091874
280,1,0.643474337939295
281,1,0.776568398710425
282,1,0.652325020808535
283,1,0.625485107202156
284,1,1.00282670549817
285,1,0.653070350483295
286,1,0.607837519294966
287,1,0.437211824152286
288,1,0.761076096486503
289,1,0.28185373311947
290,1,0.478593334680077
291,1,0.874217519532608
292,1,0.334608147478395
293,1,0.78161109039004
294,1,0.504274763130708
295,1,0.679752125195324
296,1,0.89846181268695
297,1,0.815841989089055
298,1,0.706090928106363
299,1,0.632991841531662
300,1,0.652885866823504
301,1,0.825608367150676
302,1,0.828564809756717
303,1,0.890069789972827
304,1,0.56863702923393
305,1,0.671648629846598
306,1,0.727966641364083
307,1,0.564271912530352
308,1,0.961391235130408
309,1,0.78165235716107
310,1,0.584416428950761
311,1,0.726167261854783
312,1,1.11986761803041
313,1,0.502531611644611
314,1,0.559759858436997
315,1,1.14452418854418
316,1,0.503472626483739
317,1,0.601765745058541
318,1,0.503938110538933
319,1,0.778085656603447
320,1,0.665111371554983
321,1,0.748641367397491
322,1,0.438775882991956
323,1,0.410764865419027
324,1,0.732963156440548
325,1,0.235688035271815
326,1,0.156585497280711
327,1,0.507423834562126
328,1,0.331267197351594
329,1,0.406447128611103
330,1,1.03595162656363
331,1,0.484238139145693
332,1,0.41471607349741
333,1,0.505496199416231
334,1,1.16764678966857
335,1,0.515857742242862
336,1,0.70325326387811
337,1,0.889926573084066
338,1,0.920043464403652
339,1,0.80485359277868
340,1,0.492391046431026
341,1,0.60427981784063
342,1,0.589654234659228
343,1,1.05876835466048
344,1,0.550362447694961
345,1,0.176061275250758
346,1,0.5852126698935
347,1,0.780224792103582
348,1,0.491153934995699
349,1,1.00302075939677
350,1,0.999069551318388
351,1,1.17493297791139
352,1,0.640894257688429
353,1,0.468905579883815
354,1,0.73055486678053
355,1,0.70863346208721
356,1,0.583855582935792
357,1,0.740931580066092
358,1,0.938758990693347
359,1,0.527013474929932
360,1,0.338958415340888
361,1,1.06933097366484
362,1,0.569005243409303
363,1,0.600963608411569
364,1,1.03094779070971
365,1,0.36825799955457
366,1,0.339868444423246
367,1,0.196957091308297
368,1,0.804845447613101
369,1,0.484798985160659
370,1,0.660927018010178
371,1,0.780970121778343
372,1,0.914406805103616
373,1,1.21460112723083
374,1,0.914657296232187
375,1,0.634789795967736
376,1,0.676605228967118
377,1,0.351513045694143
378,1,0.426707682632483
379,1,0.550097838424224
380,1,0.397151637327866
381,1,0.623366427883225
382,1,0.924584916587219
383,1,0.914212751205019
384,1,0.842708247460873
385,1,0.669689433117111
386,1,0.450695514695887
387,1,0.223086168185161
388,1,0.580634608331374
389,1,0.302935457910029
390,1,0.582167956510928
391,1,0.792400884898449
392,1,0.6122886542995
393,1,1.05466497765011
394,1,0.418807705065757
395,1,0.780711485484196
396,1,1.03997481207315
397,1,1.1508372534126
398,1,0.418474652750423
399,1,0.675248216267551
400,1,1.07835799502828
401,1,0.695744354345394
402,1,0.532017310783853
403,1,0.825674374619447
404,1,1.0028207355358
405,1,1.17655242166426
406,1,0.90845761571397
407,1,0.589716575807051
408,1,0.893085214754291
409,1,0.750143085089332
410,1,0.886544356186235
411,1,0.644356597182993
412,1,0.703693156312075
413,1,1.03056925315132
414,1,0.906504388946851
415,1,0.489432428621773
416,1,0.964966080853613
417,1,0.418288744017404
418,1,1.03433000760754
419,1,0.714247630150853
420,1,0.446778046418532
421,1,0.657513340322247
422,1,0.441975791433211
423,1,0.608639655941931
424,1,0.565493927764883
425,1,0.8451898623529
426,1,0.454518676344445
427,1,0.776768422571394
428,1,0.846172762158648
429,1,0.454712730243045
430,1,0.482995057747995
431,1,0.564087428870559
432,1,0.61709090928482
433,1,0.704505915514619
434,1,0.475652062532969
435,1,0.13484857624718
436,1,0.846733608173615
437,1,0.60427981784063
438,1,0.869823941630273
439,1,0.550548353413759
440,1,0.648301835299006
441,1,0.400202246414663
442,1,1.1122035793289
443,1,0.33895841534089
444,1,0.796877023987555
445,1,0.488556139340445
446,1,1.07395844716358
447,1,0.628826057328958
448,1,0.643980234827814
449,1,0.76545904881905
450,1,0.503932140576564
451,1,0.325658999250314
452,1,0.909394824084114
453,1,0.929973259961899
454,1,0.491520727112069
455,1,0.530780199348525
456,1,0.447909514879822
457,0,0.772366699503474
458,1,0.836176959131622
459,0,0.91342018479686
460,0,1.04703320661634
461,0,1.05034697745536
462,0,0.387397124932844
463,0,0.962562339096958
464,1,0.442793098539114
465,0,1.1392220066327
466,0,0.660477928093873
467,0,0.678011727861444
468,0,0.45668007515234
469,0,0.76992677935574
470,0,0.829199808406039
471,0,0.405310514575572
472,0,0.612288654299498
473,0,0.462310761475778
474,0,0.832772478926035
475,0,0.44271894590476
476,0,0.926398414238693
477,0,0.994670003453684
478,0,0.520217580344166
479,1,0.587693002874553
480,0,0.380057729994255
481,0,0.508259711010126
482,0,0.761878233133472
483,0,0.384074945541417
484,0,0.835985080436236
485,0,0.196772607648506
486,0,0.940527733800676
487,0,0.524609733173279
488,0,0.398330136330012
489,0,0.936320064631358
490,0,1.04354965779636
491,0,1.08527379087829
492,0,1.08355228450437
493,0,0.733339518795727
494,1,0.675803092320152
495,0,0.572660214743458
496,0,0.729390485920556
497,0,0.578777594447512
498,0,0.544193403578717
499,0,0.570248324806999
500,0,0.949023263640156
501,0,0.477192805748118
502,1,0.728151125023873
503,0,0.628447519770567
504,0,0.680252052121469
505,0,0.394563411911417
506,0,0.383204626222459
507,0,0.999303446914791
508,0,0.744948795613254
509,1,0.854699856595948
510,0,0.515506120585426
511,0,0.828202565543709
512,0,1.32039501017277
513,0,0.774581432142272
514,0,0.789889250706401
515,0,0.403592608478083
516,0,0.80431094636357
517,1,0.773761949833156
518,0,0.535631866270464
519,1,0.73198243183802
520,0,0.417913806735454
521,0,0.543936942487779
522,1,0.65269398812812
523,0,0.700288676106486
524,0,0.410506229124876
525,0,0.756692088822974
526,0,0.458889763010394
527,0,0.278096578939687
528,0,0.744578403220445
529,0,0.632741350403095
530,1,0.632991841531664
531,0,0.814059127839555
532,0,0.708265244897615
533,0,0.746938628744714
534,0,0.496157770849619
535,0,0.460511381966482
536,0,0.543511168195987
537,0,0.792853838478027
538,0,0.186814350891503
539,0,0.700112337612279
540,0,0.394187049556242
541,0,0.383445916854459
542,0,0.687502325360041
543,0,0.752672698072603
544,1,0.628413779969535
545,0,0.575067677001126
546,0,0.691987200165606
547,0,1.09392444988657
548,0,0.405680906968376
549,0,0.854627879164801
550,0,0.566489748568208
551,0,0.89395193379681
552,0,0.646340460352084
553,1,0.928978494489558
554,1,0.644350627220624
555,0,0.492206562771235
556,0,0.947103776674066
557,0,0.709083977076745
558,0,0.237835315937535
559,1,0.905693051803316
560,0,0.493745880913162
561,0,1.04350024585975
562,0,0.217101607728706
563,1,0.770037110381179
564,0,0.785419081579665
565,0,0.87967044530284
566,0,0.648107781400407
567,1,0.430993368099427
568,0,0.584762154903965
569,0,0.720787063645686
570,0,0.886017249972297
571,0,0.597814536980156
572,0,0.296553468935232
573,0,0.70362962623329
574,0,0.701198705188851
575,1,0.74830161140665
576,0,0.801086868360089
577,0,0.636566687254869
578,0,0.93319430882446
579,0,0.750143085089334
580,0,0.660301589599662
581,0,0.551293683088517
582,0,0.660477928093871
583,0,0.277412168353748
584,0,0.464278106385074
585,1,0.556303488904808
586,0,0.299573441620063
587,1,0.656460712546713
588,0,0.664503288806611
589,0,0.419341371792939
590,0,0.664685597263191
591,0,0.389559576057499
592,0,0.682403880690556
593,0,0.940904096155854
594,0,0.470624911054533
595,0,0.512726016473595
596,0,0.632364988047918
597,0,0.546531137866597
598,0,0.742551023818968
599,0,0.625059332910364
600,0,0.926959260253662
601,0,0.805714341858834
602,0,0.816388716961851
603,0,0.734826066028637
604,0,0.734135685480328
605,0,0.540170218069186
606,1,1.06703512434357
607,1,0.729206002260763
608,0,0.734135685480328
609,0,0.821657159072289
610,0,0.543140775803181
611,0,0.766085902302792
612,0,0.910631935519441
613,0,0.676050352914518
614,0,0.729382340754974
615,0,0.809472921111842
616,0,0.285194683246276
617,0,0.933564701217268
618,0,0.575446214559519
619,1,0.548329095316891
620,1,0.834813976469684
621,0,0.351513045694143
622,0,0.535542744570443
623,0,0.57061871719981
624,0,0.64454108084278
625,0,1.01902815900578
626,0,0.67551071622497
627,0,0.628792317527924
628,0,1.01079512912372
629,0,0.423209428133676
630,0,0.302374611895058
631,0,0.655899866531742
632,0,0.572586062109103
633,0,1.02975194604541
634,0,0.88654435618623
635,0,0.29636898527544
636,0,0.562089447559297
637,0,0.246513154233594
638,0,0.825680344581818
639,0,0.563661654578769
640,0,0.706281381728524
641,0,0.756313551264583
642,0,0.592169732514539
643,1,1.10467155556494
644,0,0.992380124094786
645,1,0.893693297502661
646,0,0.397904362038218
647,1,0.967651576149883
648,0,0.620865160673412
649,0,0.763505822051928
650,0,0.566860137946797
651,0,0.299147667328269
652,0,0.769016750273383
653,1,1.14662958424328
654,0,0.516829393483965
655,0,0.188798214060591
656,1,0.64855829638994
657,0,0.328581702055324
658,0,0.741357354357886
659,0,0.120874526002022
660,0,1.10208332713427
661,0,1.10422918574099
662,0,0.629400400276294
663,0,0.83894152304228
664,0,0.939561127340317
665,0,0.6700433042359
666,1,0.808676754427244
667,0,0.395800523346746
668,0,0.482985487509187
669,0,0.531141021502526
670,0,0.593606867810836
671,0,0.687769960757482
672,0,0.540176188031557
673,0,0.499270927276788
674,0,0.357445941738406
675,0,0.492397016393397
676,0,0.918614474272937
677,0,1.022788913462
678,0,0.628598263629327
679,0,0.3443804985166
680,0,0.664429136172255
681,1,0.737782508634677
682,0,0.91402826754523
683,0,1.18346821751427
684,1,0.957666395678431
685,0,0.632356842882336
686,0,0.343962251194807
687,1,0.528974849876859
688,0,0.285565075639084
689,0,0.487754002693473
690,0,0.393326300476094
691,0,0.899096811336274
692,1,0.664501113603397
693,0,0.523366651775581
694,0,0.761001943852143
695,0,0.222084377419461
696,0,0.556113035282644
697,0,0.384635791556387
698,0,0.415133702623619
699,0,0.234787576428263
700,1,1.15918203939332
701,0,0.844272306300541
702,0,0.492391046431024
703,0,0.54449778850275
704,0,0.129093440756133
705,0,0.750143085089334
706,0,0.797506052674512
707,0,0.770111263015536
708,0,0.688220475747015
709,0,0.14913603470352
710,0,0.860899534099937
711,0,0.278657424954658
712,0,0.580442729635986
713,0,0.382828263867282
714,0,0.918572589306323
715,0,0.329250440505686
716,0,0.614468944067342
717,1,0.575581286282698
718,0,0.430617005744251
719,0,1.03539078054866
720,0,0.821231384780495
721,1,0.665246443278162
722,0,0.527013474929932
723,0,0.664503288806615
724,0,0.712097976784983
725,0,1.01500279829304
726,0,0.101350893102991
727,0,0.647129306259229
728,0,0.408700879653207
729,0,0.286247311021811
730,1,0.540737034046524
731,0,0.33877610688431
732,0,0.512091017824267
733,0,0.83239611657086
734,0,0.830532154666008
735,0,0.37843611103817
736,0,0.6718426837452
737,0,0.718819718736392
738,0,0.984555721221422
739,0,0.532578156798821
740,0,0.816468839558575
741,0,0.573270472695042
742,0,0.290198519100194
743,0,0.707886707339226
744,0,0.269437774765833
745,0,0.58385558293579
746,0,0.645176079492108
747,1,0.74793936719365
748,0,1.15990615974266
749,0,0.334608147478393
750,0,0.744698304484689
751,0,1.06583927967928
752,1,0.643974264865443
753,0,0.733157210339149
754,0,0.8481611732311
755,1,0.723219266601096
756,0,0.346968723933048
757,1,1.01023428310875
758,1,0.925145762602185
759,0,0.912224340132563
760,0,0.613941837853405
761,0,0.695284840252568
762,0,0.719572443446747
763,0,0.118088451927819
764,0,0.504567139225891
765,1,0.539991704371768
766,1,0.628413779969535
767,0,0.524267110619133
768,0,0.729814085009135
769,0,0.594794564295327
770,0,0.442793098539116
771,0,0.20053336210473
772,0,0.849242402353426
773,1,1.03892218429762
774,0,0.219310243269999
775,1,1.00282888070139
776,0,0.467419032650909
777,0,1.08274417789503
778,0,0.566048803817481
779,0,0.489426458659402
780,0,0.820790440029772
781,0,1.0240319948597
782,0,0.223086168185161
783,0,0.368066120859184
784,0,0.702706536005314
785,0,0.434183706301876
786,0,0.845722247169109
787,0,0.68874758196095
788,0,0.856307357409857
789,0,0.614092581712165
790,0,0.320797762089573
791,1,0.500549923678729
792,0,0.837066309558564
793,0,0.852666504217877
794,0,0.305764973958474
795,0,0.205301877289021
796,0,1.01041876676854
797,0,0.83956732119504
798,0,0.409327730122732
799,0,0.644164718487605
800,0,0.507239350902332
801,0,0.34739449822484
802,1,1.03037879952916
803,0,0.536076411297628
804,0,0.472807376025587
805,1,0.322903635836224
806,0,0.75390980950793
807,0,1.1040447020812
808,0,0.761701894639263
809,0,0.843343246110199
810,0,0.648936833948331
811,0,0.670405548448904
812,0,0.722962805510161
813,0,0.456303712797162
814,0,0.29636756321644
815,0,0.889926573084066
816,0,0.324856862603345
817,0,0.454712730243042
818,0,0.246621046668981
819,0,0.641150718779366
820,0,0.226292046588783
821,0,1.06407053657195
822,0,0.514310275921131
823,1,0.643974264865447
824,0,0.901050038103394
825,1,0.528668833687051
826,0,0.997471173728677
827,0,0.636943049610046
828,0,0.6258277297563
829,0,0.834739823835328
830,0,0.480897189018889
831,0,0.812702115139984
832,0,0.607736187372821
833,0,0.948311673766429
834,1,0.87243465828311
835,0,0.250536339743119
836,1,0.760891612826713
837,0,0.793353765404176
838,0,0.322682545812095
839,0,0.519314111775055
840,0,0.909394824084116
841,0,0.21850810662303
842,1,0.781618617360037
843,0,0.278657424954654
844,0,0.639531275026493
845,0,0.535542744570445
846,1,0.462126277815987
847,0,0.203928272071513
848,0,0.894704658507163
849,0,0.897403214949043
850,0,0.540176188031557
851,1,0.415092435852589
852,0,0.812251600150452
853,1,0.533182519046174
854,1,0.791930748250055
855,0,0.676863865261271
856,0,0.753983962142285
857,0,0.172670913187346
858,0,0.943207950494666
859,0,0.298357396347896
860,0,0.218323622963239
861,1,1.14662958424328
862,0,0.386594988285877
863,0,1.07515211662466
864,1,0.741918200372857
865,0,0.820596386131171
866,0,0.796002909909442
867,0,1.01482048983646
868,0,0.757676533926521
869,0,0.628790142324711
870,0,0.551109199428725
871,0,0.512967307105594
872,0,0.65968176140927
873,0,0.0895497375900782
874,0,0.580813122028796
875,1,1.10221839885745
876,0,0.207569125263493
877,1,0.539189567724795
878,0,0.373432275184252
879,0,0.53434689990615
880,0,1.26874122168063
881,0,0.326470336393851
882,0,0.711227657466028
883,0,0.933731839214907
884,0,0.590769203582585
885,0,0.796352092976833
886,0,0.696721975548864
887,1,1.17592556818052
888,0,0.926398414238692
889,0,0.415133702623617
890,0,0.250914877301511
891,1,0.806060067812036
892,0,0.750337138987936
893,0,0.870009850363292
894,0,0.381400698809794
895,0,0.995728601191586
896,0,0.578593110787721
897,0,1.03094779070971
898,0,0.515055605595895
899,1,0.724015433285697
900,0,0.325233224958524
901,0,0.645170109529737
902,0,0.253685411174536
903,1,0.536219009990806
904,0,0.644350627220622
905,0,0.47638004654558
906,0,1.01105376541787
907,0,0.476830561535115
908,0,0.828564809756715
909,0,1.05554126693144
910,0,1.06699323937696
911,0,0.929788776302107
912,0,0.740931580066094
913,1,0.774615171943303
914,0,0.796534401433411
915,0,0.282488731768799
916,0,0.410506229124876
917,1,1.11264594915285
918,0,0.575010870028921
919,1,0.656837074901886
920,1,0.878168727610993
921,1,0.552167797166628
922,0,0.929363002010317
923,0,0.592989214823658
924,0,0.785979927594634
925,1,0.519883102955602
926,0,0.544754249593684
927,0,0.990304886750102
928,0,0.827826203188533
929,0,0.315700742493313
930,1,0.692548046180579
931,0,0.35855023091191
932,0,0.937513734092438
933,0,0.748715520031847
934,0,0.347836868048795
935,1,0.668454496884999
936,0,0.14188576146495
937,0,0.31972392800284
938,0,0.258170285980103
939,0,0.446109307968176
940,0,0.215919881206584
941,0,0.668075959326607
942,0,0.87311703682809
943,0,0.730192622567523
944,1,0.870452970317233
945,0,0.539309468989036
946,0,0.453281564909118
947,0,1.12381285614643
948,0,0.670256249094449
949,0,0.854325669443984
950,0,0.647925472943831
951,0,0.647925472943829
952,0,0.530958713045946
953,0,0.97219372270776
954,1,0.819609765824412
955,0,0.524609733173277
956,0,1.02159306879771
957,0,0.774054325928338
958,0,0.789281167958033
959,1,0.55709375988518
960,0,0.133235102456676
961,0,0.362535178791331
962,1,0.246963669223129
963,0,0.653070350483295
964,1,0.37189885274655
965,0,0.910831959380411
966,1,0.31227664062886
967,0,0.701484520770783
968,0,0.703629626233292
969,0,0.72642589814893
970,0,0.780591584219952
971,0,0.487128574282957
972,0,1.15121361576777
973,0,0.886730264919249
974,0,0.582618471500463
975,0,0.909394824084114
976,0,0.217941290645693
977,0,0.358291594617762
978,1,0.829594946295864
979,1,0.731613464518433
980,1,0.720248708867104
981,0,0.36884824365975
982,0,0.294029825914337
983,0,0.575202748724305
984,0,0.426257167642946
985,0,0.884512428881392
986,0,0.723964596275859
987,1,0.54332525946297
988,0,0.434568213822638
989,0,0.626639066899835
990,0,0.547718837365309
991,0,0.732358794193195
992,0,0.766462264657967
993,0,0.278657424954658
994,0,0.294563635803773
995,1,0.729951331935527
996,0,0.290198519100194
997,0,0.80127135201988
998,0,0.659681761409268
999,0,0.558080380191941
1000,1,0.50430850293174
