Subj,Class,risk_1d
1,1,-62.12
2,1,2.115
3,1,-74.101
4,1,-54.37
5,1,3.138
6,1,-4.933
7,1,4.863
8,1,-51.232
9,1,-7.118
10,1,-62.12
11,0,69.098
12,1,19.661
13,1,56.025
14,1,-1.725
15,1,-0.0700000000000003
16,1,-11.981
17,1,49.367
18,0,66.913
19,1,10.888
20,1,3.138
21,1,-58.21
22,1,-47.322
23,1,19.661
24,1,19.661
25,1,8.773
26,1,-61.418
27,1,6.978
28,0,55.002
29,1,-8.843
30,1,49.437
31,1,62.05
32,1,10.888
33,1,8.703
34,1,0
35,1,6.978
36,1,-51.162
37,1,4.863
38,0,56.025
39,1,4.863
40,1,-5.635
41,1,-10.958
42,1,-1.795
43,1,-3.91
44,1,-3.91
45,1,2.115
46,1,-66.983
47,1,-3.208
48,1,-66.983
49,1,-62.12
50,1,45.527
51,1,11.911
52,1,7.048
53,1,-58.28
54,1,3.84
55,1,-7.048
56,0,59.865
57,1,10.888
58,1,11.911
59,1,-49.437
60,1,-3.208
61,1,-59.935
62,0,66.913
63,1,3.84
64,1,-58.21
65,1,4.863
66,1,8.703
67,1,7.048
68,1,-3.91
69,1,-10.958
70,1,3.138
71,1,3.84
72,1,-56.095
73,1,-74.031
74,1,49.437
75,1,12.613
76,0,58.21
77,1,4.863
78,1,19.661
79,0,45.527
80,1,10.888
81,0,10.888
82,0,62.05
83,0,63.073
84,0,58.21
85,0,-61.418
86,0,5.565
87,0,-7.048
88,1,-54.37
89,0,7.048
90,1,-55.072
91,1,-51.162
92,0,3.84
93,0,-2.185
94,1,-62.12
95,1,8.703
96,1,-58.21
97,1,-58.28
98,0,62.05
99,1,-61.418
100,1,-70.893
101,0,55.002
102,1,65.188
103,0,63.073
104,1,3.138
105,1,70.823
106,1,-62.12
107,1,-67.053
108,1,3.84
109,1,-12.683
110,1,-58.28
111,1,-59.935
112,1,-0.0700000000000003
113,1,-62.12
114,1,-58.21
115,0,58.21
116,1,51.092
117,1,-0.0700000000000003
118,1,65.188
119,0,62.05
120,1,-46.299
121,1,49.367
122,1,58.21
123,1,-53.347
124,1,-58.21
125,1,56.025
126,1,1.655
127,0,52.575
128,1,49.437
129,0,56.485
130,1,-0.0700000000000003
131,1,-55.072
132,0,51.162
133,1,-3.208
134,1,-3.91
135,1,4.863
136,1,15.751
137,0,77.871
138,1,-15.821
139,1,-12.683
140,1,61.348
141,1,-15.821
142,1,3.84
143,1,-3.91
144,1,-0.0700000000000003
145,1,0
146,1,-58.21
147,1,4.863
148,1,-8.843
149,1,-7.048
150,1,-7.118
151,1,47.252
152,1,7.048
153,1,-47.322
154,1,8.703
155,1,-8.843
156,1,-3.91
157,0,73.961
158,1,4.863
159,1,-7.048
160,1,-58.28
161,1,42.319
162,1,8.773
163,1,3.84
164,0,77.871
165,1,3.138
166,1,-4.933
167,1,12.613
168,1,4.863
169,1,1.655
170,0,38.479
171,1,3.138
172,1,8.773
173,1,55.002
174,1,-58.21
175,0,45.527
176,1,3.138
177,1,59.935
178,1,-7.048
179,1,70.823
180,1,-7.118
181,1,-66.983
182,1,70.823
183,1,19.661
184,1,-10.958
185,1,0
186,1,-19.731
187,0,51.162
188,1,-62.12
189,1,-62.12
190,1,-74.031
191,1,58.21
192,1,-8.843
193,1,-58.28
194,1,3.84
195,1,7.048
196,1,12.613
197,1,-1.725
198,1,-53.347
199,1,-0.0700000000000003
200,1,-69.168
201,1,-60.005
202,1,58.21
203,1,-8.773
204,1,54.3
205,0,49.437
206,1,54.3
207,1,8.703
208,1,-59.935
209,1,-3.91
210,1,-8.773
211,0,55.002
212,1,-65.258
213,1,-65.328
214,1,0
215,1,-0.0700000000000003
216,1,-2.185
217,1,-4.933
218,1,-58.28
219,1,-49.507
220,1,8.703
221,1,-7.048
222,1,0
223,1,8.773
224,0,55.002
225,0,70.823
226,1,-51.232
227,1,8.773
228,0,-3.208
229,1,-51.232
230,1,62.05
231,1,0
232,1,45.527
233,1,-63.143
234,1,63.775
235,1,58.14
236,1,-8.773
237,1,-49.437
238,1,58.21
239,1,53.277
240,1,-0.0700000000000003
241,1,-62.12
242,1,3.138
243,0,51.162
244,1,52.575
245,1,45.527
246,0,73.961
247,0,-8.773
248,0,6.978
249,0,-4.933
250,0,-49.437
251,0,-15.891
252,0,-15.821
253,0,8.773
254,0,1.725
255,0,7.048
256,0,12.613
257,0,6.978
258,0,-3.208
259,0,3.138
260,0,-8.843
261,0,3.138
262,0,-54.37
263,1,-60.005
264,0,-4.933
265,0,42.319
266,0,-19.731
267,0,-70.893
268,0,-7.048
269,0,56.415
270,1,-53.347
271,1,-63.845
272,0,66.983
273,0,15.821
274,0,3.138
275,0,56.485
276,0,58.21
277,1,-53.347
278,0,2.115
279,0,-7.048
280,0,8.773
281,1,-63.845
282,0,-1.725
283,1,-62.12
284,0,0
285,0,-11.981
286,0,-0.0700000000000003
287,0,12.613
288,0,-7.118
289,0,12.613
290,0,6.978
291,0,-0.0700000000000003
292,0,-66.983
293,0,-65.258
294,0,-54.37
295,0,5.565
296,0,-10.958
297,0,-2.185
298,0,15.751
299,0,-0.0700000000000003
300,0,51.092
301,0,-7.048
302,0,51.162
303,0,47.252
304,0,-4.933
305,0,1.725
306,0,-11.981
307,0,-8.773
308,0,8.773
309,1,-47.322
310,0,-55.072
311,0,53.277
312,0,-59.935
313,0,51.162
314,0,-55.072
315,0,53.277
316,0,61.348
317,1,-42.459
318,0,-58.21
319,0,-0.0700000000000003
320,1,-54.37
321,0,49.367
322,0,53.277
323,1,-65.258
324,0,-61.418
325,0,7.048
326,0,-3.208
327,1,-38.549
328,0,-7.118
329,0,-65.328
330,0,62.05
331,0,-8.843
332,0,-3.91
333,0,66.983
334,0,3.138
335,0,65.258
336,0,-55.072
337,0,1.725
338,0,12.613
339,0,-58.28
340,0,69.098
341,0,8.773
342,0,53.277
343,0,-11.981
344,0,-47.322
345,0,5.565
346,0,12.613
347,0,65.188
348,0,66.983
349,1,-62.12
350,1,-67.053
351,0,-11.981
352,0,-0.0700000000000003
353,1,-49.507
354,0,-3.208
355,0,-7.118
356,0,-15.821
357,0,-10.958
358,0,-10.958
359,0,4.863
360,0,62.05
361,0,-65.328
362,0,-4.933
363,0,61.348
364,1,-49.507
365,0,3.138
366,1,-49.437
367,0,-45.597
368,0,19.661
369,0,12.613
370,0,-2.185
371,0,-7.048
372,0,7.048
373,0,3.84
374,0,8.773
375,0,-1.795
376,0,4.863
377,0,10.888
378,0,3.84
379,1,-65.328
380,0,4.863
381,0,-4.933
382,0,6.978
383,0,-55.072
384,0,-0.0700000000000003
385,1,-49.437
386,0,12.613
387,0,8.703
388,0,-12.683
389,0,-0.0700000000000003
390,0,59.935
391,0,58.21
392,0,56.485
393,0,7.048
394,0,46.229
395,0,-10.958
396,0,-54.37
397,0,3.84
398,0,15.821
399,0,-7.118
400,0,54.3
401,0,62.05
402,0,10.888
403,0,58.21
404,0,12.613
405,0,-3.91
406,0,6.978
407,0,-8.843
408,0,-0.0700000000000003
409,0,58.14
410,1,-65.258
411,0,3.138
412,0,3.138
413,1,-65.328
414,0,58.21
415,0,6.978
416,0,8.703
417,0,58.14
418,0,-47.322
419,0,42.389
420,0,66.913
421,0,12.613
422,0,-66.983
423,0,8.703
424,0,-3.91
425,0,-7.048
426,0,42.389
427,1,-49.437
428,0,-61.418
429,1,-49.437
430,1,-52.645
431,0,-60.005
432,1,-38.549
433,0,-15.891
434,0,15.821
435,0,10.888
436,0,-7.048
437,0,15.821
438,0,-3.208
439,0,52.575
440,0,-19.731
441,0,55.002
442,0,51.092
443,0,7.048
444,0,7.048
445,0,-3.91
446,0,3.84
447,0,0
448,0,-7.048
449,0,63.073
450,0,66.913
451,0,-8.773
452,0,-2.185
453,0,47.252
454,0,6.978
455,0,-0.0700000000000003
456,0,66.983
457,0,-65.328
458,0,11.911
459,0,63.073
460,0,8.773
461,0,-7.048
462,1,-58.28
463,0,-3.91
464,1,-60.005
465,0,3.138
466,0,-8.843
467,1,-58.21
468,0,4.863
469,0,38.479
470,0,-8.843
471,0,51.092
472,0,-70.893
473,0,11.911
474,0,3.138
475,0,55.002
476,1,-49.507
477,1,-49.437
478,1,-3.91
479,1,69.098
480,1,-3.91
481,1,-62.12
482,1,-4.933
483,0,38.479
484,1,-60.395
485,1,-67.053
486,1,-62.12
487,1,11.911
488,1,-52.645
489,1,-58.21
490,1,-8.773
491,0,66.913
492,0,0
493,0,4.863
494,1,-62.12
495,1,-65.328
496,1,-0.0700000000000003
497,1,-47.322
498,1,-70.893
499,1,49.437
500,1,-54.37
