Subj,Class,risk_2d
1,0,-29.15
2,0,4.838
3,0,-14.509
4,1,9.686
5,0,7.383
6,1,27.484
7,0,0
8,1,-12.796
9,1,0.787
10,0,-3.697
11,1,11.373
12,1,2.075
13,0,-13.827
14,0,6.603
15,0,-9.424
16,1,-2.196
17,1,-21.809
18,1,-14.326
19,0,-23.883
20,0,-13.204
21,0,14.201
22,0,-14.129
23,1,1.552
24,1,21.031
25,1,16.325
26,1,-17.28
27,1,12.963
28,1,-2.448
29,0,5.929
30,0,-6.259
31,0,-8.783
32,0,-20.335
33,1,10.857
34,1,9.45
35,1,18.194
36,1,-11.394
37,1,16.484
38,1,-3.745
39,1,-8.626
40,1,-1.628
41,1,-0.372999999999999
42,0,0.565000000000001
43,0,-9.458
44,0,18.137
45,0,-6.639
46,1,24.831
47,1,-3.894
48,0,-21.802
49,0,-17.439
50,1,3.812
51,1,3.812
52,0,7.078
53,1,-21.132
54,1,-0.911
55,0,11.123
56,1,-2.258
57,1,-19.344
58,0,-7.373
59,0,7.431
60,0,-3.305
61,0,-33.113
62,1,12.691
63,0,-18.701
64,0,-36.984
65,1,17.831
66,1,-0.312000000000001
67,0,-11.873
68,0,0.253000000000001
69,0,-33.923
70,0,-0.0529999999999991
71,1,3.681
72,1,18.815
73,0,-2.007
74,0,-4.622
75,0,11.245
76,0,-18.476
77,1,11.248
78,1,-4.103
79,0,20.906
80,1,3.447
81,0,4.71
82,1,16.491
83,0,-8.836
84,1,-0.527
85,0,2.894
86,1,-1.46
87,0,4.643
88,1,-33.551
89,0,8.755
90,0,-3.186
91,1,17.004
92,1,-2.258
93,1,16.365
94,0,-28.579
95,1,-13.956
96,0,-7.314
97,1,2.405
98,1,2.947
99,1,-8.34
100,0,-18.119
101,0,4.982
102,1,9.177
103,0,-15.105
104,0,-10.995
105,1,14.129
106,0,-2.568
107,0,-6.891
108,1,20.725
109,0,10.378
110,1,10.872
111,1,17.082
112,0,2.364
113,0,-6.194
114,1,5.887
115,0,-13.646
116,0,-16.415
117,1,15.826
118,1,-2.62
119,1,-7.841
120,0,3.184
121,1,10.78
122,0,-16.74
123,0,9.059
124,1,20.049
125,0,3.447
126,1,8.996
127,0,-9.128
128,1,6.232
129,1,29.992
130,0,3.633
131,0,-4.378
132,1,6.659
133,1,10.772
134,0,-12.647
135,0,-4.512
136,1,-0.177
137,1,17.549
138,1,-5.054
139,0,-5.9
140,1,14.661
141,0,-20.486
142,0,6.224
143,0,-25.4
144,0,-11.768
145,0,7.887
146,0,-10.389
147,1,6.224
148,1,-14.508
149,1,17.608
150,0,5.071
151,0,8.229
152,1,-18.843
153,1,11.82
154,1,-6.859
155,1,1.605
156,1,26.06
157,0,10.78
158,1,-6.188
159,0,-12.931
160,1,-29.143
161,0,13.119
162,0,-17.469
163,1,-4.543
164,0,0.0949999999999993
165,1,-3.745
166,1,6.471
167,0,-10.873
168,1,-2.093
169,0,10.539
170,1,-0.738999999999999
171,0,17.069
172,1,-8.283
173,0,0.591
174,0,12.613
175,0,2.673
176,1,-7.809
177,1,-11.105
178,0,1.968
179,1,0.0100000000000002
180,1,20.33
181,0,-4.622
182,0,-6.727
183,1,-14.606
184,0,-3.841
185,1,12.748
186,1,5.059
187,1,17.148
188,0,-6.21
189,1,11.86
190,0,-23.311
191,0,-17.301
192,0,0.845
193,1,0.291
194,0,-16.565
195,0,-3.02
196,1,-8.142
197,0,-3.841
198,0,1.434
199,1,9.654
200,0,12.885
201,0,-10.198
202,0,-3.6
203,0,-9.812
204,1,20.018
205,0,-0.76
206,0,2.75
207,1,1.319
208,1,6.706
209,0,-0.913000000000001
210,1,14.988
211,1,20.725
212,0,-23.2
213,1,-7.079
214,1,-14
215,1,14.201
216,0,0.338
217,1,-7.198
218,0,1.248
219,0,-19.135
220,1,-4.765
221,1,18.731
222,1,-11.464
223,1,-9.099
224,1,-2.135
225,0,-6.285
226,0,-6.992
227,0,-1.092
228,0,6.778
229,0,-19.173
230,0,-1.139
231,1,-14.206
232,1,8.792
233,0,-8.172
234,0,-23.592
235,1,17.4
236,0,3.601
237,1,-14.307
238,0,-6.194
239,1,-1.178
240,1,4.967
241,0,-14.18
242,1,0
243,0,-10.065
244,1,-14.045
245,0,-2.587
246,1,14.671
247,1,8.702
248,0,-13.332
249,1,-25.92
250,1,7.383
251,1,1.037
252,1,11.476
253,1,0.738999999999999
254,0,-6.302
255,1,12.963
256,0,-14.988
257,1,-10.12
258,1,-7.012
259,0,-17.05
260,1,3.728
261,1,10.719
262,1,9.732
263,1,3.49
264,0,-14.229
265,0,-5.219
266,0,14.139
267,0,-12.017
268,1,29.998
269,1,-10.795
270,0,-30.339
271,1,6.471
272,1,0.462
273,0,0.53
274,0,9.106
275,0,21.937
276,1,-10.671
277,1,10.336
278,0,-5.569
279,1,18.026
280,1,13.284
281,0,-14.139
282,0,-10.28
283,0,18.025
284,0,4.036
285,0,11.557
286,1,3.812
287,1,-5.953
288,1,-2.546
289,0,5.335
290,0,-0.834
291,1,-2.977
292,1,-20.715
293,0,-15.544
294,0,-10.112
295,1,-7.645
296,0,16.68
297,1,-7.442
298,1,21.031
299,0,0.768999999999999
300,0,10.106
301,0,-2.399
302,1,4.031
303,0,-17.023
304,1,-8.979
305,0,4.559
306,1,-11.764
307,1,3.862
308,0,-10.566
309,1,5.652
310,1,-11.628
311,0,-0.959000000000001
312,0,-10.229
313,0,-7.769
314,0,-13.267
315,0,-14.937
316,1,6.298
317,0,-15.252
318,0,-9.122
319,1,15.188
320,1,-10.477
321,1,10.545
322,0,-9.271
323,1,4.872
324,1,-25.679
325,1,-18.416
326,0,-8.063
327,1,27.423
328,0,-10.95
329,0,0.459000000000001
330,1,-9.997
331,0,-28.285
332,0,-24.743
333,1,-2.292
334,1,-5.205
335,0,-2.953
336,1,11.476
337,1,16.289
338,1,17.831
339,1,17.478
340,0,2.673
341,1,3.496
342,1,0.648
343,1,9.037
344,0,-3.005
345,0,-6.605
346,1,-6.252
347,0,3.742
348,1,2.342
349,0,2.6
350,0,-24.39
351,0,11.761
352,0,9.655
353,1,12.161
354,1,-14.394
355,0,-18.338
356,0,-5.077
357,1,0.968999999999999
358,1,15.585
359,1,14.185
360,0,11.331
361,0,-5.04
362,0,-7.089
363,0,21.031
364,0,-10.746
365,0,11.408
366,0,-2.538
367,1,7.505
368,1,-0.624
369,1,-17.145
370,1,-16
371,0,5.624
372,1,-2.884
373,0,-0.203
374,0,1.075
375,0,-7.17
376,0,-2.254
377,1,4.207
378,1,5.885
379,1,10.058
380,0,8.555
381,1,-10.195
382,1,-2.884
383,0,4.915
384,1,0.315999999999999
385,1,-17.309
386,0,-23.159
387,1,-26.972
388,0,3.247
389,0,-14.901
390,0,0.601999999999999
391,0,-27.663
392,0,-9.467
393,0,-14.228
394,1,23.458
395,1,2.947
396,1,11.331
397,0,-13.208
398,0,-2.604
399,0,-0.103000000000002
400,0,-3.673
401,0,-12.041
402,0,5.003
403,1,7.442
404,0,-11.346
405,1,-14.321
406,0,1.935
407,0,11.972
408,0,14.967
409,0,1.573
410,1,-2.853
411,1,-15.531
412,1,10.583
413,1,1.475
414,0,19.49
415,1,18.026
416,1,5.553
417,1,7.229
418,1,20.906
419,1,-6.703
420,1,-17.145
421,1,-22.522
422,0,2.947
423,1,-8.921
424,1,18.378
425,0,-25.391
426,1,-2.791
427,0,18.528
428,0,-35.165
429,1,6.05
430,0,-8.188
431,1,-3.272
432,1,0.0609999999999999
433,1,-0.668
434,0,-20.265
435,1,-9.104
436,1,-10.995
437,0,-11.223
438,0,-4.848
439,0,-21.495
440,0,2.484
441,0,2.237
442,0,-17.789
443,0,-11.936
444,1,3.288
445,0,6.126
446,0,17.555
447,1,-16.84
448,1,-12.089
449,1,12.691
450,1,-5.9
451,0,2.347
452,0,-33.425
453,1,0.683000000000001
454,1,-7.262
455,1,-27.145
456,1,0.330000000000001
457,0,7.965
458,1,7.486
459,0,-8.19
460,1,2.959
461,1,12.579
462,0,16.445
463,0,8.229
464,0,6.445
465,1,8.847
466,0,-26.727
467,1,-11.508
468,1,0.462000000000001
469,1,-3.268
470,0,18.028
471,1,3.812
472,1,14.319
473,0,-3.582
474,0,-24.67
475,0,-3.697
476,1,15.598
477,0,5.406
478,0,-17.443
479,1,-6.184
480,1,9.59
481,1,0.582999999999999
482,1,-7.442
483,1,2.891
484,0,-22.464
485,0,0.582999999999999
486,0,11.784
487,1,-11.105
488,0,-1.484
489,0,-8.284
490,1,3.31
491,1,19.37
492,1,2.088
493,0,5.9
494,1,-2.853
495,1,8.794
496,0,-0.521000000000001
497,1,-14.045
498,0,-4.213
499,1,-6.603
500,0,0.591999999999999
501,1,4.184
502,1,-4.548
503,0,-6.597
504,0,21.108
505,1,11.133
506,0,-27.506
507,1,4.109
508,1,0.0629999999999993
509,1,-30.359
510,1,-2.853
511,0,15.693
512,1,-23.435
513,0,1.305
514,1,-2.871
515,0,-0.146
516,0,22.358
517,1,-12.209
518,1,-10.933
519,1,-1.973
520,0,-17.379
521,1,-1.522
522,0,-2.013
523,0,-17.015
524,0,-13.662
525,0,-5.811
526,0,-2.371
527,0,-11.245
528,0,-13.686
529,0,-3.938
530,1,-0.839999999999998
531,0,-31.615
532,1,-32.976
533,1,-13.689
534,1,-20.27
535,1,0.0100000000000002
536,0,-9.66
537,1,17.033
538,1,0.0629999999999993
539,0,-11.86
540,0,1.372
541,1,-1.172
542,0,4.31
543,1,11.255
544,1,10.58
545,0,1.935
546,1,2.573
547,1,-5.093
548,1,-3.005
549,1,-13.93
550,0,-5.212
551,0,3.812
552,1,11.255
553,0,3.812
554,0,-6.778
555,1,-7.178
556,0,-21.216
557,0,-20.297
558,0,-24.036
559,0,-11.245
560,0,-10.062
561,0,14.584
562,1,9.927
563,1,-2.708
564,0,-3.223
565,1,-6.094
566,0,-5.712
567,0,-15.095
568,1,-3.932
569,0,4.195
570,1,-4.86
571,0,4.13
572,0,14.201
573,0,2.367
574,0,-16.822
575,1,2.347
576,1,16.299
577,0,5.9
578,0,-2.181
579,1,17.831
580,1,-8.087
581,0,-13.208
582,0,-2.947
583,0,-8.436
584,1,4.437
585,1,-13.898
586,0,-9.128
587,1,30.368
588,1,6.55
589,0,-15.652
590,1,5.9
591,1,-1.731
592,1,11.985
593,1,2.895
594,0,-8.816
595,0,-5.142
596,1,18.072
597,0,-4.924
598,1,17.033
599,1,2.62
600,0,9.047
601,1,-3.292
602,0,-27.837
603,0,-5.265
604,0,-3.965
605,1,10.772
606,1,-0.144
607,0,6.224
608,0,-15.803
609,1,10.689
610,0,4.931
611,0,11.245
612,0,7.604
613,1,1.925
614,1,-6.639
615,0,-3.305
616,0,-9.902
617,1,3.147
618,1,11.058
619,0,-17.831
620,0,0.988
621,0,-29.524
622,0,-9.199
623,1,4.199
624,0,-15.229
625,0,-17.982
626,0,-6.518
627,1,12.72
628,1,20.052
629,1,17.831
630,0,6.809
631,0,11.711
632,1,24.899
633,0,-14.503
634,0,-22.206
635,0,-31.195
636,1,8.996
637,0,-12.583
638,1,-4.687
639,0,27.417
640,0,-27.989
641,1,15.853
642,0,17.095
643,1,-1.146
644,1,12.007
645,0,-16.415
646,1,-24.787
647,0,0.446
648,1,-9.641
649,1,2.894
650,0,-5.11
651,0,-27.948
652,1,-20.359
653,0,7.689
654,1,2.088
655,0,-0.207
656,1,-12.896
657,1,9.41
658,1,-1.322
659,1,10.58
660,0,-3.697
661,0,-11.322
662,0,-5.525
663,1,9.686
664,0,-10.145
665,0,-10.683
666,0,-5.9
667,0,0.837000000000002
668,0,-6.123
669,1,17.902
670,0,-15.202
671,1,19.37
672,1,-7.667
673,0,8.582
674,1,-26.589
675,1,9.106
676,1,17.935
677,1,-30.676
678,0,8.761
679,0,-7.462
680,0,7.166
681,1,10.156
682,1,-0.0529999999999991
683,1,6.224
684,0,-1.522
685,1,-10.689
686,0,17.366
687,1,-21.737
688,0,4.837
689,1,-4.17
690,1,6.816
691,0,-6.859
692,0,-5.265
693,1,15.796
694,1,10.583
695,0,-0.836
696,0,14.779
697,0,-7.17
698,1,-7.862
699,1,-2.947
700,0,4.406
701,0,8.688
702,1,-19.173
703,0,3.147
704,0,-9.491
705,0,-10.995
706,1,-10.256
707,0,14.11
708,0,21.384
709,0,0.2
710,0,-20.391
711,0,7.641
712,1,21.031
713,0,-17.305
714,0,7.101
715,1,-1.74
716,1,5.071
717,1,3.247
718,1,9.1
719,0,-24.557
720,1,-9.997
721,0,-21.737
722,1,-8.243
723,0,14.554
724,0,-19.665
725,0,-33.784
726,0,-5.674
727,1,-2.689
728,1,-0.457000000000001
729,0,7.166
730,1,14.518
731,0,-14.11
732,0,-17.831
733,1,20.725
734,0,-20.391
735,0,-18.134
736,1,-15.022
737,0,31.96
738,1,8.86
739,0,-2.771
740,0,-19.173
741,0,-10.553
742,1,4.558
743,1,3.459
744,0,6.68
745,1,-3.408
746,1,11.134
747,1,-0.256
748,0,10.525
749,1,8.315
750,1,-15.123
751,0,-13.566
752,1,10.086
753,1,5.75
754,1,-2.049
755,1,0.228
756,0,0.0949999999999993
757,1,13.786
758,1,-4.483
759,0,-13.566
760,1,3.407
761,1,-26.589
762,1,-0.606000000000001
763,1,-30.289
764,0,-5.889
765,1,-33.784
766,0,-3.381
767,1,-1.222
768,0,-3.381
769,1,14.902
770,1,14.825
771,1,-12.1
772,0,-27.948
773,1,24.518
774,0,-3.995
775,1,-14.937
776,1,18.802
777,0,-15.403
778,0,7.543
779,0,2.055
780,1,-8.101
781,1,0.582999999999999
782,0,-2.467
783,0,21.645
784,1,10.583
785,1,2.126
786,1,10.719
787,1,20.883
788,0,4.363
789,1,9.97
790,1,14.201
791,1,-17.638
792,0,-13.187
793,1,-15.134
794,1,-1.408
795,1,16.447
796,1,2.673
797,1,-3.005
798,0,8.301
799,0,-10.689
800,0,6.115
801,1,-2.876
802,1,2.744
803,0,-17.448
804,1,19.87
805,1,-1.225
806,1,8.794
807,1,8.229
808,0,4.684
809,1,-12.264
810,0,3.595
811,0,-16.792
812,1,-17.984
813,0,-14.129
814,0,-20.462
815,0,-17.821
816,0,22.358
817,1,-19.979
818,1,27.417
819,1,18.04
820,0,15.826
821,1,-6.727
822,0,-8.784
823,0,11.133
824,1,32.185
825,0,13.786
826,1,11.197
827,1,-2.794
828,0,-29.591
829,1,-2.653
830,0,-0.668
831,1,-4.098
832,1,8.229
833,0,9.365
834,1,-7.306
835,0,3.486
836,1,-4.711
837,0,-30.753
838,1,1.678
839,0,4.399
840,0,-8.19
841,1,-7.1
842,0,-12.812
843,1,-5.958
844,0,-3.151
845,0,4.363
846,0,11.107
847,0,24.793
848,0,-13.686
849,0,6.283
850,0,-18.701
851,0,1.373
852,1,-9.122
853,1,14.081
854,0,1.553
855,1,-9.027
856,1,9.527
857,0,-17.439
858,1,15.826
859,0,-2.994
860,0,-19.856
861,0,8.036
862,0,-14.045
863,1,-2.307
864,0,-14.751
865,1,13.17
866,0,2.927
867,0,-5.193
868,1,2.451
869,1,-12.1
870,1,-22.42
871,0,-14.23
872,1,2.681
873,0,-30.31
874,1,-17.166
875,1,-6.462
876,0,11.343
877,0,-5.732
878,0,-11.477
879,1,13.786
880,0,-14.769
881,0,-16.134
882,0,-14.503
883,1,-9.299
884,0,-4.04
885,0,-17.751
886,0,-4.346
887,1,-1.804
888,0,-0.803
889,0,-13.827
890,0,11.123
891,1,14.75
892,0,13.044
893,0,7.095
894,0,-4.857
895,1,-4.378
896,1,-4.692
897,0,-19.124
898,0,-1.393
899,1,2.288
900,0,19.489
901,1,1.026
902,0,-16.107
903,1,-0.506999999999998
904,1,14.175
905,1,-21.19
906,1,-16.236
907,0,4.261
908,1,1.463
909,1,-5.653
910,1,-1.407
911,1,1.556
912,1,10.57
913,1,-10.612
914,0,-11.844
915,0,0.0100000000000002
916,1,-5.958
917,1,15.942
918,1,-11.993
919,0,-25.47
920,0,-21.731
921,1,-11.4
922,1,-3.745
923,0,6.122
924,1,6.693
925,0,15.178
926,0,-3.703
927,0,-20.715
928,0,23.925
929,1,-4.074
930,1,-7.059
931,0,-2.41
932,0,-17.874
933,1,8.316
934,0,-23.036
935,1,-20.22
936,0,-23.324
937,0,-9.645
938,0,6.743
939,1,9.821
940,1,-18.449
941,1,-4.108
942,0,-13.403
943,0,-23.446
944,0,-2.525
945,1,-11.452
946,0,-36.668
947,1,-9.122
948,1,-11.86
949,0,-7.195
950,1,2.554
951,1,15.585
952,1,-4.577
953,1,21.24
954,1,3.286
955,0,-4.99
956,0,0
957,1,-18.829
958,0,9.818
959,1,-3.494
960,1,30.378
961,0,-21.412
962,1,24.278
963,0,14.655
964,1,-7.577
965,0,16.672
966,1,2.673
967,0,-0.348
968,1,-3.521
969,0,-1.604
970,0,-19.25
971,0,-15.095
972,1,1.563
973,1,-10.085
974,0,-1.26
975,1,14.175
976,0,4.207
977,0,-11.569
978,1,-14.919
979,1,-17.831
980,0,-7.697
981,1,8.286
982,0,5.877
983,1,-13.455
984,0,-13.241
985,0,24.529
986,1,12.927
987,1,-11.105
988,1,-2.876
989,1,-3.292
990,0,-5.89
991,0,9.41
992,0,-12.883
993,1,-17.831
994,1,-23.731
995,1,-7.192
996,1,-18.658
997,1,-11.727
998,1,3.21
999,0,-8.603
1000,0,15.178
