Subj,Class,risk_ori
1,1,-0.0226996050688969
2,1,0.1706125950793
3,0,0.105758893265604
4,0,0.0552387230553979
5,0,0.173864325388779
6,0,0.0461337034354425
7,1,-0.115221664246046
8,0,-0.171354385835986
9,1,-0.154716107625971
10,0,-0.0536716482066221
11,1,-0.0199946334829813
12,1,0.0856504048440979
13,1,0.136178415151756
14,0,-0.0296422043332369
15,1,0.14107131317007
16,0,0.0637642027185612
17,0,0.0967646491632104
18,0,0.00800157954843743
19,1,0.298033735375863
20,1,0.0978409536017913
21,1,0.201179139529426
22,1,0.352408010477068
23,1,0.121119881697236
24,1,0.0963949321114399
25,0,-0.101897235465805
26,1,0.0171173767124736
27,1,-0.146666707749656
28,0,-0.018719998378253
29,1,0.0331674617735702
30,0,0.0681756246651429
31,1,-0.027391489314017
32,1,0.144984546254728
33,0,-0.00737756303790889
34,1,0.17614382315314
35,0,0.017995686624687
36,0,-0.0800922706090034
37,0,0.142239685788273
38,0,0.0806018090624909
39,0,-0.0948482130070605
40,0,0.158405019854768
41,0,0.0623093298393838
42,1,-0.142981476544959
43,0,0.143999668318217
44,1,-0.0540355254926562
45,0,0.0554986876352055
46,0,0.109733384790859
47,0,0.0482315689992539
48,0,-0.113125192749108
49,0,0.0293123989580041
50,1,-0.107145184959159
51,0,-0.103295432391317
52,0,0.0322673651024543
53,0,0.0328084336583526
54,1,0.0373665946383291
55,1,0.0584646010870454
56,1,0.0742687293195626
57,0,-0.059359993688462
58,1,-0.013486343440355
59,0,0.104560024474007
60,1,0.207753681803443
61,0,-0.204749649220917
62,0,0.0503925952879954
63,1,-0.0699612067868157
64,0,-0.102523201683601
65,1,0.261703298342828
66,1,0.268487357984093
67,0,0.138009471294932
68,1,0.090045578290995
69,1,0.14471644779392
70,0,0.0280465618752952
71,0,0.245535984754271
72,1,0.278796908774337
73,0,-0.177920607252793
74,1,-0.106502166696693
75,0,-0.0517337163327589
76,1,0.113289072434701
77,1,-0.0982230745657079
78,0,0.213918107072131
79,1,0.0671656468401211
80,0,0.0134219818522741
81,1,-0.0870003772776874
82,1,0.0215982609159427
83,1,-0.171182973872531
84,1,0.0780791996029785
85,1,0.0896925063380163
86,1,-0.00311202309312264
87,1,0.191973895385382
88,1,0.313717476974125
89,0,-0.0939359447249898
90,1,-0.123856383385562
91,1,0.0413709906555357
92,1,0.179547710988034
93,1,0.010858083760615
94,1,-0.0386857732108791
95,1,0.0247142862270749
96,0,0.0580748737343219
97,1,0.000836616154299495
98,0,0.0487992201180649
99,0,-0.0328851088317226
100,1,0.129086668971487
101,1,0.12993617645571
102,0,0.041472609246499
103,0,-0.0664163059169925
104,1,0.147406372435059
105,0,-0.263988820132817
106,1,0.145480610764697
107,0,-0.00193195013379238
108,1,-0.167506141520378
109,1,0.156783028542559
110,0,0.214001494270652
111,1,0.187639237219698
112,1,0.0336247735171259
113,0,-0.261720320572704
114,1,-0.306553422440226
115,0,-0.0712340230773623
116,1,0.39255340780376
117,0,-0.105498327082659
118,1,-0.00946212930288914
119,1,-0.189926738531748
120,1,0.186604023216564
121,0,0.0447326604131882
122,0,0.178741534784764
123,1,0.149708906195303
124,1,0.105015356695501
125,1,-0.00563045284834553
126,0,-0.0559423479489632
127,0,0.255009327359123
128,1,-0.0190213530720381
129,1,0.0117297200027631
130,1,-0.0681898050352385
131,0,0.333755861461191
132,1,-0.00515919444333924
133,1,0.172201165645789
134,1,-0.160630484969318
135,0,0.238740124523326
136,1,0.240288035260918
137,1,-0.0346192135060025
138,0,-0.109810701641781
139,1,0.246727538198251
140,0,0.0924299909975266
141,1,-0.197131581576487
142,0,-0.0927170912102712
143,0,0.144542219548517
144,0,-0.000829009765492453
145,0,-0.0676269752982694
146,0,-0.0794827510875917
147,1,-0.15713729212875
148,1,0.173739425723487
149,0,-0.172758538923737
150,1,-0.00670228379908931
151,1,0.00249215501190005
152,1,0.246805798477157
153,1,-0.19937782310787
154,0,0.117796592567889
155,0,0.207134047430865
156,0,-0.261874680491489
157,0,-0.0695663898465345
158,0,0.103548708804476
159,0,-0.102371335730592
160,1,0.164109639414125
161,1,0.22761923211198
162,0,0.0276447657271763
163,0,-0.120380217011833
164,1,0.152239570517452
165,1,0.0943624263379539
166,1,-0.0705599487641466
167,1,-0.236447323223172
168,1,0.179273308470983
169,1,-0.267296713400353
170,1,-0.0253564123370277
171,1,0.0209450789979738
172,1,-0.0872188533748356
173,1,0.00349333481490235
174,0,-0.132597642115986
175,1,0.105696104678782
176,0,0.0694897146731645
177,1,0.0232511283214876
178,1,-0.0383251479646758
179,0,-0.126150849408867
180,1,0.046593509144774
181,1,0.0374127232116876
182,0,-0.0426293661793305
183,1,0.026185407605937
184,0,0.449253780512511
185,1,0.165960298912376
186,1,0.19765513105485
187,1,0.0368007097245001
188,0,-0.156213195468025
189,0,0.0446610738043467
190,1,0.049333615003898
191,1,0.0664265837578552
192,1,-0.0400709646211073
193,1,-0.110165753116821
194,0,0.169161077055512
195,1,-0.151883652467731
196,0,-0.0601876093870805
197,1,0.117331290325122
198,0,-0.0180053935069455
199,1,0.182510716436033
200,0,0.00999079394664142
201,1,-0.0747707047323052
202,0,0.0585996404237289
203,0,-0.108153038432226
204,0,-0.12379075293896
205,0,-0.279354282052285
206,1,0.114405284312857
207,1,0.010858083760615
208,0,0.0869117684389697
209,0,-0.0931737612762745
210,1,0.0834653202714807
211,1,-0.201983205877326
212,0,0.270693068957384
213,0,-0.0589995459285386
214,0,-0.148300370969602
215,1,-0.0379588045018405
216,0,-0.146947170048194
217,0,-0.0750688351752341
218,0,0.198839192295382
219,1,-0.108351343520542
220,0,0.119500384350802
221,1,0.031518109931295
222,0,0.123497004633982
223,0,0.0967646491632104
224,1,-0.125862766224939
225,0,-0.0324386024212223
226,1,0.0680170850420686
227,1,0.338227095004767
228,1,0.119365150622282
229,1,-0.11448260116378
230,1,-0.00358328149812893
231,1,-0.0326188124066967
232,0,-0.0204614184001505
233,1,-0.170903405937649
234,0,0.00649760110607343
235,0,0.0147964167337839
236,0,-0.250689491241087
237,0,0.14160506637835
238,0,0.148931677249916
239,0,0.1054165367439
240,1,-0.158055056944257
241,0,-0.0136057721500432
242,1,0.116981735383518
243,1,-0.0951931008265975
244,0,-0.0599146392919894
245,1,0.0847148554876983
246,1,0.0859904880601935
247,0,-0.204089869463157
248,1,0.12563324159616
249,1,0.122037646512742
250,1,0.112664505968512
251,0,-0.195633852056881
252,1,0.0578791398495095
253,0,-0.194868936696783
254,0,-0.0939359447249898
255,0,0.0588018424433604
256,1,0.000822321598844107
257,0,-0.0353671023992624
258,0,0.0405124988635817
259,1,-0.00682484815210577
260,1,0.148579499660593
261,0,0.306726153514644
262,1,0.20262580269733
263,1,0.0323574537600152
264,0,0.144720921281758
265,0,0.0818691288196015
266,1,0.0748695956488477
267,1,-0.0456709630218406
268,1,0.0162630646248089
269,1,0.161645944831193
270,1,0.234511137162725
271,1,0.126186979527562
272,0,-0.0212004814824164
273,1,0.0561394614040663
274,0,0.085248608695979
275,1,-0.132706265492619
276,1,0.0702867617388109
277,0,-0.0688273267642686
278,1,0.00608305739541915
279,1,-0.288905166405189
280,1,0.100237679893612
281,1,-0.0432850142741006
282,1,0.0418056964763565
283,1,0.112653700635457
284,1,-0.128987778054945
285,1,0.0215738027049844
286,0,-0.160975372788855
287,0,0.0408863956196416
288,0,-0.161256476764946
289,1,-0.134904997258072
290,1,0.0420206570102351
291,1,0.370748442946958
292,1,-0.271913958216529
293,0,0.176862901512285
294,1,0.251967866806214
295,0,0.0309843567230143
296,0,-0.185452527998344
297,0,-0.352655203250237
298,1,-0.0821517555445091
299,1,-0.116810234812535
300,0,0.256292335738563
301,1,0.0415496923887765
302,1,0.120838777721145
303,0,0.0700884566504954
304,0,-0.244965487538717
305,1,0.118073489050716
306,1,0.00329682296293667
307,0,-0.233690209630755
308,0,0.168618525825212
309,1,0.209481830315484
310,0,0.143999668318217
311,1,-0.0226001610823299
312,0,-0.0577071262829172
313,1,-0.0227240632798552
314,0,0.0370293532820141
315,0,-0.106231893631489
316,0,-0.164323147918135
317,0,-0.0230791147548952
318,1,0.121495095282442
319,0,0.08607988478776
320,0,0.0539134463462746
321,1,-0.125795797933827
322,0,-0.00395402159549822
323,1,-0.0973889907322701
324,1,-0.265372053036346
325,1,0.0323574537600152
326,1,-0.0131436055506041
327,0,-0.0583390742407839
328,0,0.120457901757247
329,1,-0.0307059804213443
330,0,-0.129761491437062
331,1,0.286878387747001
332,0,-0.131594979638582
333,1,-0.0352193403202689
334,1,-0.120739886804603
335,1,-0.261323303450194
336,0,0.0327191533272886
337,0,0.114327024033951
338,1,0.320501536615391
339,1,0.0896925063380163
340,1,-0.186731676134109
341,0,-0.047290460368274
342,0,0.00681351608989546
343,1,0.207938740959734
344,0,0.160184092744177
345,0,-0.0635848738043511
346,0,-0.0399883077076665
347,1,-0.177698243122995
348,0,0.222093020502316
349,1,0.118723155405415
350,1,0.158914150339348
351,0,0.212815924777886
352,0,-0.158260366818242
353,0,-0.0771861990674184
354,0,-0.0374250512935598
355,1,-0.193184450581299
356,0,0.121028310365273
357,0,-0.198290542928509
358,0,0.272551220659082
359,1,0.0483276138190538
360,1,-0.0231883542312486
361,0,-0.0763755493763109
362,1,-0.0276738823302797
363,0,0.249577738354184
364,1,-0.166776037168011
365,1,0.139134772507522
366,0,-0.161434536820634
367,0,-0.0313113202384666
368,1,0.065969913691852
369,1,0.162828025101559
370,1,0.150249974751202
371,1,0.0235262227685329
372,0,0.104091260034776
373,0,-0.154651118856921
374,1,-0.0635793772709152
375,0,0.250930673281019
376,1,0.0125847240204222
377,0,-0.136441107405985
378,0,0.0699463847391677
379,1,0.115877428737318
380,1,0.256744073710955
381,0,0.150810310522395
382,0,-0.0411595826449772
383,0,-0.152171735651659
384,1,0.0207021664628363
385,1,-0.0719568120821115
386,1,-0.175607268159494
387,0,0.031319618557268
388,0,-0.101172466938995
389,1,0.129772410955477
390,1,0.0398744382725585
391,1,0.00163116925417015
392,1,-0.0939134660360927
393,1,0.10632880502597
394,1,-0.0252848257281861
395,0,-0.0371919096196811
396,0,-0.0483476386165901
397,1,0.280193772092302
398,1,-0.0483276538934688
399,0,0.0602946341846227
400,1,-0.0347301945588102
401,1,-0.0686363114457388
402,0,0.179521102847289
403,0,-0.0268489380837168
404,1,0.131039730712588
405,1,0.101436548685209
406,1,0.0815318874632865
407,1,-0.00231346777524245
408,1,0.131485889229084
409,0,0.181611719663819
410,1,0.127457434928001
411,0,-0.120936067540964
412,1,0.101436548685209
413,1,0.143738167697201
414,1,0.178737061296926
415,1,-0.0216145912158244
416,1,-0.0893369696563413
417,0,-0.0316887340059011
418,0,0.0536656519699682
419,1,0.0761620152944691
420,1,-0.212815323174749
421,0,-0.188671090682374
422,1,-0.00335527961816733
423,0,0.030505258220556
424,0,-0.209347982612013
425,1,0.065969913691852
426,1,-0.00461600153548664
427,1,-0.0462135142521407
428,1,-0.180758958113945
429,1,-0.0215251944882579
430,1,0.31720633830119
431,0,0.161451412501288
432,1,-0.120725592249147
433,1,0.192695148348923
434,0,-0.125047936829542
435,0,0.0979650006292096
436,1,0.114778003932288
437,0,0.00320673430537571
438,0,0.048077967154524
439,0,-0.127000356893091
440,0,0.0501244968271882
441,1,0.0523840098684275
442,1,-0.0904789045415249
443,1,-0.0060857850698399
444,0,-0.00162638794674332
445,0,-0.0958329461136786
446,0,-0.188939881073176
447,0,0.116057638722793
448,0,0.0390507830661675
449,0,0.00883483516227981
450,1,-0.0802141932844674
451,1,-0.00563045284834553
452,1,-0.157851897000057
453,1,-0.219518119969447
454,0,0.19968141000982
455,0,0.155103081726442
456,1,-0.0508036379319632
457,0,0.107074199953454
458,1,0.0239014363537393
459,0,0.215965278422348
460,0,0.121653634905517
461,1,0.125797277752671
462,0,0.0899805895219447
463,0,0.0222382766107486
464,1,0.0690223158674174
465,1,-0.0426287245017781
466,0,-0.0570568182506654
467,0,-0.0352518533938636
468,0,-0.120451803620674
469,1,-0.00916847234779731
470,1,-0.0738744398714739
471,1,-0.0357511140064883
472,1,-0.0451067136401657
473,0,0.0844588514001183
474,0,-0.180848354841512
475,1,0.12056652513388
476,0,-0.150347542319818
477,0,0.213662102984551
478,0,0.0719499214818017
479,1,-0.105927023374434
480,0,0.067454371701602
481,0,-0.0460333042666663
482,1,0.0147206504206529
483,1,0.0664733540087661
484,0,-0.197377396430732
485,0,0.191043816984586
486,1,0.168886674538461
487,0,0.354974612691136
488,0,-0.189392343645915
489,0,-0.156378625691409
490,1,0.177150984696213
491,0,0.263579952093245
492,0,0.297885230137487
493,0,0.138747245337026
494,0,-0.0345773451034017
495,1,0.0126633154149334
496,1,-0.0461174694323408
497,0,0.234494863085208
498,1,-0.304437800124496
499,0,-0.0478766739951314
500,0,0.0285876304311936
501,0,0.231470318287368
502,0,-0.259574904220459
503,1,0.27400558054265
504,0,0.00816523433690124
505,0,-0.00321495851323237
506,1,0.0455911522051423
507,0,-0.160057607973348
508,1,-0.0295915101196421
509,1,0.0289248717875086
510,0,-0.0814063606170249
511,0,0.0441074522694473
512,1,0.241940902666462
513,0,0.131965679661536
514,0,0.0327834501663443
515,1,0.276140217902709
516,0,-0.205840248214953
517,1,0.029307925470167
518,0,-0.198769641430967
519,1,0.206943032112336
520,0,0.165022930741794
521,1,0.148030938901248
522,1,-0.176699021826692
523,0,0.0273667973944138
524,0,0.0227092412322073
525,0,0.153081010264736
526,0,0.145850327816468
527,1,0.132040268838038
528,1,-0.0570641335982831
529,1,0.324169099675696
530,0,-0.0102800943416142
531,1,-0.0871968891296531
532,0,-0.0860231202265665
533,0,0.109012131827318
534,1,0.103483720035426
535,0,0.183411454784701
536,0,-0.328601325409997
537,0,-0.0181191320489678
538,1,0.223646940768954
539,1,-0.130570339092388
540,0,0.0105770075734988
541,0,-0.247622178410346
542,1,0.216394116688457
543,1,0.0615559977794944
544,0,-0.184348221352145
545,0,0.0190999932708862
546,1,0.0253617523995461
547,0,0.0407227408311777
548,1,0.167159167703973
549,0,-0.178165669717717
550,1,0.0823156352301018
551,0,0.113272045967863
552,1,0.0952776971876846
553,0,0.0818446706086432
554,0,0.100984810712817
555,1,0.0452794191367524
556,1,-0.0909823448584389
557,0,0.108941861290016
558,1,0.0741508366510826
559,1,-0.16292148879616
560,1,-0.0436614445391358
561,0,0.053937904557233
562,0,-0.0327531517715609
563,1,-0.243503635451702
564,1,-0.263650937098949
565,0,0.14214761760865
566,0,-0.297365657299302
567,0,-0.00743436767351744
568,1,0.146138411000396
569,0,0.00383937419323684
570,1,-0.0353833764767791
571,0,-0.0768280397380247
572,0,-0.0770968023398518
573,1,-0.116072460770441
574,1,0.162446479671134
575,1,0.177136690140758
576,0,-0.0947234740496478
577,0,0.0726883428865151
578,1,0.0997733889422186
579,0,0.0460900688278598
580,0,0.0376546778222576
581,1,0.0201344293068664
582,0,0.042997914061356
583,0,-0.236357234565611
584,0,0.150046147551618
585,1,-0.0197461215988486
586,1,-0.104009395585072
587,0,-0.0432805407862635
588,0,-0.181766119657018
589,1,-0.0466851205511518
590,0,0.0950365006511695
591,0,-0.0366493583893809
592,1,-0.308757650739115
593,1,0.0225039313582221
594,1,-0.0442740997038757
595,1,0.0753465697993517
596,1,0.193891523174744
597,0,0.127566058304634
598,1,-0.00975468597465472
599,0,-0.0993218074407438
600,0,-0.0260340808993454
601,0,0.16930078427187
602,1,0.135536303538386
603,0,0.193510005533294
604,1,0.122861301719133
605,0,0.00928383553855591
606,0,0.110190054856862
607,0,0.204534161194846
608,0,-0.010831632090788
609,0,-0.032914185360411
610,1,0.059364555783827
611,1,0.119919530231237
612,1,-0.203248546112375
613,1,-0.0512561538715089
614,0,0.253520395861536
615,0,0.17375721026438
616,0,0.133136954598847
617,1,-0.027391489314017
618,1,0.00753479463126823
619,1,-0.215743823152789
620,0,-0.160516772005127
621,0,-0.0657809341177486
622,0,0.126067550817874
623,0,-0.0906942616745105
624,0,0.118633066747854
625,0,-0.033557203622877
626,0,0.205933695964866
627,1,0.0919883059688681
628,0,-0.0114066590165437
629,1,-0.0194786648155937
630,0,0.0993543717437272
631,0,0.00909812901964559
632,0,-0.0474936203124731
633,0,-0.038390136733726
634,1,-0.106304172170325
635,1,0.0627808074564519
636,0,-0.1261767016867
637,0,0.0377684163642799
638,0,0.0298706388106336
639,0,-0.0158875432200128
640,0,-0.02473677796445
641,1,0.160973850040038
642,0,0.0918982173113072
643,1,-0.161650652027675
644,1,0.0323574537600152
645,1,0.0718232030023277
646,1,0.0124776088960231
647,1,-0.0252603675172278
648,0,-0.133503954235818
649,1,0.0887056488794439
650,0,-0.0878588690696415
651,1,-0.334179537051828
652,1,-0.145099592826465
653,0,-0.0995256090624953
654,0,-0.0180085013612991
655,1,0.241684898578882
656,1,0.232108914337468
657,0,0.384005261758535
658,0,0.034830621516561
659,1,-0.0382291031448759
660,0,0.184775726010708
661,0,-0.0622104389228413
662,0,-0.00569294765161994
663,0,0.051571159995092
664,1,-0.272831723032036
665,0,-0.0655249300301686
666,1,0.131957495528095
667,1,0.0160713573762847
668,0,-0.0237043228986362
669,1,-0.029601673775145
670,1,0.099405065957322
671,1,-0.0419039559749676
672,1,0.0663466099514603
673,1,0.252039453415055
674,1,0.101522429849506
675,0,0.0136834568954581
676,1,-0.229476721751213
677,0,-0.0315100322726604
678,1,0.100086455618155
679,0,-0.0192631912861056
680,1,-0.124513541943709
681,1,-0.123231175241821
682,0,-0.0293862002456569
683,0,0.0887802380559456
684,1,0.285514000124492
685,0,0.013329743264927
686,1,0.377048367938739
687,1,-0.304980351354796
688,0,0.0107428625441908
689,1,-0.0879359522119189
690,1,0.114207595324262
691,0,-0.201042835139084
692,1,-0.00423512557158898
693,1,-0.0468739859398954
694,0,0.122785535406002
695,1,-0.1219387555962
696,0,-0.138942277370149
697,1,0.0548690060036274
698,0,0.0885862201697557
699,1,-0.167235842877343
700,1,-0.188946478912967
701,1,0.0994295241682804
702,1,-0.0231705696903555
703,1,0.00828114748331992
704,1,-0.0448350771526214
705,0,0.259428125112649
706,1,0.327312178819569
707,0,0.0831699473177664
708,1,0.217520681363387
709,0,0.143274899791406
710,0,-0.0793999777776484
711,1,-0.19288632013837
712,0,-0.100240213933803
713,1,0.0779219978244131
714,1,0.13721362915489
715,1,0.0993467508583371
716,0,-0.102368841764816
717,0,-0.088327633508872
718,0,0.178741534784764
719,1,-0.0275701910472577
720,1,0.056529163178958
721,0,-0.0985827443584779
722,0,-0.000179343410793106
723,0,-0.0319543385009325
724,1,-0.0500823849684223
725,0,-0.112747854811948
726,0,0.0895118250827143
727,0,-0.0235972077742371
728,1,-0.125724211324986
729,0,0.119149793489297
730,1,-0.0939108448364791
731,0,0.0939927092861834
732,0,8.87550500141207e-05
733,1,0.0690163063383721
734,1,0.0334611187286621
735,1,0.118345741637981
736,1,0.193891523174744
737,0,0.36802676330628
738,0,-0.0556050810148163
739,1,0.021401749063977
740,1,0.0685453417169134
741,0,-0.0279252425222977
742,0,0.190865115251345
743,0,0.208862195942906
744,0,0.105945435096297
745,1,-0.0285903581056143
746,1,0.0264911589342561
747,0,-0.0157914984002129
748,0,-0.0360227504940325
749,0,-0.0592676443893458
750,0,0.101162760056736
751,0,0.0841723042573981
752,1,0.0622382562261517
753,0,0.109719090235403
754,1,0.182550469026971
755,1,-0.28759769981479
756,1,0.22044168913798
757,0,-0.0467472674604214
758,0,-0.00111011374158319
759,0,-0.0662518987392072
760,0,-0.112020886102909
761,0,-0.116062345919275
762,0,-0.0484192252254316
763,0,0.0207834037315713
764,0,0.107334164533262
765,0,-0.124869235096301
766,0,0.07764820919594
767,0,-0.0807500708447024
768,1,0.0852737085844898
769,1,0.117067616547815
770,1,-0.207759412045524
771,0,0.125921324780089
772,0,0.118914170723945
773,0,-0.135617452199594
774,0,-0.0151484801377469
775,0,0.063401083506582
776,0,0.067632050389244
777,1,-0.153727022196196
778,0,0.0304239953739891
779,0,0.109540388502162
780,0,0.150339345900936
781,0,0.128552915763206
782,0,0.314286664134144
783,0,0.0285733358757382
784,1,0.0842043833537466
785,1,-0.00238505438408403
786,0,0.222832083584582
787,1,-0.0389538716716864
788,0,-0.0420949712934974
789,0,0.299013994994644
790,1,-0.23881110952903
791,0,0.175498630286278
792,1,0.124595406393413
793,1,-0.241762215429805
794,1,-0.0512561538715089
795,1,0.0701908333155135
796,0,0.24691855351678
797,0,0.111533119911741
798,1,-0.0736063414106666
799,0,0.244414712100561
800,1,0.176915361930861
801,0,-0.137104404175119
802,0,-0.107717309565807
803,1,0.337135341337569
804,0,0.17002203723541
805,1,-0.129655068242658
806,0,0.0554045780260898
807,0,0.0684316287527229
808,1,0.161643450865417
809,0,0.0186426815273306
810,1,0.211622552519725
811,0,-0.0420861732714779
812,0,0.0583552196363577
813,1,0.240812137809305
814,1,-0.06964218394864
815,0,-0.0852752313333065
816,0,-0.120204009244368
817,1,-0.0755463976364841
818,1,-0.0785586544268669
819,1,0.0608413929081869
820,1,-0.208761768985155
821,0,0.196824496640621
822,0,-0.104377718569969
823,1,0.0176599279427738
824,1,-0.19397069231389
825,0,-0.104214705459057
826,0,-0.0435588029025737
827,0,-0.180740456065226
828,0,0.258230267612426
829,1,0.0313683683302402
830,0,-0.204828932545422
831,0,-0.162727598143808
832,1,-0.123396577676231
833,1,0.121355504462588
834,0,-0.111092315954347
835,0,-0.10808255312974
836,1,0.338813308631624
837,0,-0.0488790309347631
838,0,-0.0160719606987512
839,1,0.0336247735171259
840,0,-0.0284684354301503
841,1,0.202978874650309
842,0,0.0829985353543115
843,1,0.051273029552163
844,0,0.0529355476176014
845,0,0.017724916711824
846,1,0.171283400830282
847,1,0.136917478234022
848,1,0.140603886575348
849,1,0.151194322129621
850,0,0.147495819415068
851,0,0.0291158871060384
852,1,-0.163399692934962
853,1,0.501166340552845
854,0,0.182391929403897
855,0,-0.0365659434018851
856,1,0.0219401461678197
857,1,0.0885212314007055
858,0,-0.01228049544092
859,0,-0.224330721964428
860,1,0.179125546391989
861,1,0.194340639947523
862,1,0.224847292234953
863,1,-0.0362911712710126
864,0,0.0526454849116116
865,0,-0.082535767151735
866,0,-0.0249053160421878
867,1,-0.00238505438408403
868,0,0.0258013959987111
869,1,-0.0109556791182063
870,0,0.111723622234661
871,1,0.163563572620555
872,0,0.261768287111878
873,0,0.123328086636303
874,1,-0.080883794109846
875,1,0.0814181489212641
876,1,0.232936324500841
877,0,0.0581514180146062
878,0,0.0612254045154128
879,0,0.156395501372063
880,1,0.215667147979419
881,0,-0.0317781307334676
882,1,-0.060557326438851
883,0,0.132437285960547
884,1,0.00488418860382181
885,1,-0.0215967810970995
886,0,-0.10795652658026
887,0,0.146845394986313
888,0,-0.0205874449496301
889,1,0.149147150779404
890,0,0.118008500281666
891,0,0.0269308025334211
892,1,0.17560127192284
893,1,-0.055877359179913
894,1,0.30435863098535
895,1,-0.0834225923129944
896,0,0.0255527677180759
897,0,-0.0486157370773973
898,1,-0.000370740097369288
899,1,0.0464202783671373
900,0,0.0868448001478582
901,1,-0.120667277150162
902,1,0.0899729686365546
903,0,0.21108667495949
904,1,0.132436594030553
905,0,0.226970257687275
906,1,0.12885180428019
907,0,0.0184639797940899
908,0,0.0171240503825389
909,0,-0.123135130422021
910,1,0.190978828215536
911,0,0.00789292838282998
912,0,0.195835145216273
913,0,0.115318575640527
914,1,0.248290256486907
915,1,0.183875745736094
916,1,-0.0814181889956791
917,1,0.00753479463126823
918,1,0.201900392492967
919,1,0.0665561273187095
920,0,0.138290575271023
921,0,0.195353375261759
922,0,0.265765678343415
923,0,0.0252480394353555
924,0,0.270693068957384
925,0,-0.103638655487703
926,0,0.234340503166423
927,1,0.11870886084996
928,0,0.112448390761472
929,0,-0.19545515032364
930,0,0.0303147558976357
931,0,0.228907178269764
932,0,0.0343515230141027
933,1,-0.0461419276432992
934,0,0.0367482493059234
935,0,0.118914170723945
936,0,-0.195437340204915
937,1,0.090045578290995
938,1,0.20077162763581
939,1,0.152321962459349
940,1,-0.0415435942522031
941,0,-0.115062482945419
942,0,-0.153993318621222
943,1,0.193445016764244
944,1,-0.0732390680722299
945,0,0.0545809228196989
946,1,0.154693230715687
947,0,-0.0404373080839426
948,0,-0.262623790832755
949,1,0.14426994138342
950,1,-0.167974905959609
951,1,-0.0630511205960704
952,1,-0.0553227135763856
953,1,0.0422766610978151
954,1,0.367102666645555
955,1,0.0465802376349174
956,1,0.268962940923282
957,1,-0.0744420909902848
958,0,0.201142367733179
959,1,0.129367772947578
960,0,-0.104850835332356
961,0,0.183130992486163
962,0,0.0547596245529396
963,0,0.0686281406046886
964,0,0.214657170154397
965,0,-0.0534618648447998
966,0,-0.130830816667805
967,0,0.159419929773401
968,1,0.262093000117719
969,1,0.233499821493194
970,0,0.0565838178847805
971,0,-0.190591212437512
972,0,-0.120750692137658
973,1,-0.170903405937649
974,1,-0.0333651652587484
975,1,0.250312327948613
976,1,0.0777404222054552
977,1,-0.0594418726347494
978,0,-0.120732265919212
979,1,-0.0462135142521407
980,1,0.0451344821391391
981,0,-0.105013732046765
982,1,0.253524869349373
983,0,-0.216417897466004
984,0,0.219247293834219
985,0,0.217584134091229
986,1,0.0426190176195196
987,0,0.102004977771174
988,1,0.15522251043613
989,1,-0.0659638155552787
990,0,-0.00285183930125323
991,0,-0.236177024580136
992,0,-0.100240213933803
993,1,0.0964049793704404
994,1,0.17974070727673
995,1,0.0575138962855761
996,1,-0.0670610401780809
997,1,-0.0801447310275801
998,0,-0.0662376041837518
999,1,0.255183555604526
1000,0,0.0679762965312286
