Subj,Class,risk_2d
1,0,13.434
2,0,16.306
3,1,14.41
4,0,9.914
5,0,-21.166
6,1,-5.353
7,1,16.182
8,1,8.676
9,1,-7.927
10,1,10.739
11,1,25.816
12,0,-4.574
13,1,13.99
14,0,-22.498
15,0,-21.89
16,0,6.845
17,1,25.715
18,1,-12.902
19,0,-3.482
20,0,-9.668
21,1,13.35
22,1,14.121
23,0,0.805999999999999
24,1,7.95
25,1,13.99
26,0,-4.279
27,0,-12.747
28,1,-7.624
29,0,12.747
30,0,-9.582
31,1,9.014
32,0,8.632
33,0,18.336
34,1,4.382
35,1,36.062
36,1,20.728
37,0,-1.728
38,1,39.924
39,0,8.228
40,1,23.906
41,0,24.869
42,1,14.075
43,0,-5.672
44,0,11.846
45,1,26.424
46,1,-4.402
47,1,16.349
48,0,-12.938
49,1,26.89
50,0,22.944
51,0,10.964
52,0,6.453
53,0,-20.168
54,0,2.382
55,0,8.867
56,0,-17.89
57,1,-17.118
58,1,26.892
59,1,9.843
60,1,20.092
61,0,5.184
62,0,-5.503
63,0,6.259
64,0,6.279
65,1,13.756
66,1,23.554
67,1,15.914
68,0,20.13
69,1,6.259
70,1,22.944
71,0,9.925
72,1,11.277
73,1,-14.543
74,0,-5.112
75,1,23.694
76,0,26.727
77,0,11.274
78,0,22.199
79,0,19.707
80,0,-7.16
81,0,-1.33
82,1,4
83,0,6.798
84,1,19.977
85,0,10.38
86,0,2.132
87,1,9.649
88,1,15.914
89,0,-25.564
90,0,5.675
91,0,12.747
92,0,5.909
93,1,-6.626
94,0,-9.875
95,0,12.747
96,1,18.808
97,0,-8.09
98,1,11.622
99,1,-12.294
100,0,16.551
101,0,-7.787
102,1,19.092
103,0,11.846
104,0,15.665
105,1,18.127
106,0,11.726
107,1,-5.85
108,1,32.387
109,0,30.719
110,0,29.161
111,0,-6.022
112,0,21.81
113,1,4.67
114,1,-2.808
115,0,5.848
116,1,-14.854
117,1,14.922
118,1,0.776999999999999
119,0,-0.776999999999999
120,0,4.67
121,0,-2.34
122,1,2.828
123,1,8.867
124,0,-14.854
125,0,-10.543
126,1,-12.896
127,1,0.871
128,0,11.401
129,1,27.424
130,1,1.495
131,0,-10.374
132,1,-31.765
133,0,6.673
134,0,9.64
135,0,-4.474
136,1,19.195
137,0,-8.636
138,1,9.503
139,0,23.906
140,0,16.831
141,0,-9.627
142,1,-0.776999999999999
143,1,31.588
144,1,-6.995
145,1,33.654
146,0,20.13
147,1,-1.33
148,1,-5.04
149,0,-0.776999999999999
150,1,12.395
151,0,1.511
152,1,1.65
153,1,10.998
154,0,-5.985
155,0,-13.148
156,0,-21.095
157,0,23.394
158,1,39.084
159,1,23.591
160,0,-15.79
161,0,-16.911
162,0,16.344
163,1,-9.807
164,1,-9.936
165,0,9.37
166,0,5.293
167,0,16.727
168,1,-4.238
169,1,-23.112
170,0,13.641
171,1,22.814
172,0,8.889
173,0,-7.084
174,0,15.006
175,1,-10.244
176,1,11.572
177,1,-7.372
178,1,22.709
179,0,-3.28
180,1,18.612
181,1,3.649
182,1,14.394
183,0,-16.927
184,1,4.81
185,0,-25.357
186,1,-5.756
187,1,25.976
188,1,10.382
189,1,12.002
190,1,-4.437
191,0,-11.941
192,0,11.782
193,0,17.185
194,0,23.903
195,0,-6.762
196,0,-10.252
197,0,4.563
198,1,14.328
199,1,10.484
200,0,-3.587
201,1,13.785
202,1,15.764
203,1,26.424
204,1,3.111
205,0,-2.347
206,0,-11.365
207,1,9.986
208,1,24.295
209,0,7.417
210,0,-12.718
211,0,-12.747
212,0,-22.288
213,0,7.313
214,1,0.735999999999998
215,0,26.424
216,0,-19.664
217,0,9.916
218,0,28.386
219,0,-11.572
220,1,30.044
221,0,5.844
222,1,-4.053
223,0,-25.971
224,1,9.779
225,1,18.287
226,0,12.04
227,0,-7.315
228,1,-9.697
229,1,3.793
230,0,22.915
231,1,2.96
232,1,6.001
233,0,11.243
234,0,-16.239
235,0,13.785
236,0,13.489
237,1,8.007
238,1,18.189
239,1,7.883
240,0,4.983
241,1,21.156
242,0,21.398
243,0,2.573
244,1,26.17
245,0,14.854
246,1,31.943
247,0,-9.834
248,1,14.957
249,1,0.466
250,0,14.105
251,0,19.707
252,0,25.317
253,1,21.49
254,1,13.709
255,0,5.569
256,0,13.215
257,1,4.253
258,1,-22.944
259,1,-17.118
260,1,-3.745
261,0,-22.044
262,0,-16.046
263,1,-11.579
264,1,30.853
265,1,-4.195
266,0,-18.334
267,1,0.776999999999999
268,1,24.457
269,0,14.349
270,0,1.826
271,0,29.648
272,1,5.035
273,1,22.084
274,1,8.007
275,0,11.622
276,0,19.662
277,0,1.207
278,1,10.08
279,1,19.076
280,1,13.355
281,0,-6.405
282,1,12.9
283,1,18.825
284,0,3.28
285,1,2.105
286,1,-3.274
287,0,1.281
288,1,7.813
289,1,25.181
290,1,15.903
291,1,-17.895
292,0,9.986
293,1,10.431
294,0,0.374
295,1,-6.762
296,0,6.411
297,1,6.768
298,1,-7.713
299,0,3.742
300,1,35.798
301,1,9.587
302,1,1.121
303,1,12.477
304,0,39.025
305,0,-1.459
306,1,-6.463
307,0,19.282
308,1,33.509
309,1,-13.258
310,0,-12.896
311,0,24.592
312,0,2.43
313,0,-6.176
314,0,3.15
315,1,22.709
316,0,-14.854
317,0,0
318,1,21.098
319,1,-18.102
320,1,19.832
321,0,16.266
322,1,4.89
323,0,-9.852
324,1,-5.66
325,1,-2.33
326,0,-18.334
327,1,30.044
328,0,-1.497
329,1,20.227
330,0,-2.521
331,1,-1.702
332,1,3.933
333,0,-17.309
334,1,1.36
335,0,-2.686
336,1,-4.03
337,0,0.0429999999999988
338,1,-21.447
339,1,3.633
340,1,2.007
341,1,-12.902
342,1,-1.289
343,0,-1.447
344,1,-14.854
345,1,46.55
346,1,1.245
347,1,19.759
348,1,-2.845
349,0,15.32
350,1,8.676
351,0,-4.657
352,0,1.65
353,0,7.997
354,1,-23.675
355,1,6.211
356,0,8.131
357,0,-0.776999999999999
358,0,13.849
359,1,-7.624
360,0,-9.629
361,0,21.305
362,0,-2.521
363,1,28.182
364,0,10.739
365,0,-11.841
366,1,9.721
367,1,-5.209
368,0,1.33
369,0,12.292
370,0,2.756
371,0,3.703
372,0,15.227
373,0,22.302
374,0,-4.474
375,1,-0.703999999999999
376,1,-2.291
377,1,14.328
378,1,5.514
379,0,1.753
380,0,0.38
381,0,-4.162
382,1,14.645
383,0,1.558
384,1,-10.244
385,1,28.732
386,0,5.985
387,1,5.152
388,1,12.004
389,1,12.9
390,1,-3.42
391,1,14.543
392,1,19.334
393,1,16.551
394,1,-7.509
395,0,20.54
396,0,-10.674
397,0,17.227
398,0,-0.0370000000000004
399,1,-4.437
400,1,-2.223
401,0,19.334
402,0,-12.317
403,1,12.022
404,0,-12.747
405,0,7.313
406,1,19.763
407,1,22.519
408,1,-5.643
409,0,11.572
410,0,12.827
411,0,3.251
412,1,30.174
413,1,-4.982
414,1,22.084
415,1,9.494
416,1,-26.426
417,1,18.127
418,0,18.334
419,0,10.92
420,0,10.327
421,0,-0.776999999999999
422,0,-24.071
423,0,-5.116
424,0,10.964
425,1,-8.609
426,1,21.853
427,0,-9.352
428,1,5.342
429,0,11.895
430,1,45.948
431,1,20.094
432,1,-10.244
433,0,15.723
434,0,-22.084
435,1,20.245
436,0,4.81
437,0,5.569
438,1,8.224
439,0,0.859999999999999
440,0,-9.875
441,0,2.625
442,1,9.52
443,0,25.224
444,1,21.305
445,0,8.739
446,0,9.916
447,0,4.486
448,0,16.874
449,0,10.791
450,0,15.881
451,1,-6.107
452,1,2.593
453,0,-12.747
454,1,30.044
455,1,19.662
456,1,-15.56
457,0,-6.768
458,1,-6.456
459,1,19.923
460,1,10.844
461,0,0
462,0,6.555
463,1,9.297
464,1,2.309
465,1,29.693
466,0,1.33
467,1,6.259
468,0,11.572
469,1,21.639
470,1,-1.33
471,1,-5.125
472,1,-18.127
473,0,5.517
474,0,8.135
475,1,25.976
476,1,0.0059999999999989
477,1,-4.437
478,0,3.863
479,0,-1.33
480,0,4.512
481,1,10.739
482,0,-9.076
483,0,-28.859
484,0,-13.206
485,1,-2.284
486,0,-6.498
487,0,3.712
488,0,0.945
489,0,-20.168
490,1,9.915
491,0,-28.654
492,1,22.944
493,1,20.13
494,1,-10.753
495,1,1.13
496,0,-14.854
497,1,8.329
498,1,-10.459
499,0,8.174
500,0,3.152
501,1,-7.245
502,0,15.227
503,0,-7.917
504,1,11.242
505,1,7.572
506,0,25.092
507,1,19.076
508,1,-0.169
509,0,4.81
510,1,14.854
511,0,8.741
512,0,-7.409
513,1,-10.374
514,1,-20.992
515,1,14.996
516,1,18.334
517,1,4.661
518,0,17.983
519,1,14.901
520,1,-2.744
521,0,-10.547
522,1,-3.42
523,0,-30.136
524,0,4.81
525,0,-34.998
526,0,11.676
527,0,0.173
528,0,14.953
529,1,-1.33
530,0,46.37
531,0,-6.624
532,0,-7.16
533,0,11.919
534,0,-23.464
535,1,-9.009
536,1,31.461
537,1,-12.666
538,1,-27.477
539,0,-5.316
540,1,14.328
541,1,28.179
542,0,-10.747
543,1,17.227
544,1,-20.992
545,0,11.21
546,0,-11.747
547,1,6.013
548,0,-27.862
549,1,17.983
550,1,2.911
551,0,-10.69
552,1,23.556
553,0,-23.081
554,0,21.305
555,0,19.707
556,1,12.104
557,1,-11.334
558,0,-22.288
559,0,9.564
560,1,14.328
561,0,19.742
562,1,-13.42
563,0,-1.006
564,0,-4.603
565,1,16.097
566,0,-14.973
567,1,15.982
568,0,-5.902
569,1,14.197
570,0,2.06
571,1,-12.938
572,0,-7.624
573,0,-13.08
574,1,50.025
575,0,29.335
576,0,2.08
577,1,13.344
578,1,-2.33
579,1,-1.522
580,1,-2.985
581,1,17.537
582,1,4.81
583,0,4.9
584,1,8.059
585,0,-10.14
586,1,8.867
587,1,-0.776999999999999
588,0,-1.728
589,0,-7.624
590,0,2.467
591,1,22.572
592,0,-21.161
593,0,-23.113
594,1,3.955
595,1,11.833
596,0,9.843
597,0,-0.553
598,1,2.756
599,1,-7.108
600,1,-4.848
601,0,1.781
602,1,-4.657
603,1,-7.084
604,1,4.81
605,1,1.495
606,0,-20.168
607,0,-7.345
608,1,2.862
609,0,-2.159
610,1,-12.542
611,1,38.818
612,1,5.795
613,1,2.793
614,0,-6.764
615,0,-20.132
616,1,10.705
617,0,30.044
618,0,18.334
619,1,21.655
620,1,13.756
621,1,-11.572
622,1,5.209
623,0,7.051
624,1,1.589
625,0,14.854
626,0,2.929
627,1,-11.743
628,1,11.897
629,1,2.946
630,0,19.977
631,1,-5.985
632,0,-1.519
633,0,-5.373
634,0,11.723
635,1,19.594
636,0,20.632
637,1,-0.918000000000001
638,1,4.81
639,0,-8.656
640,0,3.827
641,0,19.408
642,1,16.226
643,1,-13.33
644,0,-6.764
645,0,-22.366
646,0,-20.022
647,0,25.419
648,1,-8.538
649,1,36.468
650,0,19.431
651,1,3.748
652,1,7.098
653,1,-16.306
654,0,0.984
655,0,0.776999999999999
656,0,33.769
657,0,-5.079
658,1,8.704
659,0,-18.478
660,0,2.756
661,1,7.619
662,1,-0.314000000000001
663,1,-0.287
664,1,17.227
665,0,-7.639
666,1,14.625
667,1,3.955
668,0,-8.181
669,1,3.482
670,1,12.718
671,0,-13.795
672,0,-23.675
673,1,19.936
674,1,-5.402
675,0,9.562
676,0,-1.197
677,1,25.224
678,0,-10.249
679,1,14.059
680,1,8.122
681,0,-0.986000000000001
682,1,3.15
683,0,16.326
684,0,2.425
685,0,5.729
686,1,8.927
687,0,11.676
688,1,19.273
689,1,-7.923
690,0,12.718
691,0,-14.813
692,1,15.813
693,1,-6.969
694,0,-9.009
695,1,22.35
696,0,-5.465
697,0,9.52
698,0,25.419
699,0,14.328
700,0,11.759
701,0,7.522
702,0,-3.42
703,0,8.329
704,1,13.077
705,0,-7.887
706,1,11.325
707,0,8.157
708,1,25.181
709,1,0
710,0,-9.789
711,1,-17.686
712,1,30.353
713,0,-10.356
714,1,20.662
715,0,13.041
716,0,-7.315
717,1,25.374
718,0,15.227
719,0,5.166
720,0,-17.726
721,1,34.742
722,1,2.105
723,1,10.825
724,0,6.89
725,1,20.196
726,1,-9.514
727,1,6.562
728,1,22.418
729,0,22.263
730,0,-13.846
731,0,6.364
732,0,-7.339
733,1,-2.244
734,0,-5.708
735,0,-1.522
736,0,6.607
737,1,9.875
738,1,22.587
739,0,-29.982
740,0,0.997999999999999
741,0,21.81
742,0,-11.509
743,0,-5.708
744,1,15.914
745,1,-7.345
746,1,12.101
747,1,-3.28
748,1,4.6
749,1,20.26
750,0,-20.992
751,0,7.816
752,0,3.722
753,0,8.741
754,0,15.487
755,1,24.811
756,0,-27.862
757,0,10.548
758,1,25.08
759,0,-0.33
760,0,-6.969
761,0,12.747
762,0,9.297
763,0,-24.06
764,1,17.672
765,0,12.324
766,1,-8.007
767,0,12.693
768,0,15.811
769,0,-14.991
770,1,26.449
771,1,0.0700000000000003
772,0,13.422
773,1,-10.356
774,0,26.424
775,0,9.297
776,1,10.248
777,1,-0.825999999999999
778,1,15.113
779,0,15.074
780,1,-11.365
781,0,10.891
782,0,-4.92
783,1,25.098
784,0,2.756
785,1,-14.854
786,0,13.441
787,0,-7.113
788,1,17.537
789,0,2.382
790,1,-6.626
791,1,4.81
792,0,0
793,0,-22.498
794,1,23.906
795,1,3.466
796,0,10.92
797,0,-22.79
798,1,10.493
799,1,31.252
800,1,13.301
801,0,-17.789
802,0,-15.508
803,1,-14.854
804,0,6.067
805,1,-2.627
806,0,-7.16
807,1,22.572
808,0,12.002
809,1,40.783
810,1,0
811,0,9.37
812,0,-15.736
813,0,-7.245
814,1,8.16
815,0,12.9
816,0,-5.404
817,0,-6.534
818,1,6.364
819,1,-5.018
820,1,12.669
821,1,-9.744
822,0,16.87
823,1,0.776999999999999
824,1,-22.944
825,0,0.185
826,0,-27.252
827,1,6.411
828,0,11.003
829,0,5.848
830,1,2.379
831,0,18.746
832,1,3.152
833,1,-4.437
834,0,23.108
835,1,12.414
836,1,-11.182
837,1,0.131000000000001
838,0,-5.125
839,1,4.661
840,1,14.645
841,0,10.998
842,0,3.703
843,0,-1.728
844,1,18.121
845,0,24.142
846,1,-2.627
847,1,10.964
848,1,6.411
849,1,2.647
850,0,-25.019
851,0,3.464
852,1,16.817
853,0,-4.848
854,1,6.259
855,0,-6.321
856,1,-5.173
857,1,9.542
858,1,19.436
859,0,4.202
860,0,18.004
861,1,-5.985
862,1,-9.875
863,1,-24.734
864,1,-4.078
865,0,15.227
866,0,4.983
867,1,22.944
868,0,4.202
869,0,-1.99
870,1,18.334
871,0,1.978
872,1,13.33
873,0,-7.624
874,0,3.111
875,0,17.146
876,0,8.769
877,1,14.645
878,1,23.554
879,1,11.242
880,1,11.747
881,1,26.892
882,1,-2.056
883,1,17.231
884,1,32.719
885,1,7.051
886,0,-10.747
887,1,-19.664
888,1,15.906
889,0,7.76
890,0,3.152
891,1,6.555
892,1,19.832
893,0,4.983
894,1,25.071
895,1,21.694
896,0,9.172
897,0,2.41
898,1,22.944
899,0,9.971
900,0,5.233
901,0,-4.81
902,0,-5.125
903,0,-17.309
904,0,4.603
905,1,8.558
906,0,-10.374
907,1,0
908,0,19.833
909,0,-12.119
910,0,18.863
911,0,25.077
912,1,15.971
913,0,-33.701
914,1,-3.587
915,1,-8.09
916,1,-4.812
917,1,17.265
918,1,9.067
919,0,12.747
920,1,26.7
921,1,4.81
922,0,16.087
923,1,4.946
924,0,18.863
925,0,-23.319
926,0,21.852
927,1,8.005
928,0,3.722
929,1,-2.199
930,0,-12.28
931,1,1.603
932,0,-15.981
933,0,4.81
934,0,7.76
935,1,7.813
936,1,24.811
937,1,22.263
938,0,16.87
939,1,22.611
940,0,0.461999999999999
941,0,6.363
942,1,-12.805
943,0,-23.313
944,1,0.529999999999999
945,0,2.188
946,0,-11.941
947,0,3.152
948,1,12.853
949,0,-5.018
950,1,8.721
951,1,20.245
952,1,16.607
953,1,-5.832
954,1,1.583
955,0,4.8
956,1,-13.044
957,0,-13.87
958,0,-4.657
959,1,-3.962
960,1,4.89
961,0,7.313
962,0,-10.374
963,0,17.144
964,0,-1.072
965,0,-1.153
966,0,-5.386
967,1,18.808
968,1,16.83
969,0,-20.538
970,0,14.328
971,0,8.741
972,1,-4.848
973,1,-2.33
974,1,9.64
975,1,23.906
976,1,17.879
977,1,23.906
978,0,4.437
979,0,16.326
980,1,14.328
981,1,22.814
982,0,-8.461
983,1,-18.334
984,1,25.816
985,1,18.981
986,1,33.654
987,0,3.509
988,0,21.305
989,0,-10.897
990,0,-4.517
991,1,4.979
992,1,2.627
993,0,2.313
994,1,-12.825
995,0,14.109
996,1,-14.39
997,1,6.013
998,1,10.834
999,1,-5.35
1000,1,11.24
