Subj,Class,risk_ori
1,0,-0.237869298783701
2,0,0.100687432684344
3,1,0.0493248122816554
4,0,-0.253236788922707
5,0,0.0175940932004992
6,0,-0.196767864962367
7,0,0.482778940813445
8,1,-0.227592943269586
9,0,0.0582163411594016
10,0,-0.133857438194202
11,0,-0.28327478904788
12,0,0.210424506817806
13,1,0.360887438226295
14,1,-0.110895822903649
15,1,0.277171822276794
16,0,0.00783623810394296
17,1,-0.403225178582724
18,0,-0.0163672154265609
19,0,-0.0335543133065873
20,0,-0.242609569017787
21,1,-0.162961565672565
22,1,-0.109469286823219
23,1,0.288978022702386
24,1,-0.364644448889753
25,0,-0.505363559732209
26,0,-0.0664022043490982
27,0,-0.254739377009734
28,0,0.267411075555297
29,0,-0.246062630986408
30,1,0.142611581518793
31,1,-0.364644448889753
32,0,-0.430794740246724
33,0,-0.200854118685928
34,1,0.0517066066841415
35,1,-0.0717022978794395
36,0,0.156047767500863
37,0,-0.0137250931712045
38,0,0.026696646064553
39,0,0.148221139772317
40,1,-0.0462706301373878
41,0,-0.359977518018026
42,0,-0.214620789893697
43,1,-0.390848686797947
44,1,-0.498655813164505
45,1,-0.0519828317874868
46,0,-0.267772713494528
47,0,-0.336251964627976
48,0,-0.433652140624233
49,0,-0.138774959200596
50,0,0.0314769476169253
51,1,0.0350878118713679
52,0,0.090116343709091
53,1,-0.255568710499812
54,0,-0.142758296886626
55,1,-0.53972587624992
56,0,-0.204988530271052
57,1,0.0343364951952528
58,0,-0.0527555656625719
59,0,-0.1530004124197
60,1,0.265738095282789
61,1,0.0466211647201172
62,1,-0.182895535364742
63,0,-0.265521311482959
64,1,-0.263410430864561
65,1,0.239691838148752
66,1,0.399873667117699
67,0,-0.31580629148354
68,1,-0.243874086694119
69,1,0.213849424797846
70,0,-0.00726523152132558
71,1,0.0230570607753471
72,0,-0.0722060193423528
73,0,0.272385049212071
74,0,-0.448433690883204
75,1,-0.0466518993445631
76,1,-0.30161886561428
77,1,-0.296076518714566
78,1,-0.409734913057984
79,0,-0.0100026522968634
80,1,0.188791885518308
81,1,0.0845530016046126
82,0,0.0502483070742768
83,0,0.20296303328785
84,0,-0.121199288277601
85,0,0.212256542096669
86,0,-0.165343360075051
87,1,0.119870262762824
88,0,-0.277417985011036
89,0,-0.0339260392910205
90,0,-0.373487330044047
91,0,0.364870775912325
92,0,0.0636259596485993
93,0,-0.735508718090452
94,1,-0.0607321812181041
95,0,0.363174368756283
96,1,0.112699192544042
97,0,-0.0543671289415464
98,1,0.201517176613032
99,1,-0.222464753827638
100,0,0.292043276679432
101,0,0.154206936446412
102,0,-0.327429478300269
103,1,-0.375603103932795
104,1,0.352091506153084
105,1,0.167410696640409
106,1,0.0807148352641455
107,0,-0.337237054902466
108,1,-0.328901156297547
109,0,-0.261249680443813
110,1,-0.0650349491235707
111,0,-0.229244359378511
112,0,-0.0640336509250505
113,1,0.080222698127898
114,1,-0.00678818702127995
115,1,0.0998248949390844
116,0,-0.534697134174382
117,0,-0.348179869862152
118,1,0.0794485235270668
119,0,-0.163818124075366
120,1,-0.30227065813506
121,0,-0.0459169375570911
122,0,0.0923067215206428
123,1,0.231420591323859
124,1,-0.310242949379061
125,1,0.332259456481083
126,1,0.324684112165797
127,1,0.00530301425160816
128,1,0.333923315525054
129,0,-0.132601581100237
130,1,-0.220521320417213
131,0,-0.380329793314198
132,0,-0.142665321032567
133,0,-0.0777608091771131
134,1,0.322508579767372
135,0,-0.190592084383927
136,0,0.147892246142096
137,0,0.0886956787778647
138,0,-0.101630964953907
139,0,0.0357823518700713
140,0,0.0767443070067102
141,1,-0.0161063186148722
142,0,-0.0436867860125178
143,0,-0.0844452916731076
144,1,-0.623037218102918
145,0,-0.0117299380189319
146,1,-0.503287474700193
147,1,0.481487376712726
148,1,-0.531190840988398
149,1,-0.162632672042344
150,1,-0.0201395291262831
151,0,0.300884932731797
152,0,-0.34312371789171
153,0,0.0978277381414035
154,1,0.223500854145148
155,1,-0.017757734723797
156,1,-0.365540860122504
157,1,0.190313464841657
158,0,0.197365917969372
159,0,0.00108582617827757
160,0,0.37525517116602
161,0,-0.022772200345027
162,1,-0.336903757148756
163,0,-0.399387012242257
164,0,-0.0712252533793939
165,1,-0.0331916464623669
166,0,0.0283340276429545
167,1,-0.196653572182831
168,1,-0.297355639880239
169,0,-0.526596311058692
170,1,0.296098159667075
171,0,-0.235322696543953
172,1,0.138619269568839
173,1,-0.28546210823824
174,0,0.235834680571962
175,1,-0.117371784164909
176,1,0.371640838240455
177,1,-0.227567121947127
178,1,0.0203320829348555
179,1,0.151074362802907
180,1,0.119870262762824
181,0,0.0357823518700713
182,1,-0.669572969987149
183,1,0.0788153317721265
184,1,0.0160694261596329
185,1,-0.0896534450752495
186,1,-0.155026449161031
187,0,0.00173200282711583
188,0,-0.113376425538039
189,0,-0.257325365312391
190,0,-0.312934154005553
191,0,0.212330168140619
192,0,0.476094036323245
193,0,-0.302095341155507
194,0,-0.123341047462026
195,0,-0.108473997182877
196,1,-0.188723172776345
197,0,-0.0307174451646404
198,1,0.257231204009848
199,1,-0.126483311292887
200,0,0.248623967303602
201,1,0.212180672483525
202,0,-0.761534580397902
203,0,-0.403370349928287
204,1,-0.0371680772733341
205,0,-0.654122701051933
206,0,0.18965452353706
207,0,-0.389253970577508
208,1,-0.0637890322130787
209,0,-0.315510125335811
210,1,0.198342455974144
211,0,0.156256288735597
212,0,-0.108240146795576
213,1,-0.222879796248814
214,1,-0.587148261995257
215,0,0.0443016860780585
216,1,-0.44240100090799
217,1,-0.140689594787333
218,1,-0.486569724690902
219,1,0.464517851120283
220,1,-0.0836940517859186
221,1,-0.0998623563531421
222,1,0.0381709733356619
223,0,-0.136228356960849
224,1,-0.108846292126129
225,0,-0.0249288049425792
226,1,0.171443338193002
227,0,0.158875661378886
228,1,0.0273321604856159
229,0,-0.130375467185605
230,1,0.563826015725622
231,1,0.197285398403836
232,1,0.141971809938853
233,0,0.153791715536902
234,1,-0.0841843948614189
235,1,-0.0373747769481104
236,0,0.0448505625613069
237,0,-0.112848544259555
238,0,-0.267353346761822
239,0,0.281586480483715
240,0,0.173657211637858
241,0,-0.294709263489038
242,1,0.386531283879416
243,0,-0.0525851419533686
244,1,-0.292966802995776
245,0,-0.153833763467902
246,1,-0.388647825246956
247,0,-0.334860876371922
248,0,-0.152011923649774
249,1,0.0567704844845831
250,0,-0.107472130025539
251,1,-0.303733214903801
252,0,-0.0371814556607469
253,1,0.453399719181044
254,1,0.363335818201562
255,0,0.21880719053059
256,0,-0.616181742938901
257,1,0.106412646228307
258,0,0.40566230733976
259,0,-0.0357676177926251
260,1,-0.11240335620439
261,0,-0.432143573194748
262,1,-0.23985547967205
263,0,-0.120537952534079
264,0,-0.19354622180664
265,0,-0.0838748218255871
266,0,-0.235019621213159
267,1,-0.289959840502693
268,0,-0.197493283527097
269,0,-0.194926286460762
270,1,-0.0993714443188235
271,1,-0.344074827367538
272,1,-0.135928462959618
273,0,0.0971922237203405
274,0,-0.397699757838474
275,0,0.0811191093606497
276,0,-0.313595489749075
277,0,-0.466200749300808
278,1,-0.196923443258443
279,0,-0.00488343711883946
280,1,0.260633617205243
281,1,-0.30861894316504
282,0,0.36253885433522
283,1,-0.0400764907168936
284,0,0.169467611947767
285,1,0.0986505233302053
286,0,-0.0567299290846779
287,0,-0.632080176430512
288,0,-0.569629290960747
289,1,-0.216304387621144
290,1,0.539046070328663
291,0,-0.573612628646777
292,1,-0.334617395577587
293,0,-0.182085193110986
294,0,-0.188450325199502
295,1,-0.563840650738686
296,0,-0.412571781199931
297,1,0.156628583678849
298,0,0.0312748978945415
299,1,-0.184388970699509
300,0,-0.420790365766279
301,1,0.328076179030727
302,0,-0.262545961649579
303,0,-0.157415070626622
304,1,0.424392715702969
305,0,0.150053175051179
306,1,-0.061051611437541
307,1,-0.281308346843007
308,1,0.0621991098866129
309,1,-0.291813861939343
310,0,-0.0268692618517745
311,1,-0.2373789557082
312,1,0.109882392443638
313,1,-0.312137190139211
314,0,-0.208098245989842
315,0,0.492470791949516
316,1,0.276536307855731
317,1,-0.493536597986482
318,0,-0.141364635703311
319,0,0.267183951957608
320,0,0.195007442137772
321,1,0.0245947397100781
322,0,-0.099947936185278
323,1,-0.134990202565828
324,1,0.348738070039207
325,0,-0.242293973963021
326,0,-0.243640236306818
327,1,-0.107506040648513
328,1,-0.519614655785436
329,1,0.0483078501650816
330,1,-0.14005408036627
331,0,-0.798869393180382
332,0,0.252863797677831
333,1,-0.124820677350845
334,1,-0.0247842025558349
335,1,0.0443651127561561
336,1,-0.230365499770027
337,0,-0.449154785136403
338,0,-0.220899773191258
339,1,0.174351751636561
340,0,-0.212535730597757
341,1,-0.364474025180549
342,0,-0.309576882727006
343,0,-0.285093103477776
344,0,-0.254872105420251
345,1,0.227933934629574
346,0,0.13532053169804
347,0,-0.0956847104512371
348,0,-0.282745082289289
349,1,-0.0258148698448656
350,0,0.0960457541762577
351,1,-0.290150002895372
352,1,-0.252624172079805
353,0,-0.160419367556306
354,1,0.522864060588983
355,1,0.415290731797734
356,1,-0.132759195380846
357,0,0.537487630073797
358,0,-0.0311229443630734
359,1,-0.0574244690833813
360,0,-0.224684529826027
361,1,-0.0273601738860932
362,0,-0.0463948376975453
363,0,-0.20617116746806
364,1,0.214019848507049
365,1,0.186702422098879
366,1,-0.222913000503995
367,1,-0.328252263489071
368,0,0.0831162661583306
369,0,-0.0250046745557229
370,1,0.0754490862296556
371,1,0.0895817436801512
372,0,-0.138646714010498
373,1,0.277171822276794
374,1,-0.0349925448749092
375,0,0.147951268696705
376,0,-0.0354520227378592
377,1,0.201922675811465
378,1,0.517250737346474
379,0,-0.423794662695964
380,1,0.156066695301736
381,1,-0.17808294097756
382,1,-0.172248816377097
383,0,-0.345118873043982
384,0,0.0265262223553496
385,0,-0.0782253309301544
386,0,-0.277071675363462
387,1,0.165078775063304
388,0,-0.263680480428508
389,0,0.27065311353761
390,0,-0.0182654938166511
391,1,-0.127033981836882
392,0,-0.387356261146236
393,1,-0.196696319660754
394,0,-0.498363482181448
395,0,0.122031191671907
396,0,-0.75328858593665
397,0,-0.218235122819262
398,1,-0.0928622788023817
399,0,-0.379230246286954
400,1,0.283365961697288
401,0,-0.517944248440189
402,1,-0.244345260044961
403,1,-0.324029459543799
404,1,-0.134709100303622
405,0,-0.0840995509843516
406,0,-0.449010182749659
407,0,-0.201907941734019
408,0,-0.144632332196258
409,0,0.127203638067295
410,1,-0.228872064435259
411,0,-0.0874983075034115
412,0,-0.175213360750324
413,1,0.457662375956267
414,0,0.139811059518105
415,0,-0.496261575826973
416,1,0.285912563937036
417,0,0.263968631041616
418,0,-0.115789669788403
419,1,-0.25875574046261
420,1,0.0972874139278731
421,1,-0.13244360032608
422,0,-0.168080780850589
423,0,0.186310957430969
424,0,0.162353797222813
425,0,0.180541486933566
426,0,-0.00959658413961206
427,1,-0.302810086604728
428,1,-0.158698908897342
429,1,0.257936796706809
430,1,0.0591024060616881
431,0,-0.308128031130722
432,1,-0.136706257101303
433,1,-0.300869629695533
434,1,0.130373275107587
435,0,0.405977902394526
436,1,0.344705428486615
437,1,0.501082432779251
438,1,-0.369837290111727
439,1,-0.0375831196945091
440,1,-0.153270283495312
441,1,-0.587408589848127
442,1,0.503954570257237
443,1,-0.404546258738567
444,1,-0.164168854855035
445,0,-0.213665845253197
446,1,-0.16614458110027
447,0,0.00183732134272815
448,0,-0.014265309072086
449,1,-0.366832993182042
450,1,0.410712479967745
451,0,0.188038243153038
452,1,0.342764971577419
453,0,-0.237681172375553
454,1,0.0567704844845831
455,0,-0.267248597205028
456,0,-0.503432646045755
457,0,0.0283001170199803
458,0,-0.148994614826225
459,1,0.0290551218961534
460,1,0.20563523100151
461,0,-0.121243545231041
462,1,0.0348274072295715
463,0,-0.347701969721698
464,1,-0.357133416215972
465,1,0.414674387101329
466,0,0.172846869384102
467,0,-0.251524282155284
468,0,-0.0256444461356622
469,1,-0.250469890148375
470,0,-0.0448696016978604
471,0,-0.536817462806361
472,0,-0.0249331292541102
473,1,0.246692484658331
474,0,0.0392390705150276
475,0,0.316032049547293
476,1,0.041191970359269
477,0,0.171272914483798
478,1,-0.10910951160394
479,1,0.10468321330542
480,0,-0.0449489810227267
481,1,0.410537162988192
482,1,-0.324839801797554
483,1,-0.129333884607291
484,0,-0.111322816089978
485,1,-0.0960051987763525
486,1,0.43147292002575
487,1,-0.222597405449229
488,1,0.283365961697288
489,1,0.00393848025004916
490,1,-0.144508124636101
491,0,-0.465548387821209
492,0,0.0899144724750427
493,1,-0.0155444302377591
494,0,-0.159464422915807
495,1,-0.199315692304043
496,1,-0.508842264534953
497,0,-0.154054804426609
498,1,-0.0532707076881482
499,1,0.186860402873036
500,1,-0.372050594597765
501,1,-0.165739081901837
502,1,-0.0737516501686243
503,0,0.432655557222757
504,0,-0.382164645026191
505,1,0.0480931695024388
506,1,0.212761488661511
507,0,-0.0890235435030962
508,1,0.124657035827547
509,1,-0.0246004004592187
510,1,0.378045823158921
511,1,-0.221318284283556
512,0,-0.0320657091538454
513,1,-0.0624883468838229
514,0,0.161926311866591
515,0,-0.070219838454004
516,1,-0.173694104093097
517,1,-0.108473428224059
518,1,-0.289063429269941
519,0,-0.224293065158117
520,0,0.321220703866711
521,1,0.181844103732544
522,0,0.60219206475595
523,0,0.0838565301361875
524,0,-0.344552727507993
525,0,-0.33609781901849
526,0,-0.387953285248252
527,0,0.0579007461046358
528,1,-0.41106496747775
529,0,0.201873371944902
530,1,0.0913180036661434
531,0,-0.0134094981164385
532,1,-0.0180906659839586
533,1,0.455501625535519
534,1,0.231826090522292
535,1,-0.527158199435805
536,1,0.114157492153907
537,1,0.0431997154112005
538,1,0.232998381388834
539,0,-0.104701683483155
540,1,-0.0720350266743311
541,1,0.0916246244569857
542,0,-0.471273179370967
543,0,0.139583188473263
544,0,-0.0760644020210712
545,1,-0.109225237070066
546,1,0.0536212422708776
547,0,-0.412996450123022
548,0,-0.578045709131203
549,0,-0.73171780362489
550,0,-0.115585965035093
551,0,-0.167184938576656
552,1,-0.0574244690833813
553,1,-0.265832256585332
554,0,-0.233751244395222
555,1,-0.229017235780822
556,1,0.345595150065236
557,0,0.44842574552427
558,1,0.158223299899288
559,0,-0.0502982114233808
560,1,0.116243120408665
561,1,-0.178672731419469
562,0,-0.0552827098989561
563,0,-0.228667867512056
564,1,-0.412327162487959
565,0,0.0349888566748512
566,0,0.483418859357997
567,0,-0.493740794909685
568,0,-0.138646714010498
569,1,0.117396061465098
570,0,0.236641187661047
571,1,-0.164253698732103
572,1,0.0706135942643136
573,1,0.393265054234848
574,1,0.238327873106011
575,0,-0.169517516296871
576,0,0.703627954015191
577,1,-0.105736007448521
578,0,-0.772139542860648
579,1,0.0273321604856159
580,0,0.235453232876451
581,0,-0.366820550246996
582,0,0.133119670147048
583,1,-0.267538863107227
584,1,-0.306829918728726
585,0,-0.342791844737227
586,0,-0.0480784354249926
587,0,0.120015434108387
588,1,-0.040063478823029
589,0,-0.099474360356355
590,0,0.231910934399359
591,0,0.0961571523078207
592,0,0.172411294727366
593,0,0.0523368350413388
594,0,0.0977920311346488
595,0,-0.164204124191075
596,0,0.0763794080853815
597,0,-0.399598036228564
598,0,0.292358871734198
599,0,0.0158085293479441
600,0,-0.477143564260494
601,1,0.0703467181101669
602,1,0.104030851825821
603,0,-0.044850102615136
604,1,-0.129706179550542
605,1,-0.235368420523107
606,0,-0.120883693222835
607,1,-0.100672698606898
608,0,-0.421008594196973
609,0,0.0852728707558827
610,1,0.600620612607219
611,1,0.206396925531813
612,0,-0.28474223908697
613,1,0.19616425801232
614,0,-0.13682487419237
615,1,0.107964614970823
616,0,0.0796595475133743
617,1,-0.0678184075598189
618,1,0.00491501825482099
619,1,-0.0443391474921162
620,0,0.0278816059276828
621,0,-0.273016136232709
622,0,-0.406486715647762
623,0,-0.255217846109007
624,1,-0.272683407437818
625,1,0.217550764477807
626,1,-0.208332096377143
627,0,-0.163182609654303
628,0,-0.195543378604321
629,0,-0.282220965999789
630,0,-0.0727301356318529
631,1,-0.00363808916716593
632,1,-0.303891195677958
633,1,0.120014865149568
634,1,0.0160878484371371
635,0,-0.0792060968931132
636,1,0.0245786400986966
637,0,-0.351948526885539
638,0,0.0771357716746199
639,1,-0.0597372209358281
640,1,-0.304322513175818
641,1,-0.0309783419763291
642,0,-0.182358609646647
643,0,-0.106948013736039
644,0,0.102933941425563
645,1,0.218225805393786
646,1,0.0873222230450675
647,0,-0.429761778792262
648,1,0.0302405739291755
649,1,-0.0175997539496399
650,1,-0.288585529129487
651,1,0.302882089529478
652,0,0.0383324227809416
653,1,0.00465412144313228
654,1,-0.595250310212875
655,0,-0.266796175489756
656,1,0.0123030918023686
657,1,-0.224550382082396
658,0,-0.472880907485271
659,1,0.317755010957831
660,0,0.0160688572008145
661,0,-0.393003457876237
662,1,-0.00221505889334084
663,1,0.257761479727257
664,0,-0.289425240473753
665,1,-0.059789416427332
666,1,-0.0401350241246417
667,0,0.03999281315379
668,0,0.072042377819055
669,1,-0.0268270833326694
670,0,0.143368692555185
671,1,0.158543219265585
672,1,0.068650310954125
673,0,0.2175735908788
674,0,0.00724693983192587
675,0,0.0487981932405819
676,0,0.0243154206208852
677,0,-0.186329996567523
678,1,0.0517066066841415
679,0,-0.36061686760376
680,1,-0.397154716519896
681,0,-0.27203537026975
682,0,-0.454871024416443
683,1,0.00567530919485981
684,1,0.252814223136804
685,0,-0.0699499673783916
686,1,-0.127654324509784
687,0,0.206161850042584
688,1,-0.211870559689564
689,0,-0.0953886755916121
690,0,-0.193239601015798
691,1,0.20981987096277
692,1,-0.00854435268699866
693,1,0.118292472697849
694,1,0.0540267414693106
695,1,0.0918686742101389
696,1,-0.0386306340420751
697,0,0.00873690649557107
698,0,-0.0550069676741404
699,0,-0.0484839346234256
700,0,-0.57113553572411
701,1,-0.2087465698395
702,1,0.0444596668522156
703,1,-0.0246132098878133
704,1,0.260989812537113
705,0,0.165398694429601
706,1,-0.553688109991213
707,0,0.111192378821861
708,1,-0.405962599358262
709,1,0.28418874688609
710,1,-0.144388282443105
711,1,-0.231123287958493
712,0,0.142005014194035
713,1,-0.213881992941554
714,1,0.154352107791975
715,0,-0.325343850045511
716,0,-0.337147150758799
717,1,0.130327058958541
718,1,-0.38602180260298
719,0,0.122437259829159
720,0,-0.111527013013181
721,0,0.201832771667798
722,0,-0.0543714532530775
723,0,0.432394660411068
724,1,0.162993715767365
725,1,-0.368918052477982
726,1,0.445644067795292
727,1,0.311723745581843
728,0,-0.192805957828783
729,0,-0.610946872470438
730,1,-0.253102072220259
731,1,0.169341431838527
732,1,-0.0225575196823842
733,0,0.130853677999614
734,0,-0.222388884214495
735,1,-0.130021774605308
736,0,-0.341021811537235
737,1,0.288330065346277
738,1,-0.0413933839701797
739,0,0.455712471033491
740,0,-0.07896204713996
741,1,0.0874966843842117
742,1,0.307360893993058
743,0,0.0827986694581562
744,1,-0.220405025992269
745,1,-0.145547913153668
746,1,-0.422932124950704
747,0,-0.395123786508216
748,0,0.0434437651643538
749,1,0.604883269382442
750,1,0.173801814024602
751,0,0.0982072520441593
752,0,-0.47247483932802
753,0,-0.081360867971403
754,1,0.059507905260121
755,0,-0.177708812515046
756,0,0.272069454157305
757,1,-0.220567044396367
758,1,0.0727116654541177
759,1,0.415524582185035
760,1,-0.0944690159636614
761,0,0.0526192258409235
762,1,0.168188490782094
763,1,0.232891700362318
764,1,-0.420979225106463
765,1,-0.114924629291571
766,1,0.187981543264552
767,0,0.276647705987294
768,1,-0.306740014585059
769,1,0.0758350863453641
770,1,-0.551935002946685
771,1,0.36588242044131
772,1,0.103595277169085
773,0,0.220687563756466
774,1,-0.331953031887181
775,1,-0.345209346146467
776,1,-0.41795557836667
777,0,0.287911187760431
778,1,-0.0658414562126553
779,0,-0.306424419530293
780,0,-0.328815743461661
781,0,-0.522206905215411
782,1,0.0829601189034358
783,1,0.270405026154516
784,0,-0.238085446472058
785,1,-0.372374771122938
786,1,0.130590278436352
787,0,-0.153909633081046
788,1,0.286103382472826
789,0,-0.213566397886788
790,0,0.386422388499427
791,0,-0.295586175639066
792,0,-0.0178292800254096
793,0,0.221042752458803
794,0,0.145033407239564
795,0,0.0297496618948568
796,0,0.279385126762832
797,0,-0.287412013161016
798,1,-0.0317127348049827
799,0,-0.181390653112283
800,0,-0.0625099110474056
801,0,-0.39069070602379
802,0,-0.00585139365320375
803,0,0.434741185477515
804,0,-0.317085412649213
805,0,-0.0207750435473461
806,0,-0.133596541382513
807,1,-0.0225575196823842
808,0,0.408281111024231
809,0,0.324593639063312
810,0,-0.120208652306856
811,0,-0.17712799633706
812,1,0.0594954623250748
813,1,-0.178428681666316
814,1,-0.370219306766056
815,0,-0.0502982114233808
816,0,0.18673562635406
817,0,0.0200711861231667
818,1,0.220845178037075
819,0,-0.500450606558246
820,0,0.0519506564372948
821,1,0.227934503588392
822,0,-0.132372055024467
823,1,0.175719006862089
824,1,-0.0478315731438272
825,0,-0.393301946690088
826,1,-0.396893819708208
827,0,-0.0590212503846787
828,0,-0.19066362968554
829,0,-0.184704565754275
830,0,0.0634912429461507
831,1,-0.289076441163805
832,1,0.250923340768636
833,0,-0.219535808148518
834,1,-0.189047349301518
835,0,0.158875661378886
836,0,0.0812901020286713
837,0,-0.254087584488954
838,1,-0.289076441163805
839,0,0.0749119580462909
840,1,-0.221476265057713
841,0,-0.0351614724620725
842,1,0.0690460327809111
843,1,-0.203696397211515
844,1,-0.0212696437817229
845,0,0.0664370064680872
846,0,0.246778064490467
847,1,-0.17409960329153
848,1,0.0849572757011167
849,0,-0.184704565754275
850,1,-0.238491514629309
851,0,0.06758347601217
852,1,0.167816195838842
853,0,-0.440738366965947
854,0,0.257446453631309
855,1,-0.262694968159813
856,0,0.0512162636086412
857,1,0.203560057389866
858,1,-0.221867729725623
859,0,0.221918739768642
860,0,-0.500676234033895
861,1,0.0397781324911472
862,1,0.00921395099561666
863,1,-0.427778000381994
864,1,-0.148958907819471
865,1,-0.186348418845027
866,0,-0.200009663343928
867,0,-0.56303471260842
868,1,-0.0811038063243851
869,1,-0.334976678626974
870,1,-0.33313799175031
871,0,-0.386545918892481
872,1,0.299439076056979
873,0,0.0037938778633049
874,1,0.0353673094488962
875,1,-0.0569998001602902
876,1,-0.220592865718826
877,1,0.272494123080396
878,1,0.000815955102665175
879,0,-0.305166059684755
880,0,-0.386562765951016
881,1,0.162614201864609
882,0,0.113667149078406
883,0,-0.280135337745031
884,1,-0.157957609193626
885,1,0.0097271204721104
886,0,-0.469095581891684
887,1,0.347986830152018
888,1,0.107245317101405
889,1,0.281316609408103
890,1,-0.377723432564774
891,1,-0.414903133818217
892,0,0.38626440772527
893,1,0.247908326110519
894,0,0.157438925932604
895,1,-0.193602921695126
896,1,0.237771449281099
897,0,0.346320568629966
898,0,-0.345109898780058
899,0,0.169062112749334
900,1,-0.226897834312064
901,0,0.0122306908603474
902,1,0.534028408677267
903,1,-0.163165762595768
904,0,0.182193472001309
905,0,0.0370830371993272
906,0,0.366722131785576
907,1,-0.0329054204981114
908,0,-0.0225281505918737
909,1,0.370361717074782
910,1,-0.309477435360597
911,1,-0.0938628706331089
912,0,-0.0916291713204843
913,0,-0.35567858527723
914,0,-0.117786826586084
915,0,-0.199434309395111
916,1,-0.0629330427690958
917,1,0.177795091894105
918,1,-0.447188342931531
919,0,0.0447397333885624
920,0,0.255676420431317
921,1,0.159523985228544
922,1,0.151713565424028
923,0,0.0322828857471916
924,1,-0.100642476183981
925,0,-0.271570279557891
926,1,-0.283436807451978
927,1,0.248995693288035
928,1,0.0251213587511515
929,0,0.00275641201186043
930,0,-0.347040633978176
931,0,-0.0852646081907869
932,1,-0.031929451452158
933,1,0.054550708486195
934,1,-0.148022114451394
935,0,0.327067840361038
936,0,-0.468285808596747
937,1,-0.278841708563454
938,1,-0.164457895655305
939,0,-0.204028839324816
940,1,-0.253929603714797
941,1,0.114797263733846
942,1,-0.137985378266976
943,0,0.359161661979743
944,0,0.477603172711548
945,1,-0.558738282619197
946,0,-0.00611826980735042
947,0,-0.278120614310255
948,1,-0.403919718581427
949,0,0.205104792472276
950,0,-0.358685384958488
951,0,0.130742279868051
952,1,-0.0616871258586039
953,0,-0.425577138831002
954,1,0.109747091105861
955,0,0.173756090045449
956,1,0.211865077428759
957,1,-0.0666064012723013
958,1,0.0447059601745627
959,1,-0.117453528832375
960,0,-0.157343525325009
961,0,-0.475860012671363
962,1,0.0145626124374523
963,1,-0.260673188577358
964,1,0.333866615636569
965,0,0.0935288054006078
966,1,-0.0519496275323056
967,1,0.111624268301572
968,0,-0.0465146798905411
969,1,-0.048846601467646
970,1,0.138304814754743
971,0,-0.412256186145165
972,1,0.0830595662698449
973,1,0.227772485184294
974,1,-0.111499711311532
975,0,0.132919877347335
976,1,0.245526531708033
977,0,-0.105749019342385
978,0,-0.450851192292445
979,1,-0.0419573530896301
980,0,-0.44443193091967
981,0,-0.0885990530683408
982,1,0.305835657993373
983,0,-0.381386850884506
984,1,0.405832731048964
985,0,-0.198943397360792
986,1,-0.38050078598222
987,0,-0.152924542806556
988,1,-0.204869913179985
989,1,-0.0798101614662979
990,1,0.188458587764598
991,0,0.417626488539509
992,1,0.0331726073258133
993,0,0.0598531537789848
994,0,0.0279086523520706
995,0,0.0493179852185509
996,1,-0.102108865094361
997,1,0.10468321330542
998,0,-0.2986435157809
999,1,0.208517254163792
1000,0,-0.10864442089208
