Subj,Class,risk_1d
1,0,-8.963
2,0,-8.963
3,1,6.05
4,1,2.9
5,0,-8.963
6,0,8.713
7,1,-5.813
8,1,-2.913
9,0,5.563
10,0,-2.663
11,1,-0.25
12,0,-3.15
13,1,11.863
14,0,-3.15
15,0,5.563
16,0,-3.15
17,0,-5.813
18,0,-6.063
19,0,5.813
20,0,0.237
21,1,-0.25
22,1,3.15
23,0,2.9
24,0,5.813
25,1,-0.25
26,1,-6.063
27,0,3.15
28,0,8.713
29,0,-2.913
30,0,0
31,1,2.9
32,0,8.713
33,1,3.15
34,0,8.713
35,1,8.963
36,1,-8.963
37,1,2.9
38,0,0
39,0,-5.813
40,1,5.563
41,0,2.9
42,1,8.963
43,0,6.05
44,1,0
45,1,6.05
46,0,0
47,1,2.9
48,1,5.813
49,1,2.663
50,1,6.05
51,1,3.15
52,0,-0.25
53,1,5.563
54,0,6.05
55,1,3.15
56,1,-8.963
57,1,-5.813
58,1,0
59,0,2.9
60,1,-0.25
61,0,2.9
62,1,0
63,0,-8.963
64,0,6.05
65,0,3.15
66,1,3.15
67,1,8.963
68,0,8.963
69,1,2.663
70,1,-8.963
71,0,11.863
72,0,0
73,0,3.15
74,1,3.15
75,0,0
76,1,8.713
77,0,-0.25
78,0,5.813
79,0,5.813
80,0,0
81,1,6.05
82,1,-6.063
83,0,2.9
84,1,0
85,1,-8.963
86,0,-0.25
87,1,3.15
88,1,2.9
89,1,-3.15
90,0,2.9
91,1,-5.813
92,1,-2.663
93,1,-3.15
94,1,-6.063
95,1,-2.663
96,1,6.05
97,0,5.813
98,0,-2.913
99,0,-5.813
100,0,-5.813
101,0,-5.813
102,0,5.813
103,1,-6.063
104,0,2.9
105,1,-0.25
106,1,8.713
107,1,-2.663
108,0,6.05
109,1,2.9
110,0,-2.913
111,0,0
112,1,11.863
113,0,6.05
114,0,8.963
115,0,-2.913
116,1,11.863
117,0,-2.913
118,1,3.15
119,0,-8.963
120,1,5.813
121,1,-3.15
122,0,-6.063
123,0,2.9
124,0,2.9
125,1,2.9
126,1,-2.913
127,0,-2.913
128,1,0
129,0,-0.25
130,1,2.9
131,1,2.9
132,0,0
133,1,0.237
134,0,0
135,1,2.9
136,0,-2.913
137,0,-5.813
138,1,-2.663
139,0,5.563
140,0,0
141,1,-2.913
142,0,2.9
143,0,3.15
144,0,6.05
145,0,8.713
146,0,-2.913
147,0,2.663
148,1,-5.813
149,0,-2.663
150,0,0
151,1,2.9
152,0,0.237
153,1,0
154,1,0
155,1,-3.15
156,0,-0.25
157,0,0
158,1,-0.25
159,0,-0.25
160,1,0
161,1,-5.813
162,0,6.05
163,1,0
164,0,5.813
165,1,-3.15
166,0,5.563
167,0,8.713
168,0,3.15
169,1,0
170,1,8.713
171,1,2.663
172,0,0
173,0,0.237
174,1,8.963
175,1,0
176,1,-3.15
177,0,-3.15
178,0,-8.963
179,0,-2.913
180,0,11.863
181,0,2.9
182,0,-6.063
183,0,5.813
184,1,0
185,1,2.9
186,0,11.863
187,1,0
188,1,0
189,0,0
190,1,6.05
191,1,0.237
192,1,0
193,0,0.237
194,0,5.563
195,0,6.05
196,0,8.713
197,0,0
198,1,-8.963
199,1,-6.063
200,0,3.15
201,1,-2.663
202,1,0
203,0,-0.25
204,1,2.9
205,1,5.813
206,1,-3.15
207,1,2.9
208,0,-6.063
209,1,5.563
210,1,5.813
211,1,5.813
212,0,-6.063
213,0,3.15
214,0,0
215,1,-3.15
216,1,0.237
217,1,0
218,1,6.05
219,0,5.813
220,1,2.9
221,0,-0.25
222,0,6.05
223,0,-5.813
224,0,3.15
225,1,2.9
226,1,0
227,0,0
228,1,2.9
229,1,3.15
230,0,2.9
231,1,-0.25
232,1,6.05
233,1,-0.25
234,0,0
235,1,-5.813
236,0,3.15
237,0,8.713
238,0,5.813
239,1,8.963
240,1,0.237
241,0,11.863
242,0,5.563
243,1,6.05
244,0,2.9
245,0,-5.813
246,1,2.9
247,1,2.9
248,0,6.05
249,0,2.9
250,1,-3.15
251,0,2.9
252,1,8.713
253,0,-3.15
254,0,5.813
255,0,5.813
256,1,2.9
257,0,3.15
258,1,-2.913
259,1,8.713
260,1,6.05
261,1,-8.963
262,1,8.713
263,1,-3.15
264,0,5.813
265,0,0
266,0,-5.813
267,0,2.9
268,0,-6.063
269,1,11.863
270,1,-2.663
271,0,-3.15
272,1,2.663
273,0,5.563
274,1,-5.813
275,0,0
276,1,2.9
277,0,6.05
278,0,0
279,0,-0.25
280,0,-2.663
281,1,0
282,1,11.863
283,0,5.813
284,0,0
285,0,-3.15
286,1,-8.963
287,1,0.237
288,0,2.9
289,0,-8.963
290,0,-8.963
291,1,5.563
292,1,2.9
293,1,6.05
294,0,-3.15
295,1,8.713
296,1,-8.963
297,1,-5.813
298,1,-2.913
299,1,-5.813
300,1,0
301,1,-2.913
302,1,11.863
303,0,-2.913
304,1,6.05
305,0,8.963
306,1,-0.25
307,1,8.713
308,1,-3.15
309,0,2.9
310,1,-5.813
311,1,2.663
312,1,2.9
313,0,0
314,0,-2.913
315,0,-6.063
316,0,11.863
317,1,-3.15
318,1,8.713
319,1,0
320,0,0
321,0,-2.913
322,0,2.9
323,0,5.563
324,0,-0.25
325,0,0
326,1,-5.813
327,1,2.9
328,1,-2.913
329,1,8.713
330,0,2.9
331,1,-3.15
332,0,2.663
333,0,3.15
334,0,5.563
335,0,0
336,1,-0.25
337,0,-5.813
338,1,6.05
339,1,0
340,0,2.9
341,1,3.15
342,0,0
343,0,-2.663
344,1,-3.15
345,0,5.813
346,1,0
347,0,5.813
348,0,3.15
349,0,2.9
350,1,11.863
351,1,8.713
352,0,-2.663
353,1,-3.15
354,0,0.237
355,1,2.9
356,1,2.9
357,0,2.9
358,1,2.663
359,1,0
360,1,11.863
361,0,0
362,1,-5.813
363,0,2.663
364,0,3.15
365,0,-2.913
366,0,-3.15
367,1,-3.15
368,0,-0.25
369,1,0
370,0,-0.25
371,0,-8.963
372,1,8.713
373,1,5.813
374,1,2.9
375,0,-3.15
376,1,0
377,0,0.237
378,0,6.05
379,1,5.813
380,1,3.15
381,1,0
382,1,-2.663
383,0,0
384,0,0
385,1,8.963
386,0,5.813
387,0,6.05
388,0,11.863
389,1,3.15
390,1,2.9
391,1,-5.813
392,1,-2.663
393,0,-0.25
394,0,-3.15
395,0,3.15
396,1,8.713
397,0,-3.15
398,0,2.9
399,1,6.05
400,1,-2.663
401,1,3.15
402,1,8.713
403,1,6.05
404,1,-5.813
405,1,2.9
406,0,6.05
407,1,-2.663
408,0,-0.25
409,1,-2.663
410,1,-2.913
411,1,0.237
412,0,2.663
413,1,-0.25
414,1,-5.813
415,0,3.15
416,1,0
417,0,6.05
418,1,2.663
419,0,2.9
420,1,2.663
421,1,8.713
422,0,0
423,0,-8.963
424,0,2.9
425,0,-5.813
426,0,-5.813
427,1,-2.663
428,0,-3.15
429,0,8.963
430,1,-5.813
431,0,2.9
432,1,8.713
433,1,-8.963
434,1,-0.25
435,1,5.813
436,0,3.15
437,1,3.15
438,0,8.713
439,0,8.963
440,0,0
441,1,5.813
442,1,-0.25
443,1,-2.663
444,1,0.237
445,1,0
446,0,3.15
447,1,-2.913
448,1,5.563
449,0,-8.963
450,0,-2.663
451,0,-0.25
452,0,-3.15
453,0,-5.813
454,0,-2.913
455,1,8.963
456,1,2.9
457,0,2.9
458,0,8.713
459,0,3.15
460,1,-2.663
461,0,8.963
462,1,-2.663
463,0,-2.663
464,0,5.563
465,1,6.05
466,0,-0.25
467,0,-2.913
468,1,-0.25
469,1,2.9
470,0,-8.963
471,1,-5.813
472,1,8.713
473,0,0
474,0,-2.913
475,1,-2.913
476,0,8.713
477,0,-2.913
478,0,-5.813
479,1,-2.913
480,1,-3.15
481,1,0
482,1,0
483,0,-0.25
484,1,8.963
485,0,-5.813
486,0,-0.25
487,1,8.963
488,0,0
489,1,2.9
490,1,-5.813
491,0,-5.813
492,0,-3.15
493,1,-6.063
494,0,-3.15
495,0,8.713
496,0,0
497,1,0.237
498,0,0
499,1,5.813
500,1,0
