Subj,Class,risk_2d
1,0,-232.977
2,0,87.567
3,1,101.62
4,1,197.836
5,1,238.709
6,0,-107.696
7,0,-96.193
8,0,-89.543
9,1,117.596
10,0,-134.387
11,0,-206.39
12,1,-108.318
13,1,197.041
14,0,-147.964
15,1,-199.337
16,1,-101.69
17,1,-63.848
18,1,-77.367
19,1,204.387
20,1,126.351
21,1,189.232
22,1,170.321
23,0,60.97
24,1,190.719
25,0,48.085
26,0,-178.111
27,1,-105.648
28,1,178.341
29,1,95.411
30,1,-35.222
31,1,-146.215
32,1,188.526
33,0,166.346
34,1,-233.24
35,1,228.122
36,0,51.713
37,0,-224.759
38,0,-86.472
39,1,-46.415
40,1,213.21
41,1,205.265
42,0,-139.243
43,1,112.006
44,1,208.432
45,0,-100.296
46,1,166.948
47,0,-231.715
48,0,169.29
49,0,235.345
50,1,-240.277
51,0,91.036
52,0,-127.067
53,1,101.331
54,1,-87.516
55,0,-116.588
56,0,-192.539
57,0,91.104
58,0,-90.138
59,1,-47.658
60,0,-208.364
61,0,-199.615
62,1,73.326
63,0,-96.783
64,0,202.155
65,1,-184.053
66,0,234.452
67,1,-118.523
68,1,192.421
69,1,-24.007
70,0,-154.006
71,1,113.664
72,1,-94.847
73,0,231.673
74,1,86.501
75,1,-241.016
76,0,86.138
77,1,181.834
78,0,-254.599
79,0,-223.886
80,1,-86.817
81,0,-72.751
82,0,-227.72
83,0,-141.894
84,1,199.009
85,1,91.206
86,1,60.843
87,1,-244.579
88,0,-43.392
89,0,213.641
90,1,58.662
91,0,231.857
92,1,86.324
93,0,-242.684
94,0,-103.816
95,0,218.468
96,0,230.803
97,1,165.463
98,0,83.487
99,1,175.601
100,1,166.508
101,0,-154.627
102,1,150.799
103,0,-218.184
104,1,206.332
105,0,208.43
106,0,-218.184
107,0,-211.436
108,1,93.143
109,1,92.318
110,1,192.696
111,0,89.757
112,0,63.991
113,0,208.299
114,0,-181.457
115,1,201.04
116,0,-119.795
117,0,-206.346
118,0,-218.221
119,0,-196.24
120,0,84.268
121,0,70.089
122,0,-118.865
123,0,-237.294
124,1,-109.94
125,0,-97.698
126,1,-123.187
127,0,92.751
128,1,-249.033
129,0,-96.657
130,1,76.831
131,1,201.843
132,0,148.813
133,0,-167.558
134,0,-200.539
135,0,62.279
136,1,194.527
137,0,-92.184
138,0,-90.45
139,1,217.107
140,0,-200.459
141,1,-155.419
142,0,34.584
143,0,-112.513
144,1,74.662
145,0,88.052
146,0,-235.253
147,1,-48.361
148,1,164.526
149,0,223.597
150,0,-107.507
151,1,-59.827
152,0,50.023
153,0,-170.977
154,1,-110.405
155,0,160.4
156,1,-159.201
157,1,-44.075
158,0,-116.533
159,0,-140.146
160,0,-196.524
161,0,-204.738
162,0,-200.015
163,0,-192.097
164,0,-182.15
165,0,-216.084
166,0,-186.45
167,1,193.066
168,1,63.921
169,0,171.077
170,1,-80.348
171,1,121.725
172,0,-203.433
173,0,-195.224
174,1,-118.458
175,0,-120.86
176,0,63.489
177,0,-219.956
178,0,112.961
179,1,-257.018
180,1,136.599
181,1,175.211
182,1,195.916
183,0,-125.219
184,0,239.328
185,1,-228.848
186,0,-186.535
187,0,-87.763
188,0,-82.383
189,0,-80.929
190,1,176.65
191,1,130.765
192,1,194.959
193,0,-93.288
194,0,240.249
195,1,174.479
196,1,202.248
197,0,-192.864
198,1,179.835
199,1,178.105
200,0,100.318
201,0,-82.076
202,1,87.215
203,0,-210.496
204,1,89.69
205,0,102.064
206,0,-213.079
207,1,-25.076
208,0,-126.366
209,0,-89.001
210,1,185.321
211,0,-159.545
212,1,120.439
213,1,-70.989
214,1,243.057
215,0,103.151
216,1,192.282
217,1,-237.161
218,0,-224.727
219,0,-92.166
220,0,-234.364
221,1,177.416
222,1,-58.767
223,1,173.614
224,0,-232.659
225,0,-185.788
226,1,-61.095
227,0,-205.476
228,0,-119.054
229,0,-225.467
230,0,-125.885
231,0,-227.617
232,0,-89.845
233,0,-99.629
234,1,-96.071
235,1,189.817
236,1,80.813
237,0,-103.442
238,0,-97.606
239,0,-79.186
240,1,91.209
241,0,-237.863
242,0,-223.047
243,1,180.431
244,0,34.906
245,0,212.987
246,0,70.933
247,0,175.268
248,0,-124.665
249,1,51.788
250,0,-99.803
251,1,96.414
252,0,-207.823
253,0,236.412
254,1,146.511
255,1,-119.114
256,0,-237.288
257,1,181.818
258,1,-225.109
259,0,-205.257
260,1,226.937
261,1,-250.235
262,1,201.216
263,0,-82.914
264,0,58.312
265,1,-112.37
266,1,-185.252
267,1,117.047
268,1,118.352
269,1,221.914
270,0,-107.749
271,0,-86.138
272,0,-210.709
273,1,-217.071
274,1,198.376
275,0,-128.631
276,0,-73.592
277,1,151.26
278,1,165.643
279,1,-92.086
280,0,-214.177
281,1,129.167
282,0,-119.64
283,1,225.045
284,0,-196.524
285,0,234.674
286,0,-103.796
287,0,130.243
288,1,-44.562
289,0,-234.143
290,1,-35.272
291,0,223.156
292,0,-87.398
293,1,205.206
294,1,127.914
295,1,-80.273
296,1,84.221
297,0,241.14
298,1,-40.725
299,0,-210.561
300,1,118.792
301,0,160.231
302,1,203.054
303,1,135.153
304,0,-85.957
305,0,83.949
306,1,-147.351
307,1,-65.528
308,1,64.978
309,1,-210.816
310,1,94.245
311,1,-49.053
312,1,-224.109
313,1,95.217
314,1,-47.254
315,1,171.114
316,1,179.45
317,1,112.006
318,1,-65.452
319,1,185.665
320,0,-252.3
321,0,-213.799
322,0,-90.771
323,1,209.217
324,1,181.025
325,1,-164.016
326,0,230.934
327,0,51.946
328,1,190.023
329,1,164.091
330,0,-237.676
331,0,-132.573
332,1,191.113
333,0,-212.424
334,1,80.622
335,1,-40.756
336,1,169.366
337,0,-232.995
338,1,173.232
339,1,-237.572
340,1,195.007
341,1,114.455
342,0,142.073
343,1,73.751
344,1,-52.058
345,1,177.068
346,0,-122.143
347,1,-183.801
348,0,94.939
349,0,221.504
350,0,161.334
351,0,107.746
352,1,79.32
353,0,-184.655
354,0,221.504
355,0,-97.819
356,0,-158.689
357,0,-91.958
358,1,156.236
359,1,193.287
360,0,-210.88
361,1,166.914
362,0,40.562
363,0,40.919
364,1,148.993
365,0,-227.255
366,0,84.608
367,0,85.939
368,1,162.376
369,0,-180.006
370,0,45.196
371,1,-45.432
372,1,120.582
373,1,-117.683
374,1,172.923
375,1,173.409
376,0,-112.884
377,1,230.995
378,1,69.325
379,0,-224.978
380,1,202.957
381,1,175.455
382,1,181.695
383,1,-183.801
384,0,-206.754
385,0,238.857
386,0,-190.525
387,0,-105.981
388,0,-198.853
389,0,65.444
390,0,-152.028
391,0,-106.919
392,0,-107.922
393,0,-194.357
394,1,92.472
395,0,-204.822
396,1,-106.54
397,0,-222.724
398,1,-56.682
399,0,-201.436
400,0,-117.892
401,0,-164.725
402,0,-79.114
403,0,144.961
404,0,-224.682
405,1,74.229
406,0,92.059
407,1,197.799
408,1,42.16
409,0,26.543
410,1,199.881
411,1,-249.033
412,1,186.99
413,0,45.978
414,0,-111.672
415,0,-98.332
416,0,212.987
417,1,217.27
418,1,-62.771
419,0,-108.034
420,1,171.177
421,1,156.433
422,0,241.277
423,1,92.008
424,0,-204.854
425,0,83.353
426,0,-220.504
427,0,-125.58
428,0,-164.407
429,0,-192.032
430,1,-101.878
431,1,102.774
432,1,71.617
433,1,-52.82
434,1,110.712
435,1,165.517
436,0,-102.704
437,1,167.602
438,0,42.186
439,1,-231.586
440,1,152.449
441,1,-100.676
442,1,175.962
443,1,131.351
444,0,-206.88
445,0,-112.804
446,1,90.275
447,0,-237.145
448,1,221.583
449,1,-83.509
450,1,222.179
451,0,155.416
452,1,193.397
453,1,221.862
454,0,-204.798
455,1,-70.155
456,1,93.903
457,1,-102.547
458,1,126.302
459,0,-192.079
460,0,-91.413
461,1,218.635
462,0,-230.044
463,1,224.76
464,1,105.82
465,0,224.081
466,0,34.584
467,0,187.848
468,1,-113.505
469,0,92.834
470,0,-186.765
471,0,-224.646
472,0,50.405
473,1,59.979
474,1,142.367
475,1,121.605
476,1,184.116
477,1,145.201
478,0,59.945
479,0,221.765
480,1,-228.275
481,0,-232.467
482,1,119.154
483,0,-215.123
484,1,195.77
485,1,220.737
486,1,-224.109
487,0,-219.09
488,1,93.375
489,1,-202.247
490,1,224.721
491,1,-52.518
492,0,-69.212
493,0,84.287
494,1,119.595
495,0,-192.73
496,1,200.888
497,0,-206.397
498,1,-212.342
499,0,-100.868
500,0,-134.442
501,0,-102.074
502,1,231.71
503,1,186.014
504,1,58.995
505,1,170.216
506,1,-62.519
507,0,95.593
508,0,-111.798
509,1,155.676
510,1,130.344
511,1,195.966
512,0,-113.705
513,0,-214.701
514,1,100.736
515,1,-63.706
516,0,87.36
517,0,-235.502
518,1,-39.602
519,0,-236.508
520,0,-231.084
521,0,-201.57
522,0,-95.889
523,1,-181.434
524,0,90.687
525,1,-48.184
526,1,188.871
527,0,-82.803
528,0,-227.212
529,0,39.568
530,0,235.652
531,0,-233.576
532,1,-53.155
533,0,-136.713
534,0,-205.576
535,1,90.839
536,1,-46.183
537,1,172.73
538,0,-173.349
539,1,-180.335
540,0,55.003
541,0,-192.903
542,1,-42.668
543,0,-139.344
544,0,-98.186
545,1,174.947
546,1,70.12
547,1,220.46
548,1,130.546
549,0,-146.767
550,1,188.907
551,0,-140.306
552,1,52.125
553,1,-24.851
554,0,-85.268
555,0,-214.986
556,1,207.759
557,1,87.784
558,1,186.026
559,1,-173.313
560,1,138.963
561,1,-245.541
562,1,188.698
563,1,130.764
564,0,-81.621
565,1,180.037
566,1,-52.058
567,0,-135.091
568,1,-201.508
569,1,168.533
570,0,-235.126
571,0,151.721
572,0,109.79
573,0,-234.254
574,1,195.093
575,1,70.314
576,0,-184.672
577,1,101.601
578,0,50.231
579,1,192.305
580,0,-148.145
581,1,195.424
582,1,-35.222
583,0,77.364
584,1,-84.817
585,1,204.602
586,0,-121.428
587,1,173.18
588,0,-148.525
589,1,-207.983
590,1,205.639
591,1,155.656
592,1,81.056
593,1,191.237
594,1,170.025
595,1,113.305
596,0,-135.285
597,1,129.864
598,0,-168.368
599,1,191.436
600,1,175.601
601,0,-78.413
602,1,-218.028
603,1,93.858
604,1,88.536
605,1,95.645
606,0,96.851
607,0,224.251
608,0,60.736
609,0,118.338
610,0,-228.149
611,0,-148.687
612,0,-239.513
613,0,-133.52
614,0,-102.767
615,0,88.675
616,1,204.474
617,1,-101.193
618,1,-122.304
619,0,220.765
620,1,106.749
621,0,230.193
622,0,-201.228
623,1,-219.811
624,1,217.521
625,0,46.106
626,0,-193.099
627,0,-61.735
628,0,-202.004
629,0,-148.214
630,0,-90.21
631,1,188.085
632,1,-60.344
633,1,205.501
634,0,-111.017
635,1,87.09
636,1,-88.641
637,1,-234.635
638,0,-117.583
639,1,178.273
640,0,224.081
641,0,-234.254
642,1,187.991
643,1,204.517
644,0,105.115
645,1,-141.953
646,0,-100.892
647,1,174.827
648,0,48.368
649,1,100.094
650,0,-237.647
651,1,174.947
652,0,-111.328
653,1,176.929
654,0,-134.097
655,0,-202.453
656,1,174.363
657,0,44.358
658,0,-231.636
659,0,-141.043
660,0,-124.041
661,1,175.332
662,1,194.959
663,0,-191.354
664,1,154.578
665,1,180.549
666,0,-214.769
667,1,-230.629
668,0,53.599
669,0,-207.632
670,1,139.553
671,1,201.082
672,1,202.156
673,1,80.034
674,0,-128.275
675,1,152.052
676,0,210.729
677,1,175.954
678,0,-219.956
679,0,70.366
680,0,87.629
681,0,150.541
682,0,76.235
683,0,-102.809
684,1,179.646
685,1,217.502
686,1,87.235
687,1,75.705
688,0,-241.993
689,1,-58.932
690,0,162.247
691,0,-122.422
692,1,190.467
693,0,50.835
694,1,155.767
695,0,-229.942
696,0,-217.515
697,1,221.683
698,1,99.511
699,1,-50.794
700,0,-231.073
701,0,-120.208
702,1,-217.332
703,1,63.921
704,0,-203.433
705,1,111.869
706,1,118.332
707,1,71.856
708,0,208.066
709,1,133.051
710,1,165.18
711,1,169.846
712,1,98.916
713,0,100.704
714,0,-91.32
715,0,-232.297
716,0,-189.75
717,0,-95.104
718,0,-224.646
719,0,-113.474
720,0,208.43
721,0,-226.625
722,0,218.599
723,0,69.583
724,1,169.816
725,1,-53.235
726,0,-103.432
727,1,79.007
728,0,-208.805
729,0,-138.466
730,0,41.802
731,0,-150.923
732,0,-77.972
733,1,211.601
734,1,163.13
735,1,91.14
736,0,-223.349
737,1,-109.534
738,1,153.363
739,0,-206.968
740,1,216.45
741,1,104.847
742,0,247.232
743,1,104.118
744,0,-110.869
745,0,-110.291
746,0,46.178
747,1,215.909
748,0,-175.814
749,1,-234.447
750,0,-87.657
751,1,64.651
752,0,-105.981
753,0,-105.356
754,0,-220.903
755,1,183.609
756,1,191.022
757,0,-239.406
758,1,181.638
759,1,123.398
760,0,-85.174
761,1,194.373
762,0,214.129
763,1,-168.552
764,0,72.273
765,0,214.999
766,1,-206.737
767,0,-144.517
768,0,-239.556
769,0,68.958
770,0,242.735
771,1,125.497
772,1,-63.881
773,1,72.608
774,0,-186.267
775,1,162.65
776,1,224.465
777,1,-70.227
778,1,-120.653
779,1,162.721
780,0,-68.574
781,1,93.075
782,0,69.732
783,1,-81.218
784,0,122.026
785,1,227.413
786,0,-194.115
787,1,-60.344
788,1,179.835
789,1,-152.561
790,0,92.616
791,1,194.313
792,0,227.895
793,0,-85.421
794,0,-205.056
795,0,-83.193
796,1,68.726
797,0,-196.871
798,1,137.697
799,1,75.611
800,0,169.187
801,1,217.203
802,0,-160.103
803,0,-155.001
804,0,41.802
805,0,-76.956
806,1,142.05
807,1,-206.737
808,1,79.426
809,0,-126.429
810,1,-155.907
811,1,96.194
812,0,-178.704
813,0,-172.107
814,0,-195.199
815,0,-110.247
816,0,-106.572
817,0,53.234
818,1,-94.555
819,0,-228.296
820,1,-227.965
821,1,197.782
822,1,209.586
823,0,-213.722
824,1,170.025
825,1,206.746
826,0,-155.821
827,1,-110.411
828,0,96.302
829,1,205.438
830,0,228.135
831,1,-124.449
832,0,-212.263
833,1,205.501
834,1,204.602
835,1,154.769
836,0,-189.721
837,1,168.533
838,1,218.993
839,0,-127.203
840,0,-88.098
841,1,200.846
842,0,63.643
843,0,-207.547
844,1,-51.664
845,0,238.203
846,1,192.747
847,0,-115.777
848,1,203.16
849,1,71.791
850,1,192.633
851,0,93.515
852,1,66.06
853,0,62.543
854,0,-238.768
855,0,-164.012
856,1,-196.388
857,1,117.024
858,0,234.794
859,0,121.227
860,1,-50.184
861,0,222.158
862,0,236.845
863,1,181.972
864,1,-61.344
865,0,-199.042
866,0,-144.642
867,0,-184.119
868,1,71.738
869,1,193.225
870,1,193.287
871,0,-211.954
872,1,225.671
873,1,148.555
874,0,61.478
875,0,-164.536
876,1,76.362
877,1,-91.724
878,1,196.852
879,0,-58.052
880,0,117.269
881,0,-169.841
882,0,-234.088
883,0,-60.313
884,1,164.526
885,1,119.637
886,1,-77.163
887,1,137.78
888,0,-131.616
889,1,187.237
890,1,93.223
891,0,-104.909
892,0,-183.909
893,1,129.235
894,1,-110.411
895,1,183.954
896,0,-179.842
897,1,123.578
898,0,-193.372
899,0,-184.332
900,1,189.664
901,0,63.648
902,1,-245.541
903,0,-176.198
904,1,-115.104
905,1,70.618
906,1,223.791
907,0,-211.704
908,0,-230.462
909,0,-118.435
910,0,-172.107
911,1,228.635
912,0,-234.538
913,1,-82.314
914,0,-217.924
915,1,-36.849
916,0,-216.38
917,1,221.585
918,0,34.024
919,1,-201.247
920,0,-192.529
921,1,127.731
922,0,-90.528
923,0,-196.738
924,0,74.789
925,1,151.531
926,0,-206.968
927,0,-178.304
928,1,203.515
929,1,77.211
930,1,82.897
931,0,-210.743
932,1,101.601
933,0,-181.184
934,1,-252.101
935,1,217.993
936,1,-164.897
937,1,142.166
938,0,212.987
939,1,59.845
940,1,75.755
941,0,-169.116
942,0,-111.422
943,0,218.468
944,0,42.541
945,0,-98.332
946,1,114.171
947,1,-214.809
948,0,100.107
949,1,195.218
950,0,-119.743
951,1,138.085
952,0,-217.149
953,0,-95.404
954,0,41.513
955,1,-63.848
956,0,-135.193
957,1,-219.65
958,1,-56.399
959,1,177.374
960,1,-77.345
961,1,172.367
962,1,192.595
963,1,205.548
964,0,-78.618
965,0,-127.076
966,1,113.965
967,1,-111.37
968,0,203.286
969,0,-222.513
970,0,-109.701
971,0,163.301
972,1,147.644
973,0,-184.398
974,1,-165.615
975,0,70.345
976,1,-233.208
977,1,-263.924
978,1,177.921
979,1,83.009
980,1,117.058
981,1,116.214
982,1,229.451
983,1,193.878
984,0,85.268
985,1,85.191
986,0,-120.562
987,1,-46.366
988,0,55.865
989,1,111.653
990,1,60.576
991,0,-143.059
992,1,243.057
993,0,-71.55
994,0,-86.023
995,0,-91.241
996,1,74.449
997,0,87.705
998,0,228.986
999,0,-220.251
1000,1,209.586
