Subj,Class,risk_2d
1,1,-17.879
2,0,-13.083
3,1,-5.026
4,0,4.645
5,1,21.478
6,1,11.038
7,1,4.586
8,1,7.755
9,1,26.217
10,1,8.963
11,1,23.551
12,1,24.378
13,1,36.003
14,1,-1.6
15,1,10.029
16,1,20.097
17,1,0.857999999999999
18,1,5.784
19,1,22.873
20,1,27.411
21,1,17.138
22,1,13.197
23,1,-1.224
24,1,9.541
25,1,21.697
26,1,0
27,1,34.688
28,1,-11.731
29,1,2.871
30,1,4.139
31,1,-12.69
32,1,-7.197
33,1,-20.192
34,1,35.544
35,1,1.416
36,1,-17.823
37,1,25.157
38,1,13.26
39,1,11.332
40,1,-9.026
41,1,2.729
42,1,-7.292
43,1,-22.754
44,1,-23.874
45,1,16.579
46,0,-3.359
47,1,18.686
48,0,-12.575
49,1,-9.026
50,1,2.729
51,1,-1.932
52,1,11.328
53,1,36.748
54,1,2.729
55,0,3.11
56,1,-16.097
57,1,21.697
58,1,34.545
59,1,5.974
60,1,12.342
61,1,-8.105
62,1,19.684
63,0,-9.704
64,1,39.411
65,1,18.317
66,1,-1.443
67,0,-17.554
68,1,-32.042
69,0,-6.87
70,1,-17.735
71,1,-6.519
72,1,-17.687
73,1,0
74,1,0.852
75,1,45.187
76,1,-9.026
77,1,-12.69
78,1,-10.393
79,1,10.326
80,1,31.851
81,1,21.32
82,1,-17.459
83,1,-7.497
84,1,-9.661
85,1,8.518
86,1,8.312
87,1,22.555
88,1,-1.366
89,1,13.798
90,1,9.847
91,0,-14.094
92,1,29.738
93,1,-1.823
94,1,8.356
95,1,13.105
96,1,16.813
97,1,32.548
98,1,13.942
99,1,8.01
100,1,-1.224
101,1,55.497
102,1,12.024
103,1,-4.884
104,1,6.25
105,1,14.306
106,1,-31.828
107,1,-9.121
108,1,25.515
109,1,2.571
110,1,6.915
111,1,5.6
112,1,6.643
113,1,10.484
114,1,6.737
115,0,-7.544
116,1,7.66
117,1,-32.042
118,1,21.525
119,1,2.306
120,1,6.25
121,0,-25.84
122,1,-21.952
123,0,-21.697
124,1,-7.755
125,1,0
126,1,-15.466
127,1,-29.266
128,1,-23.045
129,1,-11.118
130,1,5.932
131,1,4.868
132,1,2.369
133,1,-41.794
134,1,-13.084
135,1,24.378
136,1,0.0439999999999996
137,1,32.314
138,1,-2.25
139,1,9.026
140,1,26.217
141,1,-21.539
142,1,18.749
143,1,-5.72800000000001
144,1,-8.595
145,1,-42.7
146,1,0
147,1,29.677
148,1,-17.879
149,1,29.075
150,1,1.797
151,1,-16.097
152,1,2.571
153,1,-3.474
154,1,-31.263
155,1,-19.385
156,1,10.563
157,0,-18.201
158,1,32.188
159,1,13.942
160,1,-14.005
161,0,-23.614
162,0,-20.838
163,1,7.786
164,1,0
165,1,15.275
166,1,9.847
167,1,18.682
168,1,-27.789
169,1,13.991
170,1,-8.595
171,1,5.536
172,0,-23.614
173,1,12.433
174,1,2.871
175,1,-31.263
176,1,-7.961
177,1,20.235
178,1,-11.371
179,1,18.749
180,1,31.229
181,1,23.908
182,1,-42.7
183,1,0
184,1,-7.692
185,1,35.988
186,0,12.452
187,1,6.173
188,1,6.092
189,0,-9.704
190,1,1.717
191,1,-8.86
192,1,-11.636
193,1,11.716
194,1,2.571
195,1,-5.648
196,1,3.874
197,1,31.607
198,1,-0.979
199,1,-1.743
200,0,-17.227
201,1,1.949
202,1,-25.84
203,0,-17.823
204,1,1.949
205,1,-4.189
206,1,28.291
207,1,8.056
208,1,-15.466
209,1,0
210,1,-20.034
211,1,11.765
212,1,5.366
213,1,-7.66
214,1,18.081
215,1,48.426
216,1,7.692
217,1,-11.731
218,1,11.726
219,1,2.729
220,1,11.668
221,0,-24.074
222,1,-7.755
223,1,20.192
224,0,-13.942
225,1,-4.979
226,1,13.942
227,0,-13.222
228,1,2.729
229,1,44.966
230,1,43.743
231,1,0
232,1,10.484
233,1,20.857
234,1,-1.505
235,1,-2.155
236,1,-3.616
237,1,43.743
238,1,2.092
239,1,0.762999999999999
240,1,22.096
241,1,0.0950000000000006
242,1,-5.648
243,1,-4.884
244,1,0
245,1,33.972
246,1,8.95
247,1,-11.85
248,1,-17.687
249,1,0
250,1,-4.916
251,1,8.613
252,1,13.942
253,1,-24.073
254,1,-3.616
255,0,-4.231
256,1,21.478
257,1,9.704
258,1,-10.976
259,1,33.972
260,1,4.192
261,1,8.552
262,1,27.789
263,1,-7.617
264,1,-11.636
265,1,0.0629999999999997
266,1,-18.668
267,1,-3.745
268,1,-29.294
269,1,-25.31
270,1,0.953
271,1,-0.0629999999999997
272,1,18.749
273,1,-35.196
274,1,10.326
275,1,-1.6
276,1,32.314
277,1,12.437
278,0,-1.586
279,1,33.972
280,0,-23.064
281,1,6.092
282,0,-14.778
283,1,29.408
284,1,-0.300999999999999
285,0,-23.201
286,1,27.789
287,1,-4.821
288,0,6.107
289,1,21.602
290,1,5.082
291,1,35.988
292,1,8.142
293,1,6.65
294,1,-2.966
295,1,-13.756
296,0,-15.859
297,1,1.176
298,1,-5.026
299,0,-7.324
300,1,38.32
301,1,47.963
302,1,2.871
303,1,16.574
304,1,22.572
305,1,15.133
306,1,0.844000000000001
307,1,0
308,1,9.26
309,1,2.274
310,1,-4.979
311,1,-4.421
312,1,13.592
313,1,23.901
314,1,52.721
315,1,38.351
316,1,-0.300999999999999
317,1,16.293
318,1,8.056
319,1,-5.026
320,1,9.026
321,1,-2.727
322,1,-3.616
323,1,17.816
324,1,10.531
325,1,-7.755
326,1,-15.372
327,1,-17.014
328,1,-7.711
329,1,-2.013
330,1,20.857
331,1,-0.205999999999999
332,1,-3.745
333,1,16.499
334,1,20.192
335,1,0
336,1,-11.541
337,1,30.929
338,1,36.497
339,1,-22.802
340,1,4.931
341,0,-4.663
342,1,-13.293
343,1,-5.026
344,1,8.056
345,1,19.355
346,1,-4.979
347,1,-13.942
348,1,-1.6
349,1,6.187
350,1,-29.405
351,1,15.541
352,1,-7.755
353,1,-0.840000000000001
354,1,28.993
355,1,-2.389
356,1,-0.0950000000000006
357,1,-35.544
358,1,-3.881
359,1,14.504
360,1,-6.25
361,1,2.517
362,1,-26.518
363,1,26.779
364,1,-7.755
365,0,-11.114
366,1,-17.782
367,1,2.871
368,0,-12.988
369,1,10.531
370,1,13.942
371,1,-21.65
372,1,18.081
373,1,2.776
374,1,5.932
375,1,10.326
376,1,31.663
377,1,10.531
378,1,1.918
379,1,-17.416
380,1,2.729
381,1,12.892
382,1,0.0629999999999997
383,1,2.729
384,1,-27.534
385,1,-0.205999999999999
386,1,18.385
387,1,6.484
388,1,7.378
389,1,26.428
390,1,1.333
391,1,21.683
392,1,-8.105
393,1,-6.187
394,0,-11.223
395,1,13.723
396,1,0
397,1,0
398,1,-27.19
399,1,62.33
400,1,13.355
401,0,-13.942
402,1,9.327
403,1,-1.6
404,0,-9.609
405,1,-1.823
406,1,2.776
407,1,-17.687
408,1,18.682
409,1,9.847
410,1,-7.755
411,1,5.932
412,1,2.839
413,1,36.003
414,1,10.484
415,1,17.459
416,1,-18.659
417,1,-11.371
418,1,23.648
419,1,-1.505
420,1,2.871
421,1,20.235
422,1,-5.074
423,1,-4.979
424,1,-4.095
425,1,-18.873
426,1,7.378
427,1,-7.755
428,1,-27.947
429,1,-1.918
430,1,-3.616
431,1,26.217
432,0,1.511
433,1,-2.389
434,1,44.082
435,1,-2.966
436,1,10.484
437,1,7.755
438,1,13.942
439,1,-3.616
440,0,-18.085
441,1,26.422
442,1,4.139
443,1,13.847
444,1,0
445,0,-14.917
446,1,-17.823
447,1,1.833
448,1,-4.84
449,1,-7.692
450,1,12.575
451,0,-20.335
452,1,13.818
453,0,-18.506
454,1,-12.437
455,1,-6.25
456,1,-0.840000000000001
457,0,-18.921
458,1,-26.518
459,1,31.182
460,0,0.406
461,1,10.832
462,1,5.6
463,1,0.599
464,1,-6.345
465,0,-15.541
466,1,11.237
467,1,32.962
468,1,23.551
469,1,20.857
470,1,8.142
471,1,1.949
472,0,-15.859
473,1,-5.481
474,1,10.326
475,1,-3.881
476,1,22.671
477,1,4.725
478,1,8.119
479,1,7.378
480,1,0
481,1,0
482,1,-4.884
483,1,-8.907
484,1,21.743
485,1,9.815
486,1,-9.026
487,1,2.092
488,1,-27.947
489,0,-11.114
490,0,-14.588
491,1,5.347
492,1,10.326
493,1,31.407
494,1,1.833
495,1,-20.192
496,1,2.729
497,1,2.776
498,0,-21.697
499,1,-0.836999999999999
500,0,10.933
501,1,4.836
502,1,2.475
503,0,-18.085
504,1,15.133
505,1,21.32
506,1,15.765
507,1,-2.155
508,1,-6.061
509,1,0
510,1,-25.634
511,1,-7.617
512,1,8.01
513,0,-1.297
514,1,1.416
515,1,13.91
516,1,-34.85
517,1,13.546
518,1,-1.932
519,1,-22.549
520,1,-10.027
521,1,1.505
522,1,-6.25
523,1,6.155
524,0,-23.614
525,1,36.748
526,1,-7.497
527,1,31.306
528,0,-21.966
529,0,18.749
530,0,-31.93
531,0,2.729
532,0,-6.25
533,0,24.349
534,0,27.789
535,0,9.026
536,0,-23.111
537,0,8.613
538,0,9.815
539,0,-1.971
540,0,-13.942
541,0,1.949
542,0,15.811
543,0,0
544,0,3.377
545,0,-45.777
546,0,-23.391
547,0,-25.171
548,0,0
549,0,2.571
550,0,0.511999999999999
551,0,1.624
552,0,0
553,0,0.0950000000000006
554,0,6.092
555,0,28.633
556,0,12.48
557,0,-13.847
558,0,10.484
559,0,9.966
560,0,-30.613
561,0,26.327
562,0,18.576
563,0,-27.947
564,0,-0.745000000000001
565,0,0
566,0,-10.816
567,0,0
568,0,8.552
569,0,-7.85
570,0,6.155
571,0,-18.085
572,0,0.557
573,0,-8.56
574,0,-4.931
575,0,21.697
576,0,2.871
577,0,-33.389
578,0,-34.039
579,0,20.192
580,0,-10.707
581,0,5.347
582,0,-3.616
583,0,4.678
584,0,59.554
585,0,-20.192
586,0,27.947
587,0,-7.755
588,0,-4.979
589,0,-3.786
590,0,-1.901
591,0,21.573
592,0,21.683
593,0,-15.466
594,0,-17.782
595,0,-7.455
596,0,-5.996
597,0,-11.371
598,0,0.953
599,0,-15.047
600,0,24.254
601,0,41.367
602,0,19.678
603,0,-6.345
604,0,-9.799
605,0,9.383
606,0,-7.755
607,0,6.603
608,0,-14.683
609,0,-14.148
610,0,12.575
611,0,6.155
612,0,8.056
613,0,-0.300999999999999
614,0,-5.481
615,0,-13.222
616,0,-45.889
617,0,-34.039
618,0,3.874
619,0,9.541
620,0,16.579
621,0,0.0629999999999997
622,0,-3.888
623,0,12.342
624,0,36.003
625,0,-2.082
626,0,0.504
627,0,15.939
628,0,-4.095
629,0,-29.294
630,0,-2.272
631,0,-12.829
632,0,23.648
633,0,26.441
634,0,-4.789
635,0,-23.614
636,0,-11.371
637,0,2.571
638,0,-21.952
639,0,28.248
640,0,32.314
641,0,-15.466
642,0,0
643,0,-19.651
644,0,-0.968999999999999
645,0,-0.0950000000000006
646,0,-3.976
647,0,2.729
648,0,-5.026
649,0,9.026
650,0,5.145
651,0,-11.368
652,0,-6.87
653,0,18.081
654,0,-5.648
655,0,23.908
656,0,-37.92
657,0,3.393
658,0,13.355
659,0,-34.945
660,0,2.871
661,0,43.33
662,0,-9.529
663,0,6.092
664,0,-39.018
665,0,23.551
666,0,0.462
667,0,31.607
668,0,1.223
669,0,-27.19
670,0,10.468
671,0,0
672,0,15.228
673,0,-1.932
674,0,7.85
675,0,-7.975
676,0,10.484
677,0,-0.840000000000001
678,0,2.776
679,0,-4.979
680,0,10.484
681,0,0
682,0,-1.01
683,0,5.347
684,0,-29.266
685,0,-16.097
686,0,20.097
687,0,54.545
688,0,-0.979
689,0,-16.119
690,0,21.966
691,0,5.6
692,0,-18.083
693,0,-41.794
694,0,-7.755
695,0,8.963
696,0,18.749
697,0,-7.497
698,0,-41.794
699,0,51.386
700,0,5.974
701,0,11.237
702,0,12.437
703,0,20.192
704,0,1.786
705,0,-21.903
706,0,7.786
707,0,-45.675
708,0,23.648
709,0,-3.881
710,0,46.201
711,0,-14.816
712,0,-26.423
713,0,15.811
714,0,9.704
715,0,-6.928
716,0,-14.005
717,0,2.966
718,0,18.686
719,0,1.505
720,0,-25.441
721,0,15.811
722,0,-0.968999999999999
723,0,-17.014
724,0,26.217
725,0,0.0439999999999996
726,0,-17.555
727,0,38.351
728,0,-15.356
729,0,-2.638
730,0,1.949
731,0,-9.121
732,0,-7.755
733,0,8.356
734,0,-3.745
735,0,-15.765
736,0,-9.026
737,0,7.66
738,0,-0.0950000000000006
739,0,-4.192
740,0,-45.889
741,0,-3.881
742,0,-21.539
743,0,-9.932
744,0,-11.929
745,0,-6.966
746,0,-15.29
747,0,-35.049
748,0,-15.252
749,0,10.326
750,0,6.786
751,0,-34.982
752,0,-14.588
753,0,-3.881
754,0,30.137
755,0,-17.76
756,0,-11.636
757,0,-11.371
758,0,-1.868
759,0,17.082
760,0,18.572
761,0,-7.617
762,0,8.963
763,0,-7.355
764,0,-4.663
765,0,0.0950000000000006
766,0,18.749
767,0,2.729
768,0,4.139
769,0,-4.032
770,0,2.571
771,0,-17.555
772,0,5.347
773,0,8.931
774,0,-20.192
775,0,22.454
776,0,4.678
777,0,-3.061
778,0,-7.193
779,0,5.442
780,0,-34.039
781,0,-8.734
782,0,-11.636
783,0,10.881
784,0,-12.418
785,0,-30.399
786,0,-0.0950000000000006
787,0,-9.026
788,0,3.397
789,0,-11.731
790,0,35.59
791,0,-10.742
792,0,-7.755
793,0,10.994
794,0,1.949
795,0,45.187
796,0,-17.886
797,0,1.949
798,0,0
799,0,-6.187
800,0,-19.06
801,0,-18.873
802,0,26.47
803,0,-14.005
804,0,-15.356
805,0,13.102
806,0,15.739
807,0,0.0439999999999996
808,0,-38.134
809,0,-11.371
810,0,0
811,0,9.045
812,0,-11.371
813,0,0
814,1,5.879
815,1,10.579
816,1,-9.121
817,1,-15.447
818,1,61.917
819,1,-20.034
820,1,13.723
821,1,-3.363
822,1,23.652
823,1,35.908
824,1,-15.447
825,1,33.972
826,1,20.097
827,1,2.369
828,1,22.446
829,1,-1.6
830,1,-3.616
831,1,-5.026
832,1,-2.044
833,1,17.038
834,1,-35.358
835,1,10.531
836,1,3.874
837,0,-23.111
838,1,-29.294
839,0,-29.294
840,0,-3.362
841,0,-24.364
842,0,-21.34
843,0,-27.947
844,0,37.192
845,0,7.692
846,0,-14.683
847,0,-20.192
848,0,-29.294
849,0,-19.74
850,0,-1.129
851,0,-21.349
852,0,7.755
853,0,13.942
854,0,-5.026
855,0,-16.461
856,0,-7.755
857,0,-17.687
858,0,13.893
859,0,-0.0629999999999997
860,0,2.475
861,0,4.836
862,0,21.903
863,0,-21.539
864,0,-16.318
865,0,18.715
866,0,5.441
867,0,2.571
868,0,-5.329
869,0,35.544
870,0,34.883
871,0,-21.697
872,0,-7.66
873,0,33.972
874,0,-9.932
875,0,-15.466
876,0,-27.947
877,0,-19.509
878,0,-10.393
879,0,-9.074
880,0,-31.828
881,0,26.327
882,0,-7.711
883,0,2.776
884,0,1.964
885,0,-12.67
886,0,4.281
887,0,12.433
888,0,-6.928
889,0,-3.616
890,0,-3.881
891,0,-31.629
892,0,15.811
893,0,-0.840000000000001
894,0,33.626
895,0,24.096
896,0,2.351
897,0,-8.595
898,0,1.949
899,0,-1.2
900,0,-37.721
901,0,17.857
902,0,-9.026
903,0,12.342
904,0,-4.095
905,0,0.300000000000001
906,0,15.811
907,0,-5.074
908,0,-9.026
909,0,0.0459999999999994
910,0,-2.25
911,0,-41.794
912,0,-15.29
913,0,-20.192
914,0,2.729
915,0,12.433
916,0,-45.889
917,0,4.139
918,0,6.759
919,0,6.187
920,0,16.273
921,0,-13.49
922,0,30.565
923,0,15.541
924,0,-3.881
925,0,-1.319
926,0,6.25
927,0,-1.152
928,0,13.942
929,0,2.776
930,0,3.755
931,0,-3.363
932,0,-11.371
933,0,-4.931
934,0,32.867
935,0,17.816
936,0,10.484
937,0,13.355
938,0,5.505
939,0,-7.755
940,0,-14.3
941,0,44.966
942,0,-3.881
943,0,13.197
944,0,5.932
945,0,1.964
946,0,6.187
947,0,32.897
948,0,-9.799
949,0,1.881
950,0,-21.511
951,0,1.41
952,0,-30.379
953,0,-6.87
954,0,14.005
955,0,5.932
956,0,0
957,0,13.723
958,0,-9.213
959,0,8.788
960,0,10.326
961,0,0.350000000000001
962,0,-21.539
963,0,0.844000000000001
964,0,-15.466
965,0,-30.165
966,0,12.342
967,0,3.393
968,0,15.796
969,0,-1.105
970,0,-15.252
971,0,18.686
972,0,-6.25
973,0,12.433
974,0,15.796
975,0,-7.755
976,0,-21.903
977,0,-1.823
978,0,-28.853
979,0,-15.252
980,0,-13.942
981,0,-19.883
982,0,-15.636
983,0,0
984,0,1.918
985,0,-20.192
986,0,-13.483
987,0,10.579
988,0,-8.338
989,0,-37.721
990,0,4.281
991,0,4.139
992,0,-39.157
993,0,33.972
994,0,5.837
995,0,-6.25
996,0,-15.447
997,0,17.909
998,0,-7.755
999,1,-22.763
1000,1,43.743
