Subj,Class,risk_2d
1,0,-17.115
2,0,-12.177
3,1,16.195
4,0,9.071
5,1,1.202
6,0,-3.363
7,0,-11.927
8,1,26.782
9,1,8.54
10,1,32.785
11,1,-29.132
12,1,-2.326
13,1,-0.537999999999998
14,1,20.077
15,0,4.037
16,0,-3.58
17,0,2.358
18,0,-2.479
19,1,29.127
20,0,9.682
21,1,5.451
22,0,-4.781
23,0,-13.819
24,0,-13.988
25,0,-4.131
26,1,14.51
27,0,-3.191
28,0,-24.493
29,0,-6.632
30,0,-2.109
31,0,5.345
32,0,22.602
33,0,-10.574
34,1,-31.462
35,0,-19.161
36,1,33.254
37,0,-22.795
38,0,10.25
39,0,3.135
40,0,-6.035
41,0,19.883
42,1,19.925
43,1,18.801
44,1,14.387
45,1,14.654
46,0,7.424
47,1,-12.981
48,1,25.503
49,0,4.016
50,0,16.022
51,0,-10.575
52,0,-12.722
53,0,-25.387
54,1,19.699
55,1,1.784
56,0,12.944
57,1,2.372
58,0,-19.14
59,1,17.37
60,1,6.461
61,0,7.152
62,1,-1.726
63,1,-13.19
64,1,17.046
65,0,-3.169
66,0,22.279
67,0,-20.44
68,0,15.343
69,0,-4.885
70,1,-16.578
71,1,-9.603
72,1,-11.105
73,1,5.259
74,1,-11.353
75,1,0.803000000000002
76,0,39.512
77,1,28.955
78,0,-35.409
79,0,-4.96
80,1,22.999
81,0,-0.883000000000001
82,0,-13.997
83,1,-11.329
84,1,17.413
85,1,-4.136
86,1,-10.041
87,1,22.899
88,0,-10.236
89,0,-0.853
90,0,-3.72
91,0,32.645
92,0,-1.8
93,0,-34.158
94,0,1.08
95,0,19.994
96,1,-9.87
97,0,-16.038
98,1,-19.495
99,1,-14.725
100,0,11.903
101,1,-1.468
102,1,27.083
103,1,-8.872
104,1,-13.307
105,0,-28.404
106,0,-7.018
107,1,21.933
108,1,9.368
109,0,2.257
110,1,26.713
111,1,-2.76
112,0,-17.681
113,0,-16.798
114,0,-50.623
115,1,21.349
116,0,12.736
117,1,-11.317
118,1,-2.103
119,0,-15.135
120,0,-48.325
121,0,-7.851
122,0,15.018
123,1,-32.231
124,1,10.462
125,0,7.643
126,1,-7.902
127,0,-13.859
128,1,30.938
129,1,14.928
130,0,5.969
131,1,-19.914
132,1,32.836
133,1,9.506
134,0,10.507
135,0,-18.493
136,0,-7.29
137,0,27.04
138,0,-13.859
139,0,-12.674
140,0,-22.323
141,1,-20.2
142,1,36.669
143,0,-1.45
144,1,16.714
145,1,-12.889
146,0,-10.999
147,1,12.052
148,0,21.117
149,1,23.993
150,0,5.28
151,0,28.095
152,0,-38.61
153,1,-8.375
154,1,5.399
155,0,-14.838
156,0,-7.089
157,1,17.96
158,1,22.209
159,0,-0.360999999999998
160,1,-16.021
161,0,-12.398
162,0,-15.423
163,0,12.798
164,1,-8.198
165,1,4.583
166,0,-20.211
167,0,-3.418
168,1,-40.343
169,0,12.566
170,0,30.552
171,1,19.897
172,0,-28.781
173,0,16.195
174,1,-8.278
175,1,-6.648
176,1,8.341
177,0,9.009
178,0,16.195
179,1,-6.828
180,0,1.958
181,0,-40.974
182,0,-1.109
183,0,-1.92
184,0,-36.177
185,0,18.581
186,1,-27.203
187,1,-31.178
188,1,-5.559
189,0,-13.175
190,1,-3.326
191,0,20.369
192,1,16.536
193,1,-8.807
194,0,4.173
195,1,-16.022
196,0,24.465
197,1,-1.745
198,0,6.541
199,1,3.151
200,1,5.309
201,0,-8.595
202,1,5.35
203,0,-8.288
204,1,28.095
205,1,13.734
206,0,-4.579
207,0,-69.513
208,0,10.088
209,1,-0.135
210,0,-13.36
211,0,11.021
212,1,3.122
213,1,0.300000000000001
214,0,-29.757
215,1,-7.225
216,1,27.655
217,0,-41.175
218,1,-11.087
219,0,-27.709
220,0,-9.186
221,0,-25.422
222,0,-24.002
223,0,-11.024
224,0,-28.016
225,0,6.127
226,1,-2.031
227,0,-18.493
228,1,5.182
229,1,11.97
230,1,4.215
231,0,0.851000000000001
232,0,-21.509
233,1,11.522
234,0,-28.983
235,0,9.366
236,0,2.257
237,1,19.897
238,0,-8.872
239,0,-6.476
240,1,30.253
241,1,-15.744
242,1,9.736
243,1,27.855
244,1,-31.911
245,1,16.195
246,1,15.473
247,1,-0.927
248,1,2.403
249,1,-5.896
250,1,25.065
251,0,-10.534
252,1,1.706
253,0,-10.457
254,1,-27.287
255,0,4.173
256,0,-21.084
257,1,14.253
258,0,-2.454
259,0,-22.414
260,0,11.364
261,0,-4.136
262,0,-42.856
263,0,-16.715
264,1,6.612
265,1,18.894
266,0,-13.031
267,1,31.971
268,1,35.339
269,1,-2.306
270,1,15.72
271,0,23.37
272,0,9.305
273,0,-5.559
274,0,-25.772
275,1,26.464
276,0,9.265
277,0,-19.668
278,1,-7.132
279,1,-16.904
280,0,-24.175
281,0,-28.297
282,1,4.161
283,1,13.235
284,1,-37.19
285,1,-4.636
286,0,-25.576
287,1,6.052
288,0,-46.677
289,1,-0.930000000000001
290,0,-18.817
291,1,-28.725
292,0,-10.126
293,1,-5.915
294,0,-2.604
295,1,5.153
296,0,10.11
297,0,-35.028
298,1,5.535
299,1,-10.552
300,0,1.26
301,0,-37.438
302,0,-5.057
303,0,-9.455
304,1,9.486
305,0,1.631
306,1,13.404
307,0,-15.773
308,1,9.682
309,1,20.363
310,1,10.567
311,1,42.795
312,0,-1.036
313,0,-17.604
314,0,-8.443
315,1,-4.472
316,1,21.981
317,1,-4.949
318,1,4.877
319,0,-6.098
320,0,-43.639
321,0,-18.493
322,0,-25.772
323,0,-16.186
324,1,6.424
325,1,23.009
326,0,-54.867
327,0,-13.655
328,0,12.104
329,1,12.104
330,0,-15.308
331,1,10.348
332,0,7.383
333,1,8.19
334,1,3.285
335,0,13.352
336,0,-1.154
337,1,15.013
338,1,-4.136
339,1,41.073
340,1,-33.404
341,1,13.448
342,0,-18.252
343,0,40.331
344,1,7.661
345,0,-6.491
346,1,12.795
347,0,-10.16
348,0,-1.945
349,1,13.62
350,0,-15.792
351,1,-7.088
352,0,22.574
353,1,17.668
354,1,-0.513000000000004
355,0,-27.445
356,0,15.74
357,1,-25.422
358,1,-15.114
359,1,8.743
360,1,-15.945
361,0,-9.608
362,1,13.588
363,1,1.211
364,1,5.801
365,0,-3.169
366,1,2.824
367,1,-5.439
368,1,16.762
369,1,18.132
370,1,11.282
371,0,-13.449
372,0,-14.419
373,0,-34.75
374,0,-35.577
375,1,-39.537
376,0,-14.572
377,1,-1.67
378,0,3.471
379,1,7.222
380,0,-6.708
381,1,-16.715
382,1,-4.12
383,1,34.573
384,0,-19.232
385,0,21.891
386,0,-1.361
387,1,1.618
388,1,27.92
389,1,19.583
390,1,-55.414
391,0,29.991
392,1,14.94
393,0,4.877
394,0,-24.69
395,1,17.475
396,0,-18.129
397,1,14.498
398,0,-12.748
399,1,-18.493
400,1,-8.716
401,1,7.649
402,0,-2.133
403,1,18.633
404,0,10.342
405,1,-3.808
406,0,6.652
407,1,12.831
408,0,-6.168
409,1,2.462
410,1,-0.927
411,0,-5.464
412,0,-0.494
413,0,1.136
414,1,3.899
415,0,3.567
416,0,-7.491
417,0,-12.249
418,1,-31.515
419,0,-36.411
420,1,-25.07
421,0,-18.689
422,0,-21.174
423,0,-9.964
424,1,2.821
425,0,-28.568
426,1,-0.846000000000001
427,1,-0.399999999999999
428,1,7.87
429,0,-5.676
430,0,-36.505
431,0,-21.475
432,0,10.442
433,0,-17.575
434,1,12.94
435,0,-22.795
436,1,-6.924
437,1,19.756
438,0,16.4
439,0,6.127
440,1,14.799
441,1,-14.298
442,1,17.529
443,1,21.933
444,1,7.844
445,1,-8.52
446,0,-10.02
447,0,-17.55
448,0,-43.087
449,1,-11.492
450,0,-3.067
451,1,13.172
452,0,18.801
453,1,-22.697
454,1,-1.676
455,1,3.205
456,1,-11.807
457,1,-9.846
458,0,8.837
459,0,7.263
460,1,-16.388
461,1,16.762
462,0,-5.451
463,0,8.338
464,0,-12.818
465,0,17.202
466,1,-7.682
467,1,13.248
468,1,4.547
469,0,-22.854
470,1,26.08
471,0,-2.685
472,0,-31.372
473,1,2.708
474,0,17.828
475,0,-3.286
476,1,17.235
477,0,-61.091
478,0,-8.237
479,1,4.315
480,0,-7.571
481,0,17.539
482,1,6.032
483,0,7.962
484,1,16.186
485,0,-10.971
486,1,19.737
487,1,20.855
488,0,-11.94
489,0,-21.711
490,0,-10.574
491,0,-19.195
492,1,10.757
493,1,-4.569
494,0,30.552
495,1,-19.267
496,0,-50.327
497,0,-12.504
498,0,-18.475
499,1,13.991
500,1,-7.406
501,1,-16.38
502,0,-0.127
503,1,14.023
504,1,12.944
505,0,9.515
506,0,-9.473
507,0,15.573
508,1,7.079
509,1,17.99
510,1,4.456
511,1,-7.024
512,0,-31.179
513,0,-14.037
514,1,15.72
515,0,-29.873
516,1,-16.11
517,0,-15.03
518,1,18.31
519,1,24.059
520,1,39.937
521,1,6.346
522,1,1.121
523,1,10.934
524,0,3.91
525,0,12.944
526,0,-10.971
527,0,-16.959
528,1,3.471
529,1,-53.717
530,1,31.647
531,1,-0.323999999999999
532,0,-8.237
533,1,2.485
534,0,-20.247
535,1,8.238
536,0,3.951
537,0,19.175
538,0,-10.946
539,1,20.234
540,0,-9.538
541,1,4.325
542,1,9.113
543,1,20.73
544,0,-2.238
545,1,-13.992
546,1,5.309
547,0,14.951
548,1,-2.031
549,1,-7.046
550,0,5.811
551,1,28.095
552,1,11.283
553,0,-7.71
554,1,8.441
555,1,0.694000000000002
556,0,-13.986
557,0,-7.604
558,0,3.471
559,0,14.314
560,1,42.891
561,1,8.877
562,1,18.754
563,1,23.632
564,1,10.783
565,0,-8.256
566,0,-41.377
567,1,-11.085
568,0,5.535
569,0,-53.823
570,1,17.481
571,0,13.495
572,1,-3.125
573,0,-38.962
574,1,-2.623
575,1,-25.23
576,1,-10.55
577,0,-11.94
578,1,-16.719
579,0,-16.008
580,1,19.867
581,1,-5.605
582,1,-13.284
583,1,3.784
584,1,-19.241
585,1,14.958
586,1,-29.005
587,1,-23.782
588,1,-2.384
589,0,-45.353
590,0,19.919
591,1,32.645
592,0,-26.069
593,1,-10.84
594,1,-0.94
595,0,-34.648
596,0,-19.069
597,0,24.028
598,1,14.133
599,1,11.522
600,0,9.752
601,0,-35.154
602,1,10.694
603,0,-5.954
604,1,-11.197
605,0,42.425
606,0,9.512
607,1,10.478
608,0,3.683
609,0,0.759000000000001
610,0,0.8
611,1,11.598
612,1,25.246
613,0,12.182
614,1,23.081
615,0,-29.932
616,1,-1.165
617,1,19.103
618,1,22.009
619,0,-25.163
620,1,-10.239
621,1,7.33800000000001
622,0,-37.163
623,1,-45.796
624,1,10.348
625,1,-15.475
626,1,12.588
627,0,-14.736
628,1,-1.934
629,1,2.548
630,0,-7.627
631,1,-25.429
632,0,-47.751
633,0,1.427
634,0,-36.284
635,1,-4.808
636,0,-32.646
637,1,8.18
638,0,-18.591
639,0,6.93
640,1,-15.503
641,1,23.408
642,1,19.276
643,1,26.095
644,0,-53.895
645,1,-26.474
646,0,-8.368
647,1,4.037
648,1,5.766
649,0,-5.707
650,0,-4.588
651,0,16.713
652,0,0.339
653,0,-15.952
654,0,-5.189
655,0,7.887
656,0,31.103
657,1,-0.213
658,0,9.782
659,1,-2.685
660,1,23.694
661,0,-3.988
662,0,1.514
663,0,-10.228
664,0,-6.951
665,1,29.212
666,1,12.937
667,1,14.634
668,1,3.731
669,1,-36.164
670,1,17.072
671,0,-11.201
672,0,4.037
673,1,18.801
674,1,-15.618
675,0,19.166
676,1,-8.044
677,1,-12.776
678,1,-48.652
679,1,-31.732
680,0,-4.874
681,0,21.933
682,1,21.131
683,1,-4.888
684,1,-52.59
685,1,35.889
686,0,22.081
687,0,-8.1
688,0,2.139
689,1,17.529
690,0,-6.244
691,0,37.941
692,0,8.097
693,0,-3.807
694,1,20.365
695,0,-4.472
696,1,0.930000000000001
697,0,7.21
698,1,-9.91400000000001
699,1,-28.28
700,0,-29.18
701,0,34.317
702,0,4.795
703,1,5.309
704,1,41.073
705,1,1.229
706,0,14.382
707,0,-30.213
708,1,9.697
709,1,21.507
710,1,0.336000000000001
711,1,15.335
712,1,0.753
713,0,-8.595
714,0,4.877
715,0,-6.359
716,0,34.317
717,1,-6.718
718,0,-29.045
719,0,-17.49
720,1,8.708
721,0,-2.021
722,1,25.726
723,1,-7.276
724,0,-3.057
725,1,27.242
726,1,-3.369
727,0,-3.42
728,0,-13.175
729,0,9.798
730,0,-1.399
731,0,-8.729
732,1,12.503
733,0,-6.708
734,1,4.455
735,0,-6.389
736,0,-2.097
737,1,8.441
738,1,8.869
739,0,-2.413
740,0,-3.766
741,0,-27.216
742,1,29.639
743,0,5.887
744,0,11.954
745,0,5.625
746,1,17.094
747,0,-6.856
748,0,-7.089
749,1,21.352
750,1,1.897
751,1,11.036
752,1,1.014
753,1,11.148
754,1,-14.29
755,1,1.035
756,0,2.257
757,1,-15.316
758,0,11.598
759,0,-9.441
760,0,-0.875000000000001
761,1,26.861
762,1,12.692
763,0,17.058
764,0,-9.071
765,0,-30.15
766,1,-41.279
767,0,22.387
768,1,14.747
769,1,-5.605
770,0,-13.046
771,1,29.275
772,0,1.035
773,0,10.152
774,1,1.772
775,1,12.005
776,1,4.775
777,0,2.389
778,0,-16.484
779,1,21.933
780,1,-2.961
781,1,-17.459
782,1,-0.736999999999999
783,0,-11.508
784,1,-6.297
785,1,-1.275
786,1,6.951
787,0,0.887000000000001
788,1,10.881
789,1,-12.893
790,1,-0.409
791,0,8.733
792,0,14.93
793,1,10.567
794,0,-21.527
795,0,10.577
796,1,34.573
797,1,20.316
798,1,-10.236
799,1,11.598
800,1,20.343
801,1,5.956
802,1,-9.561
803,0,7.016
804,1,-4.874
805,1,25.124
806,0,5.969
807,1,34.07
808,0,-25.917
809,0,-16.459
810,1,-7.406
811,1,0.450999999999999
812,0,-29.612
813,0,11.443
814,0,-33.319
815,1,15.504
816,1,-1.604
817,0,9.103
818,0,-12.096
819,0,-1.321
820,1,4.674
821,0,-28.904
822,1,29.212
823,0,-6.075
824,0,-45.214
825,1,36.618
826,0,-14.058
827,1,12.38
828,1,8.11
829,1,5.204
830,1,24.614
831,0,-3.72
832,0,-4.852
833,0,-74.303
834,0,-19.232
835,0,0.393
836,1,14.072
837,1,-8.816
838,0,-16.138
839,0,-33.308
840,1,17.008
841,0,18.614
842,0,-11.632
843,0,-4.49
844,1,25.681
845,1,5.411
846,0,-19.332
847,0,16.462
848,0,7.329
849,0,-26.96
850,0,-3.332
851,0,11.522
852,1,12.588
853,1,13.298
854,1,-12.87
855,0,-20.249
856,1,12.995
857,1,12.035
858,0,5.547
859,0,-0.476000000000001
860,1,-2.993
861,0,-32.227
862,1,0.043000000000001
863,1,7.369
864,0,5.309
865,1,-4.472
866,1,19.461
867,1,-6.168
868,0,-0.354000000000001
869,1,-11.201
870,0,28.183
871,0,-10.271
872,1,40.028
873,0,-27.283
874,1,-23.51
875,0,-8.976
876,0,20.327
877,1,22.923
878,0,-30.938
879,1,-3.056
880,1,25.246
881,1,3.661
882,0,-42.699
883,0,-6.272
884,1,-11.841
885,1,-5.908
886,1,35.384
887,1,-10.559
888,0,-10.413
889,0,3.415
890,0,2.837
891,0,16.329
892,0,9.606
893,0,26.918
894,0,-25.772
895,1,15.173
896,0,-4.566
897,0,3.583
898,0,-15.793
899,0,25.725
900,1,-4.857
901,1,5.182
902,0,-34.158
903,0,-3.72
904,1,-1.639
905,0,0.339
906,1,-21.868
907,1,28.239
908,1,5.615
909,1,13.417
910,1,-2.839
911,1,4.953
912,1,0.658
913,0,18.801
914,0,-11.94
915,1,29.118
916,1,14.873
917,1,24.834
918,1,9.684
919,1,-5.168
920,1,17.814
921,0,-13.805
922,1,4.877
923,1,-0.726999999999999
924,1,2.937
925,0,-4.885
926,0,-37.987
927,0,-36.906
928,1,-5.728
929,0,-9.436
930,1,-7.077
931,0,1.894
932,1,13.277
933,0,6.127
934,0,-4.136
935,1,-27.019
936,1,14.869
937,0,-1.072
938,0,12.814
939,0,-22.045
940,1,27.855
941,0,21.933
942,1,36.669
943,1,10.81
944,1,-16.021
945,0,0.100999999999999
946,1,-8.437
947,1,30.111
948,0,-36.906
949,0,-18.689
950,1,38.982
951,1,4.517
952,0,-11.986
953,1,11.502
954,0,4.037
955,0,-4.282
956,1,5.633
957,1,-4.414
958,0,0.371999999999999
959,0,3.976
960,0,1.743
961,0,-2.753
962,0,0.708000000000001
963,0,30.399
964,0,27.038
965,1,15.465
966,0,-12.912
967,1,-20.885
968,0,-9.944
969,1,3.639
970,1,18.481
971,0,34.406
972,1,12.937
973,1,2.376
974,0,-26.013
975,0,-19.156
976,0,-17.788
977,1,-46.924
978,0,41.073
979,1,-21.913
980,1,6.824
981,0,-27.538
982,0,-1.423
983,1,13.27
984,0,-10.574
985,0,-18.526
986,0,41.073
987,0,-6.359
988,1,8.443
989,0,16.053
990,1,-21.704
991,0,1.035
992,1,14.654
993,0,-26.432
994,0,-28.983
995,1,-3.505
996,1,4.827
997,0,-11.045
998,0,4.153
999,0,-4.946
1000,1,-4.671
