Subj,Class,risk_ori
1,0,1.43462392152598
2,0,-0.0789810885752327
3,0,0.235946125215367
4,0,0.374766003534038
5,1,0.2815512123549
6,1,1.09917653330542
7,1,1.0349241904624
8,1,1.50047268859672
9,1,1.53448848777791
10,1,1.22490429783545
11,1,0.972800750324896
12,1,0.0336725425830709
13,0,0.221920231877494
14,1,1.15410163929612
15,1,0.52839971444126
16,1,0.69846092409899
17,1,0.509752458737776
18,1,1.00453535512974
19,1,0.0649286257607893
20,1,0.648152415786617
21,1,0.62711649421349
22,0,-0.17735124477206
23,1,1.05755254848996
24,1,1.09264371966062
25,1,0.831440446221313
26,1,1.59777555637655
27,1,1.7865017672981
28,1,1.48349175329919
29,1,0.762874471951237
30,1,1.59669413894823
31,1,1.88601655610338
32,1,1.39822840435244
33,0,0.104398447410263
34,1,0.664806127076249
35,1,0.884457639581539
36,1,0.538056369716455
37,1,0.817898841901692
38,1,0.742548580987219
39,1,1.44784528498227
40,0,-0.114920535992045
41,1,0.782036148197021
42,1,0.891418707640363
43,1,0.114379456932737
44,1,0.224878924925057
45,1,0.84859494587687
46,0,-0.0245054731155148
47,0,0.138362753339791
48,1,0.485913939101425
49,0,0.381870531041762
50,1,0.572271145941737
51,1,0.543559015675786
52,1,1.30871468200338
53,1,0.988508806050158
54,1,0.782490403415289
55,1,0.924655237400452
56,1,-0.0963370617798844
57,1,1.17653372730131
58,1,1.18170914925274
59,1,0.374917209870034
60,1,0.741579318969555
61,1,1.03700036235581
62,1,-0.247653114945469
63,1,0.724692882944497
64,1,0.964575787141336
65,1,-0.250063053502296
66,1,1.035396191241
67,1,1.49224772541316
68,1,0.720864224516852
69,0,-0.00164791747938595
70,1,1.06656429599477
71,1,0.859177857148928
72,1,0.853124802691681
73,1,1.23655995484517
74,1,0.891397434953179
75,1,0.424188047118659
76,1,0.596914195459668
77,0,-0.0304882947091474
78,1,0.598562112939056
79,1,0.76266177369034
80,1,1.46155162143798
81,1,1.50047268859672
82,1,0.624950042807849
83,1,1.39020373553477
84,1,0.61174096759121
85,1,0.626597960287237
86,1,0.823185262473269
87,0,0.128657474573543
88,0,0.16897979222941
89,0,0.0578973248383513
90,0,-0.0296837648275668
91,1,0.556716597640757
92,1,0.921127732928402
93,1,0.224074395043478
94,1,1.17451435375465
95,1,1.50500254541153
96,1,0.450599999887491
97,1,0.935756682598763
98,0,-0.114691338383474
99,1,1.46904535243439
100,1,0.782490403415289
101,1,0.94185770318082
102,1,0.638427181654985
103,1,0.773262430522727
104,0,-0.025958437894335
105,0,0.111179278036947
106,1,0.73434136336399
107,1,0.890605193311254
108,1,0.919701345931856
109,1,1.03722665752594
110,1,0.531985569698879
111,0,0.270401801031777
112,1,0.691603339760166
113,1,0.998305590367206
114,1,1.78404931993713
115,1,-0.121375358364271
116,1,0.868756104704803
117,1,0.607335830613352
118,0,0.135515058912368
119,1,0.802907337634066
120,1,0.31478774211499
121,1,1.16070468580453
122,1,1.49217097170102
123,1,0.88898749639635
124,0,-0.152159440763391
125,1,1.50890143670279
126,1,0.704434913470677
127,1,0.246726775971078
128,1,1.58624112864716
129,1,1.33031997338819
130,1,1.07965164509613
131,1,0.835589807808329
132,1,0.68051418280151
133,1,0.0517963042562928
134,1,0.0649286257607893
135,0,0.337450345050549
136,1,0.833058143136217
137,1,0.503699404280529
138,1,0.94697055939437
139,1,1.75080380572951
140,0,0.142164833985163
141,1,1.30709985484909
142,1,0.559113563976767
143,1,0.131109921934511
144,1,0.698128394996008
145,1,0.642013036912605
146,1,-0.391895358384476
147,1,1.09032606191898
148,1,1.55505527833306
149,0,-0.0103271358812134
150,1,0.428028902502731
151,1,1.53176551318744
152,0,0.104398447410264
153,1,0.816198933953974
154,1,0.224878924925058
155,1,0.919229345153262
156,1,1.00396885507867
157,0,0.104398447410262
158,1,1.52508149320665
159,1,1.6712221244208
160,1,1.72949695076527
161,1,1.59373544590067
162,1,0.778341041828275
163,1,1.43466643033012
164,1,1.49226547097349
165,1,1.00686308265375
166,1,0.339219248301449
167,1,1.2379916469368
168,1,0.341508201086765
169,0,0.0427845567514818
170,0,-0.011131665762794
171,1,0.523778352075649
172,1,0.457203046395905
173,1,0.0710761794905037
174,1,1.34043088388165
175,1,0.831614010579343
176,1,1.42967003005739
177,1,1.70473570225891
178,1,1.07153593302369
179,1,0.884552138854009
180,1,0.986354642884174
181,1,0.0212614763994886
182,1,0.518054175633477
183,1,0.355655080196151
184,1,0.99313016841577
185,1,0.851866674958075
186,1,0.269216899883457
187,1,1.09447841722767
188,1,0.390154502377133
189,1,0.928457318045823
190,1,1.34035765729636
191,1,0.329243127427319
192,1,0.924655237400452
193,1,0.939482009531993
194,1,0.587481940427931
195,1,0.476559675342258
196,1,0.0973671464878232
197,1,-0.0213820479318667
198,1,0.332024452803359
199,0,0.296780746453041
200,1,1.01879562721021
201,1,1.59921968893343
202,1,1.53114000498457
203,1,0.234751805588006
204,1,0.777536511946694
205,1,0.760334046166326
206,1,0.673817874581058
207,1,0.748696134716934
208,0,0.148818633401476
209,0,0.0808924568768953
210,0,-0.152236194475533
211,0,-0.0991367900824944
212,0,-0.0880353448841835
213,1,1.05517685484114
214,1,1.42967003005739
215,1,0.926303154879839
216,0,-0.0781802097815653
217,0,-0.0337600237903525
218,1,1.46265078442663
219,1,0.597130420847423
220,0,-0.520174834235229
221,1,0.897289213292052
222,1,0.94252744344307
223,1,1.46036613403256
224,1,0.891168237344609
225,1,0.556716597640756
226,0,-0.170493660433236
227,1,0.239704459496168
228,1,0.798542212955339
229,1,0.758651883778937
230,1,0.603516004407652
231,1,0.108456303446478
232,0,-0.170277435045482
233,1,0.837493500678559
234,1,0.616270824406023
235,0,0.086945511334141
236,1,1.55125319768769
237,1,0.00855749228654394
238,1,1.22283234570228
239,1,1.78810717597335
240,1,1.00659501902325
241,1,1.57818089759969
242,1,0.975344703236663
243,1,0.541231288151772
244,0,0.395091894498057
245,1,0.742548580987219
246,0,0.516757273161172
247,1,0.500740711232966
248,1,0.819970794034863
249,1,1.584800452108
250,1,1.25496971247371
251,1,0.186594004423906
252,1,1.65144146082066
253,1,1.36068354826038
254,1,0.770916957438383
255,1,0.0710761794905046
256,0,-0.126021981190355
257,1,0.386018655068345
258,1,1.83307611645529
259,1,0.459279218289318
260,0,-0.58890554064139
261,1,0.627095221526304
262,1,1.36139357886949
263,1,1.87996350164613
264,1,0.370481852327692
265,1,1.13114564081392
266,1,1.44067697598322
267,0,-0.0748262696675445
268,0,-0.17727449105992
269,1,1.13051358995552
270,1,0.235980370123367
271,1,0.532457570477475
272,1,1.30926630625473
273,1,0.0779337638293291
274,1,1.57437881695431
275,1,0.782018402636693
276,1,0.0135113837551387
277,1,0.585651474142986
278,1,0.909572689878066
279,1,1.05962872038337
280,1,0.103926446631667
281,1,0.902339915406533
282,0,0.327966596767143
283,1,0.552147966087245
284,1,1.51448629369493
285,1,1.69578842022659
286,1,0.241609389926831
287,0,-0.152159440763391
288,1,0.381064763599751
289,1,0.709229840194317
290,1,1.42306276378873
291,1,1.33222843094571
292,1,-0.0170111558620096
293,1,0.774538961182903
294,1,0.669760018544843
295,1,0.740428662729236
296,1,1.50945019119353
297,1,1.07766574119308
298,1,1.43627183900537
299,1,0.477691845678479
300,1,1.4743152736583
301,1,1.41713143544677
302,1,1.05093299398165
303,1,0.871720565143498
304,1,1.43954356808657
305,1,0.539479886952385
306,1,0.618888003903073
307,1,1.69290648089116
308,1,0.613860885849193
309,1,1.17015697596302
310,1,0.183240064309885
311,1,0.681241958970949
312,1,1.36546918046604
313,1,0.973190540070678
314,1,1.24358227132008
315,1,1.57818089759969
316,1,0.924741978263964
317,1,0.343749105116263
318,1,0.24423555387141
319,1,0.654058483668108
320,1,0.00970930310976616
321,1,1.6188504961972
322,1,0.758651883778937
323,1,0.854806965079069
324,1,1.11470980891922
325,1,1.26789279173503
326,1,1.12788742601094
327,1,0.931339257381248
328,1,1.52741467805133
329,1,1.19208827560229
330,1,0.846912783489481
331,1,0.598229583836073
332,1,0.809125124227396
333,1,0.987173924604413
334,1,0.398345220652691
335,0,0.386318176823761
336,0,0.175032846686654
337,1,0.966972753477349
338,1,0.868189604653737
339,1,0.836394337689908
340,1,0.902165113488073
341,1,1.11233287770996
342,1,0.631174350249704
343,1,0.587430447176262
344,1,1.25959107483933
345,1,0.137245187424569
346,1,0.988349841305205
347,1,0.80514402190332
348,1,0.610135558915962
349,0,-0.220890147169554
350,1,1.00396885507867
351,1,0.8692281054834
352,1,1.5134312935176
353,0,-0.367329062578684
354,1,-0.0046515829300941
355,1,1.77296016297848
356,1,0.506243357192297
357,1,1.2509118564375
358,1,0.742076580208623
359,0,0.0468513972352268
360,1,1.33637302784543
361,1,1.22859076705245
362,1,1.24548596419031
363,1,0.199763874628531
364,0,-0.154862358420113
365,1,0.550331014080526
366,1,1.7132466613978
367,1,1.2188512433782
368,1,0.250365362040797
369,1,0.230204203212866
370,0,-0.146183140018287
371,1,0.731965669715162
372,0,-0.15464613303236
373,1,0.849143700367607
374,0,0.0668788517786767
375,1,0.473633989642263
376,1,1.30999408242417
377,1,0.330925289814709
378,1,0.838012034604811
379,1,0.991231780640628
380,1,0.804174759885658
381,0,-0.110225947041148
382,1,0.645531709162709
383,1,0.369915352276628
384,1,1.15545616122887
385,1,-0.00817297271522771
386,1,1.4141154817564
387,1,0.926303154879839
388,1,1.79968062195025
389,1,0.388472339989746
390,1,1.1031576356295
391,1,0.98602211378119
392,0,-0.245922986433267
393,1,-0.0403103394866673
394,1,-0.311853964536818
395,1,0.816531463056957
396,0,0.175032846686654
397,1,1.68820836481341
398,0,0.0670827889267749
399,1,0.596581666356684
400,1,1.44520683279804
401,1,1.64022758402505
402,0,0.0906708382673711
403,1,0.430910841838154
404,1,0.0822420901612995
405,1,0.779787485758567
406,1,0.162201272976143
407,1,1.44287364795335
408,1,0.487661120540569
409,1,1.34785197454987
410,1,1.72169536486926
411,1,0.631594857776631
412,1,1.16159595654962
413,1,1.6393405330402
414,0,0.0489965759536819
415,1,0.572347899653877
416,1,0.937327846366009
417,1,0.570275947520706
418,1,0.68127620387895
419,1,0.170247214481
420,1,1.5316887594753
421,1,1.52511573811465
422,1,0.159873545452129
423,1,0.667216065633077
424,0,-0.0642310701558323
425,0,-0.220890147169552
426,0,0.438525072911276
427,1,0.762237739036558
428,0,-0.0103271358812125
429,1,0.510301213228513
430,1,0.851476885212294
431,1,1.4185631275384
432,1,1.41713143544677
433,1,0.913566080441798
434,1,0.161555707839518
435,1,0.959094413869191
436,1,0.68664944829157
437,1,1.30049258858043
438,1,1.45795619547574
439,1,0.671018146278449
440,1,0.758179883000341
441,1,0.649757824461864
442,1,0.887339578916963
443,1,1.61592604805763
444,1,-0.13238230429011
445,1,0.979402559272879
446,1,1.39019475108724
447,1,1.39848417974328
448,1,1.80390321012255
449,1,0.968106161374
450,1,1.53121675869671
451,1,0.784558828421605
452,1,1.19653592138428
453,0,-0.32539556885644
454,1,0.254830753383124
455,1,0.893487132646678
456,1,0.745001028348187
457,1,1.32984797260959
458,1,0.135639778749321
459,1,0.72939099902225
460,1,0.618424987572006
461,1,0.770539455932256
462,1,0.84691278348948
463,0,-0.067956397089065
464,1,0.737762948781565
465,1,0.368405680434281
466,1,1.41170554319958
467,1,1.31883803296208
468,1,0.908768159996487
469,0,0.128955758768524
470,1,0.438740557955257
471,1,1.99921894175242
472,0,-3.02205644829578e-05
473,1,0.84771731337106
474,0,-0.090445283441012
475,1,0.503699404280529
476,1,0.189016231220389
477,0,-0.152963970644972
478,1,1.1130606538794
479,1,0.601188276883636
480,1,0.708109404518481
481,1,0.701731995813956
482,1,0.805144021903321
483,1,0.784394096285521
484,1,0.746606437023435
485,1,1.54981252114852
486,0,-0.0400600214164976
487,1,0.339296002013591
488,1,0.760299801258325
489,1,0.94633959387082
490,0,-0.0824063250807201
491,1,0.81844759639243
492,0,-0.0304882947091465
493,1,0.693251257239553
494,1,0.731459424028566
495,1,0.54754011799986
496,0,-0.105272055572553
497,1,1.05755254848996
498,1,1.29436278041105
499,0,0.423716046340062
500,1,0.594032256124246
501,1,0.476009683291091
502,1,0.573953308329126
503,1,0.352855351893542
504,1,1.69163905863957
505,0,0.243840306804957
506,0,-0.0597012133410217
507,1,0.177909328701405
508,1,0.205728950661832
509,1,0.377339436666518
510,1,0.613895130757195
511,0,0.142588868638947
512,1,1.64268901583355
513,1,-0.095161145079091
514,1,1.02790187398749
515,1,-0.165701045083015
516,1,0.959335899717416
517,1,0.14834663262288
518,0,-0.288819974782045
519,1,1.3963300165773
520,1,0.762237739036557
521,1,1.40303530924528
522,1,0.816454709344817
523,1,0.525599986138652
524,1,1.19444622369078
525,1,0.317837940713353
526,1,1.08592092494113
527,1,0.775931103271448
528,1,1.0644923438616
529,1,1.10180800234509
530,1,1.3871535369364
531,1,1.1707022033269
532,1,0.795967542262425
533,1,1.61359286321294
534,1,0.881204313426903
535,1,0.591781282312372
536,1,0.598562112939056
537,1,0.641044361152036
538,1,1.22355590211148
539,1,1.20394771753452
540,1,1.52723565637263
541,1,0.98628141629889
542,1,0.00978605682190597
543,0,1.00045975353319
544,0,0.840293228981168
545,0,1.08544892416253
546,0,0.915720243607782
547,0,0.601188276883638
548,0,1.66906796125481
549,0,-0.0701228484947048
550,0,1.45778263111771
551,0,1.26771907515141
552,0,0.708805805540533
553,0,1.08380100668314
554,0,0.684273754642745
555,0,0.374930735670123
556,0,0.52559998613865
557,0,0.55181419942383
558,0,1.36706913182061
559,0,1.54492309515241
560,0,0.826910589406501
561,0,1.77799626547989
562,0,1.60249141801463
563,0,0.266589650604029
564,0,0.449872223718052
565,0,0.627116494213489
566,0,0.714180204536056
567,0,0.574974063598459
568,0,1.3724950240678
569,0,-0.183876300007902
570,0,0.74853140258085
571,0,0.507727780096032
572,0,0.102741545483347
573,0,1.46489599084737
574,0,0.255336999069721
575,0,0.434712922483527
576,0,1.66932373664565
577,0,1.18839316923354
578,0,0.738823254053989
579,0,0.814551016474588
580,0,0.68944917659418
581,0,0.605246132919852
582,0,1.63064356907805
583,0,0.663234963309002
584,0,-0.154611888124359
585,0,0.187782209364352
586,0,1.56254959558656
587,0,1.24811212813489
588,0,0.949386265342327
589,0,1.21750284765423
590,0,0.563412905861208
591,0,1.1881652091854
592,0,1.03772391876501
593,0,0.0507502885264869
594,0,0.43416416799279
595,0,1.8598023428182
596,0,0.109093036361159
597,0,0.63237412719774
598,0,0.921855509097842
599,0,0.221448231098897
600,0,0.72699403268624
601,0,1.73407334072774
602,0,-0.212193183207396
603,0,0.767663631283747
604,0,0.614665415730774
605,0,0.722789190074267
606,0,0.235508369344771
607,0,1.32553088516482
608,0,1.00396885507867
609,0,0.992108175586005
610,0,0.507848765867545
611,0,0.000774309317096711
612,0,1.34750469360823
613,0,-0.148178338439317
614,0,-0.105999831741992
615,0,0.80506726819118
616,0,0.64560846287485
617,0,0.729888260261319
618,0,0.840387728253638
619,0,0.541651795678699
620,0,1.07095936319025
621,0,-0.0454763429590607
622,0,0.920597381364236
623,0,1.08752509605594
624,0,1.4805272928605
625,0,0.432558759317541
626,0,0.601188276883637
627,0,0.506166603480157
628,0,0.942912703358154
629,0,-0.181409100808275
630,0,0.821247324695038
631,0,0.154871687858721
632,0,0.710908475454851
633,0,1.35695822132715
634,0,0.666488289463637
635,0,0.248332184646325
636,0,0.544817143409391
637,0,-0.0604714983145996
638,0,0.566896746946214
639,0,0.674366629071796
640,0,1.56495953414339
641,0,0.580131082623326
642,0,0.95553258151161
643,0,1.28558906273675
644,0,0.114302703220597
645,0,1.20314318765294
646,0,0.566973500658354
647,0,0.60071627610504
648,0,0.875357913652785
649,0,-0.172744634245108
650,0,1.8199120136418
651,0,0.0952472282298394
652,0,1.44685475027743
653,0,0.843641054408275
654,0,0.674622404462638
655,0,0.755804189351515
656,0,0.834240174523924
657,0,-0.166173045861611
658,0,0.496759608908892
659,0,0.601111523171496
660,0,0.907341772999941
661,0,0.359380407129383
662,0,0.824756426240517
663,0,0.190664148699776
664,0,1.15537940751672
665,0,1.59373544590067
666,0,0.0146105467437905
667,0,0.65381568049808
668,0,0.08055992777391
669,0,0.4260337040817
670,0,0.381869293481329
671,0,0.909572689878066
672,0,0.266889172359443
673,0,0.390549749443589
674,0,1.08664870111056
675,0,0.00682736377434152
676,0,0.943539865568208
677,0,0.538605124207192
678,0,-0.318711548875643
679,0,0.88654733727504
680,0,0.726847046110483
681,0,0.542364696048423
682,0,0.580858858792763
683,0,0.747341196337441
684,0,0.920250100422593
685,0,0.449872223718052
686,0,0.780500972385389
687,0,1.36123230275112
688,0,1.53562189567457
689,0,1.17510734030476
690,0,0.859649857927523
691,0,0.0401673772544306
692,0,0.618360522099522
693,0,0.75365002618553
694,0,0.729390999022251
695,0,0.286924373789991
696,0,1.00660730726291
697,0,1.00686308265375
698,0,1.51186012975035
699,0,0.591704528600231
700,0,0.798377480819254
701,0,0.563336152149067
702,0,0.607241331340883
703,0,-0.167855208248999
704,0,1.48937124339841
705,0,0.430438841059557
706,0,0.830182318487707
707,0,0.494605445742907
708,0,-0.137881423122588
709,0,0.698006668880723
710,0,0.661163011175831
711,0,0.0406181053458411
712,0,0.718710061350868
713,0,0.562699419234387
714,0,-0.197128381245342
715,0,1.32401345491352
716,0,0.0715304347087717
717,0,-0.133805164159801
718,0,-0.404644721062172
719,0,0.753485294049446
720,0,-0.0868594281833918
721,0,0.682591592255354
722,0,-0.292073300936681
723,0,0.157917121769798
724,0,0.265447909563182
725,0,1.27259621290787
726,0,0.722222690023201
727,0,0.186606292663561
728,0,0.758256636712483
729,0,0.0246128289534488
730,0,0.944088620058945
731,0,1.60439511088487
732,0,1.03658109238932
733,0,0.819416272152995
734,0,1.36236571064777
735,0,0.430910841838155
736,0,0.29750852262248
737,0,1.42967003005738
738,0,1.07286305606048
739,0,0.63036695060751
740,0,0.665138656179233
741,0,0.148653901265391
742,0,0.731459424028566
743,0,1.589282342798
744,0,0.790953396429362
745,0,0.798121705428412
746,0,1.01274257275297
747,0,1.32734353478029
748,0,0.17838132948
749,0,1.66246615230683
750,0,1.25753141094581
751,0,1.58470595283553
752,0,0.331768677412517
753,0,1.19073864231788
754,0,0.108379549734339
755,0,0.117957797290214
756,0,0.859982387030506
757,0,0.554224137980656
758,0,0.647438929159795
759,0,1.49886727992147
760,0,0.199343367101602
761,0,0.818136871732205
762,0,0.465898772797629
763,0,1.13706390565183
764,0,0.826438588627906
765,0,1.08139106812631
766,0,0.745430520322644
767,0,0.738490724951004
768,0,0.868284103926206
769,0,0.826910589406503
770,0,0.591232527821635
771,0,0.312247316330077
772,0,1.69929752177207
773,0,0.416763962728767
774,0,0.842447392147155
775,0,1.459397458272
776,0,0.862059796484351
777,0,0.775806383434493
778,0,1.00448738900492
779,0,1.56167483284137
780,0,0.73353683348241
781,0,0.583497310976999
782,0,0.818136871732207
783,0,0.00124631009569282
784,0,1.07939586970528
785,0,0.566501499879758
786,0,0.792394659225623
787,0,0.766481599896041
788,0,0.900012187882519
789,0,0.233086142548288
790,0,0.445650873106185
791,0,0.599911746223462
792,0,1.5843284513294
793,0,-0.0713048798824109
794,0,0.719894962499187
795,0,0.76920457448651
796,0,0.52377835207565
797,0,0.817881096341363
798,0,0.68474575542134
799,0,1.40128390804589
800,0,0.817426841123096
801,0,0.181634655634636
802,0,-0.00915121918042264
803,0,0.877767852209614
804,0,0.82318526247327
805,0,-0.12386781802437
806,0,0.647256380354238
807,0,1.12843618050167
808,0,1.07533801366907
809,0,0.668863983112465
810,0,0.436318331158774
811,1,0.57066573726649
812,0,1.03442692922333
813,1,1.58305803535614
814,1,0.593858691766216
815,1,0.889429276610462
816,1,1.15253047552887
817,1,0.777536511946696
818,1,0.576621981077846
819,1,1.5299586309631
820,1,0.744970807783703
821,1,0.0760300709590985
822,1,1.38689776154556
823,1,2.02993279128793
824,1,0.817167609714541
825,1,0.880317262442053
826,0,-0.229646119283519
827,1,1.29220861724506
828,1,0.180073479018761
829,1,0.880732312648307
830,1,1.25369318181354
831,1,-0.0264304386729311
832,1,0.775888594467307
833,1,0.751654827764499
834,1,0.512390910922012
835,1,1.43627183900537
836,1,0.162201272976143
837,1,1.43300010992416
838,1,0.7433531108688
839,1,0.928475063606152
840,1,1.41658268095603
841,1,0.838042255169296
842,1,0.890233806492043
843,1,1.45685703248708
844,0,0.861332020314911
845,0,1.90427402206108
846,0,0.0957192290084373
847,0,1.07054539831884
848,0,1.72359905773949
849,0,0.763057020756795
850,0,0.822666728547018
851,0,1.65702251449931
852,0,0.388472339989746
853,0,1.54304598006446
854,0,0.386018655068344
855,0,0.655740646055495
856,0,0.71569763478736
857,0,0.849322722046309
858,0,0.534803043561819
859,0,0.321347042258832
860,0,1.19048286692704
861,1,1.41226858723293
862,1,1.65964867844389
863,1,1.51895168503726
864,1,0.952716345209104
865,1,0.622795879641865
866,1,1.1569793588713
867,1,0.0406948590579809
868,1,1.93048823534626
869,1,1.53456524149006
870,0,1.52253754029488
871,0,0.249560832159219
872,0,0.870751303125832
873,0,1.85307831053828
874,0,0.376898894012838
875,0,0.701022622571088
876,0,1.33925496718086
877,0,0.146664470235491
878,0,1.4559609970547
879,0,0.211337320605435
880,0,0.809673878718133
881,0,0.767599165811263
882,0,-0.156766051290343
883,0,0.108456303446477
884,0,0.990976005249785
885,0,0.432086758538947
886,0,0.823185262473271
887,0,0.907418526712081
888,0,0.846599747455839
889,0,0.594080222249058
890,0,0.202563602931141
891,0,0.410402402068579
892,0,1.00660730726291
893,0,0.620072905051394
894,0,0.707234641773287
895,0,0.677619955226431
896,0,0.664039493190581
897,0,0.930867256602652
898,0,0.666960290242233
899,0,1.16824975596593
900,0,1.67097165412504
901,0,0.159401544673534
902,0,-0.168123271879497
903,0,0.583497310977
904,0,1.31540157174479
905,0,0.853124802691682
906,0,0.536152676846224
907,0,0.738746500341846
908,0,-0.0221865778134464
909,0,-0.243851034300095
910,0,1.71581587477004
911,0,0.691603339760165
912,0,0.408253003589882
913,0,0.986446148434974
914,0,1.26599440395988
915,0,0.720864224516852
916,0,1.43300010992416
917,0,-0.0111316657627922
918,0,1.37210523432202
919,0,0.658281071840408
920,0,0.53198556969888
921,0,0.0253406051228869
922,0,0.996639269961249
923,0,0.622482843608222
924,0,1.29533204242871
925,0,0.990976005249785
926,0,1.44782401229509
927,0,-0.15270819525413
928,0,0.290726454435363
929,0,1.68469926326793
930,0,0.549935767014071
931,0,1.47078776918625
932,0,0.824756426240517
933,0,0.54754011799986
934,0,0.848594945876869
935,0,0.676444038525639
936,0,0.146664470235491
937,0,0.523445822972666
938,0,0.604697378429115
939,0,1.48920651126232
940,0,0.531263250850115
941,0,0.0271532547383593
942,0,1.28986314416072
943,0,0.809201877939537
944,0,0.858715427074957
945,0,1.36689556746258
946,0,1.69824086758755
947,0,0.167249663717206
948,0,0.219925033456463
949,0,-0.0375106111840557
950,0,1.04225377557982
951,0,0.616984311032843
952,0,-0.070756125391675
953,0,0.436318331158775
954,0,1.38693200645356
955,0,0.86694922248046
956,0,0.20264035664328
957,0,1.50945019119353
958,0,1.21245445691316
959,0,0.556811096913226
960,0,1.20792460009835
961,0,1.23512934808838
962,0,0.61872327176699
963,0,-0.132464515322924
964,0,0.162201272976142
965,0,1.5222050111919
966,0,0.50369940428053
967,0,0.540759287373176
968,0,0.6738946282932
969,0,0.727011778246568
970,0,0.55375213720206
971,0,1.29156305210844
972,0,0.968347647222225
973,0,1.59326344512207
974,0,1.459397458272
975,0,0.768762794272398
976,0,0.802907337634066
977,0,1.00613530648431
978,0,0.312412048466162
979,0,1.06656429599477
980,0,0.817898841901692
981,0,0.809673878718133
982,0,0.45259519830852
983,0,0.115499892608572
984,0,0.266589650604028
985,0,0.826910589406502
986,0,1.31748839967768
987,0,0.820775323916443
988,0,0.730283507327774
989,0,0.649104592199513
990,0,-0.0951611450790919
991,0,1.46217878364804
992,0,1.43627183900537
993,0,0.383942483174934
994,0,0.570665737266489
995,0,0.709533581709973
996,0,1.47358749748886
997,0,0.414807539046435
998,0,0.729811506549178
999,1,1.34695593911749
1000,1,0.756025719834357
