Subj,Class,risk_2d
1,1,914.586
2,0,-865.639
3,0,-894.695
4,1,893.845
5,1,897.018
6,0,-912.568
7,1,918.803
8,0,-898.234
9,1,-893.563
10,1,866.203
11,0,-857.607
12,0,-884.379
13,0,-880.828
14,1,908.686
15,0,-889.035
16,0,-906.479
17,1,937.369
18,1,900.378
19,1,908.506
20,1,904.396
21,1,922.935
22,1,887.066
23,0,-910.078
24,0,-889.53
25,0,-887.184
26,0,-933.157
27,0,-931.525
28,1,883.093
29,0,-907.073
30,1,873.988
31,0,-891.917
32,0,-930.167
33,0,-921.51
34,0,-906.291
35,1,873.609
36,0,-873.153
37,1,945.1
38,1,877.794
39,0,-886.796
40,1,870.246
41,0,-889.035
42,0,-905.352
43,1,927.443
44,0,-885.434
45,0,-935.874
46,1,870.272
47,0,-867.576
48,0,-902.219
49,0,-934.123
50,1,960.279
51,0,-941.888
52,1,886.426
53,0,-879.006
54,1,864.618
55,1,896.463
56,0,-906.238
57,1,937.173
58,0,-894.822
59,0,-878.304
60,0,-908.211
61,1,948.284
62,1,892.025
63,0,-906.549
64,0,-918.481
65,1,-869.197
66,0,-881.438
67,1,905.765
68,0,-923.189
69,0,-907.007
70,1,912.235
71,1,943.686
72,0,-884.403
73,0,-905.01
74,0,-912.503
75,0,-864.308
76,1,918.634
77,1,891.036
78,0,-908.093
79,1,901.357
80,1,867.364
81,0,-889.53
82,1,948.84
83,1,915.803
84,0,-938.954
85,1,919.548
86,1,960.279
87,0,-865.639
88,0,-903.365
89,0,-925.051
90,1,938.741
91,1,911.296
92,1,949.463
93,1,908.327
94,0,-907.478
95,0,-936.173
96,1,885.268
97,1,936.408
98,1,899.788
99,0,-918.883
100,1,880.386
101,1,906.958
102,1,936.25
103,1,930.051
104,0,-881.521
105,1,911.248
106,1,944.883
107,1,924.505
108,0,-915.691
109,1,895.766
110,0,-886.538
111,0,-920.463
112,0,-895.989
113,0,-912.809
114,1,944.883
115,0,-900.842
116,1,912.279
117,0,-892.345
118,1,900.396
119,0,-896.689
120,0,-922.649
121,1,905.765
122,0,-903.399
123,1,-864.405
124,0,-866.373
125,1,943.725
126,1,893.594
127,1,892.497
128,1,879.104
129,1,932.218
130,1,946.74
131,1,896.544
132,0,-937.307
133,1,937.369
134,0,-909.79
135,1,915.218
136,1,908.003
137,0,-901.933
138,1,891.784
139,0,-917.372
140,1,914.257
141,0,-860.018
142,1,951.269
143,1,920.992
144,0,-890.161
145,0,-902.224
146,1,940.829
147,1,923.104
148,1,963.312
149,1,-880.947
150,1,940.789
151,1,934.435
152,1,930.902
153,0,-930.028
154,0,-858.05
155,0,-900.123
156,1,937.616
157,0,-899.319
158,0,-901.84
159,0,-924.097
160,1,912.423
161,0,-918.204
162,0,-936.81
163,0,-900.766
164,1,888.61
165,0,-908.898
166,0,-921.996
167,1,933.572
168,1,947.605
169,1,891.639
170,1,890.695
171,1,958.783
172,1,915.145
173,0,-884.175
174,0,-895.647
175,1,939.424
176,0,-879.651
177,0,-921.002
178,0,-908.141
179,0,-895.312
180,1,955.818
181,0,-915.691
182,0,-893.563
183,1,883.115
184,1,912.809
185,0,-951.436
186,0,-914.028
187,1,925.262
188,1,889.012
189,1,919.599
190,0,-883.132
191,0,-880.241
192,1,929.743
193,0,-896.689
194,1,904.939
195,0,-915.691
196,1,888.199
197,1,915.012
198,1,931.227
199,0,-865.639
200,1,891.577
201,1,895.371
202,0,-926.038
203,1,883.181
204,1,879.104
205,0,-929.598
206,1,918.629
207,1,906.958
208,0,885.643
209,1,932.532
210,0,-918.642
211,0,-917.829
212,1,920.925
213,1,885.873
214,1,901.722
215,0,-883.228
216,1,881.554
217,0,-902.195
218,1,874.879
219,1,919.1
220,1,935.949
221,0,-894.166
222,0,-881.812
223,1,912.245
224,0,-936.208
225,0,-898.334
226,1,936.255
227,1,923.726
228,0,-912.809
229,1,949.463
230,0,-930.062
231,0,-891.419
232,0,-912.809
233,1,918.634
234,1,884.348
235,0,-904.757
236,0,-891.917
237,0,-912.969
238,1,898.99
239,0,-913.201
240,1,934.435
241,0,-934.489
242,0,-930.163
243,1,917.001
244,0,-878.621
245,1,912.744
246,0,-909.897
247,0,-925.65
248,1,920.229
249,1,949.922
250,1,885.784
251,1,960.279
252,1,899.376
253,1,885.342
254,1,915.644
255,0,-903.365
256,1,949.463
257,1,905.055
258,0,-912.503
259,1,951.239
260,0,-894.695
261,1,927.883
262,0,-908.144
263,0,-893.689
264,0,-911.867
265,0,-893.024
266,0,-904.833
267,1,891.862
268,1,899.402
269,1,901.204
270,0,-907.41
271,1,880.233
272,1,917.27
273,0,-885.544
274,1,-898.24
275,1,927.935
276,0,-905.455
277,1,916.555
278,1,950.63
279,1,899.461
280,1,926.255
281,1,888.98
282,0,-901.858
283,0,-897.026
284,0,899.374
285,0,-868.351
286,1,954.169
287,1,934.273
288,0,-891.521
289,0,-914.131
290,0,-880.328
291,0,-900.353
292,0,-915.424
293,0,-907.226
294,1,892.108
295,0,-953.773
296,1,916.9
297,0,-884.175
298,0,-893.689
299,1,891.862
300,0,-887.208
301,0,-915.691
302,1,908.364
303,0,-905.985
304,1,934.517
305,0,-904.757
306,0,-937.618
307,0,-884.175
308,0,-939.057
309,0,-917.338
310,1,933.768
311,0,-915.971
312,1,907.885
313,0,-900.546
314,1,919.929
315,1,870.777
316,0,-888.734
317,0,-900.353
318,0,-919.095
319,0,-901.087
320,0,-952.58
321,1,932.532
322,1,928.345
323,0,-903.094
324,1,918.194
325,1,915.138
326,1,911.297
327,1,917.678
328,1,926.876
329,0,-928.506
330,0,-946.219
331,0,-903.38
332,1,885.048
333,1,935.74
334,1,934.667
335,0,-885.51
336,1,944.883
337,1,930.474
338,1,-861.001
339,0,-923.651
340,0,-906.739
341,1,-880.947
342,0,-907.985
343,1,899.788
344,0,-902.191
345,1,890.412
346,0,-906.502
347,0,-888.993
348,1,953.01
349,0,-919.656
350,1,958.783
351,1,919.885
352,0,-896.549
353,0,-904.057
354,0,-907.487
355,0,-894.752
356,0,-898.346
357,1,945.1
358,0,-884.379
359,1,928.899
360,1,920.944
361,1,904.823
362,1,908.506
363,1,938.753
364,0,-867.887
365,0,-873.887
366,0,-887.842
367,0,-908.141
368,1,905.595
369,0,-946.412
370,0,-938.954
371,1,889.941
372,1,924.082
373,1,945.1
374,1,920.472
375,1,902.198
376,1,943.133
377,1,866.229
378,1,893.288
379,1,876.947
380,0,-915.381
381,0,-920.289
382,1,927.751
383,1,915.145
384,0,-926.373
385,1,877.77
386,1,919.688
387,0,-915.253
388,1,882.982
389,1,898.209
390,1,909.815
391,1,904.731
392,0,-898.043
393,1,946.088
394,0,-897.764
395,0,-899.337
396,1,923.104
397,1,873.442
398,0,-926.881
399,0,-895.356
400,0,-887.261
401,0,-913.805
402,0,-911.136
403,0,-899.936
404,1,876.911
405,1,862.634
406,0,-930.156
407,1,934.716
408,1,899.444
409,1,866.35
410,0,-878.304
411,0,-913.805
412,1,911.102
413,0,-904.589
414,0,-943.359
415,0,-894.657
416,1,932.01
417,0,-919.803
418,0,-894.647
419,0,-897.45
420,0,-903.629
421,0,-934.585
422,0,-880.947
423,1,936.343
424,1,953.781
425,0,-926.923
426,0,-928.912
427,1,929.247
428,1,923.714
429,0,-929.074
430,0,-925.499
431,1,938.655
432,1,916.555
433,0,-886.182
434,0,901.805
435,1,924.026
436,1,932.711
437,1,913.478
438,0,-912.809
439,0,-886.135
440,0,-921.542
441,1,918.907
442,1,917.329
443,0,-869.459
444,1,935.909
445,1,907.009
446,1,912.856
447,1,942.243
448,0,-875.132
449,1,963.312
450,1,919.701
451,0,-915.691
452,1,936.368
453,0,-922.562
454,0,-914.998
455,1,894.53
456,1,891.862
457,1,906.535
458,0,-880.947
459,0,-885.567
460,1,918.647
461,1,925.555
462,1,925.567
463,0,-881.479
464,1,891.862
465,1,866.659
466,0,-865.121
467,0,-939.858
468,0,-912.136
469,1,920.481
470,1,881.687
471,1,882.982
472,1,885.268
473,1,893.378
474,1,933.35
475,0,-861.201
476,1,939.268
477,0,900.522
478,0,-878.304
479,1,892.427
480,0,-856.794
481,0,875.612
482,1,881.299
483,0,-905.352
484,1,960.136
485,0,-916.288
486,1,891.939
487,1,956.354
488,1,911.917
489,0,-931.703
490,0,-951.838
491,1,930.903
492,0,-931.296
493,0,-917.372
494,0,-913.851
495,1,949.463
496,0,-882.584
497,1,902.893
498,0,-924.13
499,1,904.731
500,1,891.862
501,0,-921.927
502,1,917.456
503,0,866.086
504,1,952.614
505,0,-911.609
506,0,-947.026
507,0,-914.539
508,1,909.699
509,0,-916.288
510,0,-921.104
511,1,941.326
512,1,935.432
513,1,884.788
514,1,925.433
515,1,927.443
516,0,-899.407
517,0,-912.583
518,1,922.62
519,1,852.22
520,0,-937.307
521,0,-916.963
522,0,-898.906
523,0,-900.546
524,0,-888.983
525,0,-903.564
526,0,-903.338
527,0,-881.521
528,1,938.317
529,1,928.797
530,1,899.41
531,0,-931.384
532,1,913.143
533,1,892.959
534,1,917.456
535,0,-865.639
536,0,-917.411
537,0,-870.253
538,1,915.145
539,1,901.664
540,1,933.854
541,1,940.091
542,0,-927.34
543,0,-915.253
544,1,929.247
545,1,923.261
546,0,-863.908
547,1,915.424
548,1,902.203
549,0,-894.775
550,1,886.951
551,1,934.517
552,1,-896.967
553,1,930.28
554,1,936.523
555,0,-924.545
556,0,-875.132
557,0,-899.295
558,1,909.554
559,1,899.656
560,0,-902.336
561,1,948.318
562,1,877.736
563,1,911.631
564,1,884.694
565,1,901.381
566,1,899.376
567,1,954.451
568,1,909.858
569,0,-891.893
570,0,-915.085
571,1,915.036
572,1,921.094
573,0,-869.059
574,1,891.862
575,0,-898.847
576,0,-918.72
577,0,-877.99
578,1,945.58
579,0,-873.153
580,1,910.619
581,0,-912.347
582,1,910.057
583,0,-915.691
584,0,-921.104
585,0,-891.392
586,0,-874.61
587,0,-891.823
588,0,-894.681
589,1,905.765
590,1,890.695
591,1,921.911
592,0,-915.026
593,1,886.343
594,1,924.372
595,1,880.636
596,0,-895.936
597,1,938.775
598,0,894.671
599,1,950.041
600,0,-885.098
601,1,877.746
602,1,894.686
603,1,891.862
604,1,935.432
605,0,-922.703
606,0,-916.159
607,1,898.554
608,0,868.196
609,0,-921.542
610,0,-940.561
611,0,-916.195
612,0,-922.01
613,0,-912.347
614,0,-887.712
615,1,910.596
616,0,-903.503
617,0,-903.564
618,1,928.08
619,0,-940.283
620,0,-906.991
621,0,-915.253
622,0,-888.292
623,1,914.472
624,0,-894.775
625,0,-934.267
626,0,-901.114
627,1,905.765
628,0,-908.093
629,1,897.333
630,0,-869.459
631,0,891.883
632,1,891.939
633,0,-899.926
634,0,-915.938
635,0,-894.176
636,1,938.053
637,1,933.35
638,0,-895.989
639,1,913.364
640,1,946.41
641,0,-905.734
642,0,-886.672
643,1,910.327
644,0,-904.014
645,1,912.242
646,1,913.826
647,1,944.575
648,1,920.58
649,1,926.374
650,0,-895.555
651,0,-932.728
652,1,928.395
653,0,-937.508
654,0,-909.388
655,1,897.217
656,1,890.053
657,0,-921.488
658,1,909.554
659,0,-878.424
660,1,911.91
661,0,-921.104
662,1,931.834
663,1,922.538
664,0,-904.57
665,1,943.857
666,1,875.503
667,0,-899.407
668,0,-920.817
669,1,935.295
670,0,-880.619
671,1,921.144
672,0,-919.361
673,1,891.862
674,1,921.978
675,1,955.514
676,0,-903.308
677,0,-893.563
678,0,-932.032
679,1,923.261
680,0,-881.657
681,0,-899.035
682,0,-872.769
683,1,892.973
684,0,-920.289
685,1,912.245
686,0,-897.496
687,0,-909.36
688,1,931.596
689,0,-932.281
690,0,-901.908
691,0,-905.077
692,0,-875.132
693,0,-896.257
694,0,-883.805
695,1,929.247
696,1,898.209
697,1,916.9
698,0,-885.132
699,0,-895.098
700,1,904.731
701,1,877.534
702,0,-887.173
703,0,-903.998
704,1,912.245
705,0,-873.041
706,1,892.638
707,1,960.136
708,0,-893.328
709,1,945.1
710,0,-870.79
711,0,-879.355
712,1,931.765
713,1,913.674
714,1,910.493
715,0,-901.84
716,1,-879.433
717,0,-915.04
718,0,-881.252
719,1,881.191
720,1,891.862
721,1,899.41
722,1,901.803
723,1,937.586
724,1,898.784
725,0,-913.292
726,0,-884.301
727,1,920.382
728,1,940.124
729,0,-927.267
730,0,-891.913
731,0,-898.906
732,1,-870.28
733,1,892.856
734,0,-897.882
735,0,-911.146
736,0,-935.83
737,1,924.026
738,1,891.862
739,1,934.517
740,0,-921.381
741,0,-905.077
742,1,911.113
743,0,-929.598
744,0,-913.885
745,1,910.596
746,1,914.472
747,1,893.403
748,1,941.283
749,0,-910.227
750,0,-924.029
751,0,-891.893
752,1,930.103
753,1,940.548
754,0,-911.856
755,0,-880.778
756,1,930.237
757,1,921.351
758,0,-889.216
759,1,926.374
760,1,908.327
761,0,-873.887
762,1,915.747
763,1,873.476
764,1,915.803
765,1,923.158
766,0,873.666
767,0,-915.794
768,0,-892.116
769,1,913.431
770,0,-890.967
771,0,-876.486
772,1,885.318
773,0,-918.66
774,1,926.143
775,1,933.35
776,1,888.177
777,1,914.472
778,0,-927.985
779,0,-940.561
780,0,-908.355
781,0,-890.63
782,0,-942.997
783,1,896.502
784,1,878.545
785,0,-911.146
786,1,902.374
787,0,-886.086
788,1,871.97
789,1,916.298
790,0,-930.801
791,1,900.633
792,0,-912.868
793,0,-894.186
794,0,-906.895
795,0,-933.291
796,0,-877.878
797,1,903.949
798,1,911.828
799,0,-894.72
800,0,888.373
801,1,923.27
802,1,937.369
803,1,923.317
804,1,942.408
805,0,-885.462
806,1,887.813
807,1,896.29
808,0,-912.866
809,0,-925.489
810,0,-905.434
811,1,938.896
812,1,884.348
813,0,-899.272
814,0,-899.682
815,0,-888.218
816,1,879.676
817,0,-891.885
818,0,-917.288
819,0,-881.487
820,1,889.705
821,0,-932.498
822,1,941.283
823,0,-921.911
824,0,-897.044
825,0,-911.653
826,0,-920.734
827,1,951.519
828,1,875.495
829,1,-879.072
830,0,-910.844
831,1,896.828
832,1,926.212
833,1,919.933
834,0,-922.703
835,1,929.744
836,0,-899.926
837,0,-897.563
838,0,-915.48
839,0,-899.926
840,1,906.958
841,0,-905.295
842,0,-912.866
843,0,-903.987
844,0,-893.671
845,1,918.492
846,0,-922.562
847,0,-891.913
848,1,894.187
849,0,-886.796
850,1,916.855
851,1,-861.683
852,1,944.883
853,1,950.041
854,1,912.487
855,1,932.231
856,1,931.789
857,0,-897.385
858,0,-918.66
859,1,886.106
860,0,-896.689
861,0,-899.407
862,1,938.775
863,0,-900.786
864,0,-933.157
865,1,874.878
866,0,-916.804
867,0,-934.341
868,1,922.069
869,0,-893.343
870,0,-898.24
871,1,918.629
872,1,928.467
873,1,912.386
874,0,-904.722
875,0,-902.219
876,0,-900.766
877,1,936.343
878,1,936.019
879,1,922.23
880,1,921.351
881,1,940.046
882,1,934.686
883,0,-931.452
884,0,-884.379
885,1,933.137
886,0,-866.373
887,1,948.318
888,1,953.991
889,1,917.122
890,0,-901.394
891,1,891.182
892,1,905.331
893,0,-908.348
894,1,867.396
895,1,933.049
896,1,881.507
897,1,904.279
898,1,874.609
899,0,-919.5
900,0,-916.268
901,1,936.619
902,0,-864.308
903,1,912.245
904,0,-902.195
905,0,-891.917
906,0,-865.639
907,0,-884.379
908,0,-932.677
909,1,899.24
910,1,911.686
911,1,955.514
912,1,892.959
913,1,890.579
914,1,931.231
915,1,912.318
916,1,934.435
917,1,917.001
918,1,930.672
919,1,915.644
920,1,949.463
921,1,906.529
922,1,929.307
923,0,-898.043
924,1,869.695
925,1,888.949
926,0,-887.252
927,0,-913.437
928,1,933.35
929,1,924.026
930,0,-883.067
931,0,-906.895
932,0,-902.191
933,0,-885.442
934,1,906.958
935,1,884.857
936,0,-857.607
937,0,-901.05
938,0,-916.168
939,1,914.205
940,1,908.932
941,0,-929.178
942,0,-894.191
943,0,-944.805
944,0,-913.851
945,1,912.715
946,0,-940.34
947,0,-905.124
948,0,-927.108
949,0,-888.655
950,0,-936.244
951,0,-891.893
952,1,933.35
953,1,890.695
954,1,913.515
955,0,-922.03
956,1,914.6
957,1,899.763
958,0,-928.55
959,1,924.32
960,0,-903.435
961,0,-870.44
962,0,-913.742
963,0,-906.703
964,1,-870.28
965,0,-905.177
966,0,-894.775
967,0,-898.437
968,0,-891.823
969,0,-904.57
970,0,-907.715
971,0,-913.205
972,0,-928.189
973,1,861.467
974,1,921.952
975,1,958.161
976,1,932.398
977,0,-921.542
978,0,-911.751
979,1,881.931
980,0,-909.709
981,1,947.902
982,1,914.139
983,0,-902.195
984,0,-922.703
985,0,-945.195
986,0,-892.478
987,0,-900.294
988,1,904.284
989,0,-877.99
990,1,874.878
991,0,888.133
992,0,-866.559
993,1,915.145
994,0,-914.529
995,0,-920.463
996,1,880.738
997,1,915.21
998,0,-942.997
999,0,-923.452
1000,0,-901.114
