Subj,Class,risk_ori
1,0,-0.265241061856085
2,0,1.46666325484385
3,0,0.948335103185384
4,0,0.891890977900016
5,0,1.06013204280349
6,0,1.48116447028358
7,0,0.654677294784039
8,0,0.804873619069135
9,0,1.73928724209569
10,0,0.16990687939396
11,0,0.617590482815302
12,0,1.6148611144676
13,0,1.6521960785589
14,0,0.828814175691575
15,0,0.953493810140568
16,0,1.55142103172867
17,0,2.28923221810723
18,0,1.9704888810081
19,0,0.74859422491257
20,0,1.02140075881831
21,0,-0.331782652131514
22,1,0.633157534270634
23,1,1.54390344907574
24,1,-0.526397922958727
25,1,2.2963929066896
26,1,0.95959890783787
27,1,1.02433344569885
28,1,0.771904143461854
29,0,1.58298915894559
30,0,0.892451193467283
31,0,-0.372281659710797
32,0,-0.08112107348862
33,1,1.65461949603216
34,1,0.816855191190413
35,1,1.09300011600079
36,1,1.35780496230282
37,1,0.703346677469754
38,0,1.06903697175823
39,0,0.73707953480341
40,0,2.10993400888029
41,0,1.00584441068848
42,0,1.86946631250868
43,0,0.69383927754568
44,0,1.79222611827679
45,0,0.8609285124164
46,0,1.19140754349328
47,0,0.941109872827495
48,0,-0.509549996177299
49,0,1.21670235388431
50,0,2.24996070976588
51,0,1.46720684298753
52,0,1.03226222323419
53,0,0.978380295143278
54,0,0.293674280487334
55,0,0.925559484894188
56,0,0.678328375581895
57,0,1.50629563658345
58,0,0.600398986653048
59,0,0.633559874507231
60,0,1.81038615539463
61,0,1.47552959343069
62,0,0.558031315431528
63,0,0.869279621399428
64,0,1.55188791374078
65,0,1.9366076043209
66,0,-0.228349929794935
67,0,1.72802343744321
68,0,-0.731753966934762
69,0,-0.363415321123961
70,0,-0.0666682056405866
71,0,0.379968510409439
72,0,0.559776451405517
73,0,0.343207357500941
74,0,-0.313108169041596
75,0,0.586078505089921
76,0,0.526905014420721
77,1,-0.178085356543774
78,1,0.565523409038689
79,1,0.874148852530027
80,0,-0.755700483753724
81,1,2.06086228595798
82,1,0.507023023303965
83,1,0.883295379055863
84,0,-0.395799884885551
85,1,1.14487210245624
86,1,1.19847294797061
87,1,1.08055166186739
88,1,0.33560237452657
89,1,0.856844467000563
90,1,0.572863935896044
91,1,2.03440208601709
92,1,0.530850904791165
93,1,1.44401761570531
94,1,0.870084326827821
95,1,-0.0646755118989872
96,1,0.644716774944226
97,1,0.552976173859539
98,1,0.298438856426278
99,1,1.71276252533449
100,1,1.8774600650593
101,1,-0.391001588966758
102,1,1.32301710543228
103,1,0.657908756517988
104,1,1.56387877374765
105,1,1.06859267736623
106,1,0.656386283620804
107,0,-0.140969752795409
108,1,0.66219533979881
109,1,-0.843216600102424
110,1,1.93099531508812
111,1,0.579255639923827
112,1,1.98169150767256
113,1,1.8130740289849
114,1,0.72823578383669
115,1,-0.355093466282408
116,1,0.452201127029301
117,1,1.24355685132227
118,1,0.69864109043031
119,1,1.73642199841632
120,1,0.884177252977658
121,1,0.66219533979881
122,1,0.682977813129792
123,1,0.714687188253794
124,1,1.76846629553095
125,1,1.56384689824195
126,1,1.39174035750146
127,0,-0.682187169941305
128,1,0.577212166503085
129,1,2.22767788879598
130,1,1.19001231340787
131,1,0.570885437490585
132,1,-0.334715339012059
133,1,-0.406213691121943
134,1,2.06914218664412
135,1,1.02491835754454
136,1,0.0889738693368249
137,1,0.760640338809368
138,1,0.953091444948772
139,0,-0.431724634993494
140,0,-0.710501283902598
141,1,0.848837414715406
142,1,0.365802241915541
143,1,0.552509291847421
144,1,0.402247992547041
145,1,1.99887970110094
146,1,0.592473078611808
147,1,1.1987624237952
148,1,0.0954813322259221
149,0,-0.629740152112174
150,1,-0.353097444851746
151,1,1.75712866121735
152,0,0.199316394799098
153,1,2.054821705081
154,1,0.711517836207914
155,0,-0.323927679302079
156,1,0.140680532077048
157,1,0.653583113531062
158,0,0.836112748393525
159,0,-0.264056412375174
160,0,-0.170091603993148
161,1,1.79675508276043
162,0,-0.207277980639368
163,1,0.396793849570751
164,0,0.0274674543774953
165,1,0.781332806274265
166,1,1.9370358959651
167,1,0.199454278918679
168,1,2.18259398544432
169,1,1.61892564016981
170,0,-0.984205856791876
171,1,0.915635112191599
172,1,0.631029552818481
173,1,0.715787329703294
174,0,-0.325633329306547
175,1,2.39066049063074
176,1,0.863576863938723
177,1,1.83115735997119
178,1,0.384812277449473
179,1,0.902826247021813
180,1,1.02985546928296
181,1,0.907892245097647
182,1,0.0183116399660747
183,1,1.01944758714466
184,0,-0.812762620394365
185,1,2.07160509008691
186,1,0.0992386898266876
187,1,1.4500749571591
188,1,1.97493318428198
189,1,1.18393830843205
190,0,-0.230773347268195
191,1,1.5554181391849
192,1,0.753415108451479
193,1,1.88221640682269
194,1,1.05941427533469
195,1,2.47665413408226
196,1,0.434944619753332
197,1,0.864851815166729
198,1,0.668770220933876
199,1,1.84911407559231
200,0,-0.456926547228399
201,1,0.655147540583652
202,1,0.300076625822928
203,1,0.798431593557169
204,1,1.042538145351
205,1,1.60384546193768
206,1,0.472034770554366
207,1,0.719978470770658
208,0,-0.256062659824548
209,1,1.57300271265337
210,0,-0.676236890811421
211,1,-0.325089741162874
212,1,1.04715985481242
213,1,0.800964536610145
214,1,1.71273993771437
215,1,1.96773054154421
216,1,0.231207096386128
217,0,-0.380339929081746
218,1,-0.462130700349626
219,0,-0.373517063915652
220,1,2.14498617295202
221,1,0.230934247985137
222,0,-0.929904961040769
223,1,0.83850780732692
224,1,1.5707431307073
225,1,0.832064886213343
226,0,-0.170091603993148
227,1,1.05737080191395
228,1,1.66817475813642
229,1,0.797713826088378
230,0,0.0771335451226229
231,0,-0.168929542132354
232,1,1.21169328808424
233,1,0.331537848824364
234,1,-0.488905406965898
235,1,0.703825723837906
236,1,0.324425507833685
237,1,0.816855191190413
238,1,1.89170121912665
239,1,1.00748264244698
240,1,1.32137933603563
241,1,0.729451964208923
242,1,0.826554593745507
243,1,0.713448420261445
244,1,1.76446918807471
245,1,0.610781379745586
246,1,-0.073468483186565
247,1,1.63687108703651
248,1,1.728425802635
249,0,0.0253147766469179
250,1,0.790624072717815
251,1,0.991819365146457
252,1,0.952486566847191
253,1,1.04373330575732
254,1,1.0241383583777
255,0,-0.426987797124148
256,1,1.26260821055822
257,1,0.784850380045304
258,1,0.782973914503212
259,1,1.75636896454835
260,1,0.459780350032097
261,1,0.0503588385063512
262,1,1.34696362225124
263,1,0.970617461793436
264,1,1.05339960976689
265,1,0.435350323777424
266,1,0.786089148037654
267,1,1.18885025154707
268,1,0.422690199231063
269,1,1.08537606237214
270,1,0.813739957655972
271,1,1.18649137584934
272,0,-0.291987409932491
273,1,0.704694971041819
274,1,1.07691542780939
275,0,-0.411778102101218
276,1,1.53680773550866
277,1,1.36422502487047
278,1,1.35257485777398
279,1,0.383640927703093
280,1,0.978132143020712
281,0,-0.516080046686512
282,1,1.36002502218094
283,1,0.423562785267273
284,1,1.49767745011918
285,1,0.793781260407661
286,1,0.00722810682833805
287,1,1.02344423223905
288,1,0.565636298405899
289,1,0.324782864266087
290,1,0.814924607136882
291,1,-0.402622287689797
292,1,0.452668009041419
293,1,0.205809041881787
294,1,0.129464021306223
295,1,0.338338126370342
296,1,1.96737364747365
297,1,0.781757734130978
298,1,0.945979103958094
299,0,-0.779370813339398
300,1,0.679409423581179
301,0,-0.313941233009854
302,1,0.917993987889338
303,1,0.954439738520838
304,1,0.97744032695953
305,1,1.65372189028839
306,1,0.808974328006998
307,1,0.638905275535534
308,1,0.631896178658169
309,0,-0.0599191451804011
310,1,0.830111714539696
311,1,2.05242423901535
312,0,-0.599604826498725
313,1,0.664615393484575
314,1,0.531259015947512
315,1,0.591890004498614
316,1,1.40246057401027
317,1,-0.947045702479078
318,1,2.06397751949242
319,1,1.54878930762994
320,1,-0.486910281136846
321,1,0.879127287970462
322,1,0.268081138661836
323,1,0.451103606944027
324,1,1.89304951269872
325,1,0.24009602259308
326,1,0.606101744113752
327,1,0.423562785267273
328,1,1.73008949848407
329,0,-0.320332937037637
330,1,-0.079885206921917
331,1,1.04504850078386
332,1,0.934616005553938
333,1,0.127057851726823
334,1,-0.186858361575462
335,0,-0.26598369369484
336,0,-0.524940425076826
337,1,1.32499544572932
338,1,1.43044569007903
339,1,0.441767484919426
340,1,1.0485694383424
341,1,-0.414536441565105
342,0,-0.483608353529285
343,1,1.95182063817612
344,1,0.399155346632715
345,1,0.655436991453039
346,1,1.03102681902934
347,1,1.50384936056426
348,1,1.74164611779343
349,1,1.60465016736607
350,1,0.324065096797295
351,1,1.76316924209433
352,0,-0.281821125365279
353,1,2.14355400180193
354,1,2.051185471023
355,1,0.886326566920741
356,1,1.8357558513591
357,0,-0.00468558468512219
358,1,1.53445219864322
359,1,0.833995470266874
360,1,0.475922673700768
361,1,1.76958640323634
362,1,0.0168541420841735
363,1,0.652321757918597
364,0,0.00980634286901573
365,1,0.732210303672811
366,0,-0.491377172030847
367,0,-0.120730405246252
368,1,0.906707595616737
369,1,0.507718203152642
370,1,0.804896206689251
371,1,0.702705616132517
372,0,-0.222921738226255
373,1,1.96036742706674
374,0,-0.572717230515242
375,1,1.66059553513362
376,1,1.44377555577237
377,0,-0.108520647258298
378,1,1.60569933985966
379,1,-0.214055399639419
380,1,1.44273932564501
381,1,1.08192254305957
382,1,0.676284902161152
383,1,0.708579189130846
384,1,1.28832535239694
385,0,-0.852372414513845
386,1,0.780522329926123
387,1,0.565925774230484
388,1,0.646068432303786
389,1,1.37198996687862
390,0,0.230620065899008
391,1,0.88605371851975
392,0,-0.548309791880684
393,1,0.367581234264069
394,1,0.814860065361361
395,0,-0.385794072058036
396,1,1.53164902855347
397,0,-0.239118685331474
398,0,-0.385771484437921
399,0,0.26293082495469
400,1,0.506189959335708
401,1,1.15159857529631
402,1,-0.562506283413716
403,1,0.731469677658091
404,1,0.256042826664893
405,1,1.61863282551293
406,1,1.46412259032124
407,0,0.0967201002182716
408,1,0.586055917469806
409,1,0.000808044260689367
410,1,2.26412363942748
411,1,0.813196369512298
412,1,0.600863247300941
413,1,0.670723392607524
414,1,1.11569641280849
415,0,-0.343046456783999
416,1,1.42997880806691
417,1,0.277996649742256
418,1,0.690746631631355
419,1,1.10324171841715
420,1,1.40692746490428
421,1,0.502888031728147
422,0,-0.026414473713421
423,1,0.79371671863214
424,1,0.555624525381862
425,1,1.20431844152644
426,1,0.398209393297247
427,1,0.737774714652086
428,1,0.874323031855146
429,1,2.1351159548593
430,0,-0.668671393806571
431,1,0.115571989495723
432,1,1.53357961260701
433,1,1.51073657606984
434,1,1.884205761732
435,1,0.669059696758461
436,0,-0.111346404968155
437,1,1.14401433222644
438,1,0.469457164967075
439,1,-0.0751062525832153
440,1,0.272834603954776
441,0,-0.545655480161839
442,1,0.207754441741726
443,1,0.819793838267481
444,1,1.88387722620131
445,0,-0.871218343594774
446,1,0.493802683190338
447,1,1.02867081980205
448,1,1.89183910324623
449,0,-0.166863481091496
450,1,0.686974920586029
451,1,0.583139858012854
452,0,-0.766227179357326
453,1,0.683445590743521
454,1,1.69755283031156
455,1,0.66015140401622
456,1,1.81589644786246
457,1,1.6043123439498
458,1,0.728618900240666
459,1,1.00378097101184
460,1,0.854826753551395
461,1,0.616889378868534
462,0,-0.802019816265437
463,1,0.719955883150542
464,1,0.0647378766932784
465,1,1.15689562873293
466,0,-0.485790173431456
467,0,-0.106924369655205
468,1,0.177010986209083
469,1,-0.481249477831546
470,1,0.643011124939759
471,1,0.601448159146632
472,1,1.70242206144215
473,1,1.25150699628686
474,1,1.4799931205372
475,1,1.71853862513925
476,1,0.870377141484702
477,1,1.67331683766801
478,1,0.724061732554767
479,0,-0.394094234881084
480,1,1.02380158867145
481,1,0.159805136602269
482,0,-0.243160623413564
483,1,1.38719966190155
484,1,0.61554700939456
485,1,0.710310599106888
486,1,0.419462076329411
487,0,-0.373517063915652
488,0,-0.452144254057401
489,1,1.07622024796072
490,1,1.0177916631093
491,1,1.41655016132781
492,1,1.50429365495626
493,0,-0.442521557633862
494,1,2.3875452570963
495,1,1.00151876770155
496,0,0.257366413975415
497,1,0.982599033914713
498,1,-0.0778191458810592
499,1,1.74539524121864
500,1,0.921134548155591
501,1,1.07705331192897
502,1,1.67559900723419
503,1,-0.0019502952031982
504,0,-0.590739383513499
505,1,1.72091109645253
506,0,-0.642883786094247
507,1,-0.0314578841691389
508,1,2.04755500788475
509,0,0.154232491447438
510,1,1.71556569542423
511,1,1.05613493534725
512,0,-0.240334865703707
513,0,-0.398915118419993
514,1,0.429513064397157
515,0,-0.231201638912402
516,1,0.588009089143453
517,1,1.41538809946702
518,1,0.728930963685366
519,1,0.448023711959883
520,1,-0.777327339918656
521,1,0.537312896559021
522,1,0.529305844273865
523,0,-0.555979316630576
524,1,1.86829829045136
525,1,1.41740091757293
526,1,1.30709546998386
527,1,0.701466848140167
528,0,-0.35183608923928
529,1,0.915168230179481
530,1,1.75280301823043
531,0,-0.647956338721558
532,1,1.95094805213991
533,1,0.953091444948772
534,1,0.739032706477057
535,1,1.92947039896025
536,1,0.76432201903341
537,1,1.56504083560844
538,0,-0.941005121602099
539,0,-0.0822411811940093
540,1,1.58828621238221
541,1,1.54390344907574
542,1,1.56668194383739
543,1,0.681987197260009
544,1,0.622839657998419
545,1,1.33608780439079
546,1,0.802476153003486
547,1,1.11493381471384
548,1,1.46039879362784
549,1,0.55807080140105
550,1,0.842861808853711
551,1,2.15553557392321
552,1,0.596073343666122
553,1,1.21503865803525
554,1,0.434382295527756
555,0,-0.521464150052607
556,1,0.784518975020513
557,1,1.61779380134815
558,1,2.156253341392
559,1,2.45784969679489
560,1,1.28433647911626
561,0,-0.319528231609245
562,0,-0.423041906753704
563,0,-0.39059326357844
564,0,-0.391358483037312
565,1,0.676763973484503
566,1,2.17007216401166
567,1,0.97871768531979
568,1,0.921562803701367
569,1,0.586373941111028
570,1,0.259983784629585
571,0,-0.7197949824336
572,0,-0.535264261545563
573,1,0.702412801475635
574,1,1.18368558439537
575,1,0.96882214049526
576,1,0.568890311661533
577,0,-0.832892763633687
578,1,1.80180686054492
579,1,0.565230594381808
580,1,1.85092936314638
581,0,-0.669910161798921
582,1,0.941982458863705
583,1,1.4661010887267
584,1,0.53929229056609
585,1,2.00287680855718
586,1,0.447331895898701
587,0,0.537766478836609
588,0,2.09115215921303
589,0,0.63075670441749
590,0,0.980240158216975
591,0,0.206166398314189
592,0,1.71810792636279
593,0,0.586055917469806
594,0,0.624477889756917
595,0,1.14005917892561
596,0,0.634392938475489
597,0,-1.11002830431384
598,0,0.709904895082796
599,0,0.285697587636001
600,0,1.71797244937546
601,0,0.640456106972583
602,0,2.1087686081872
603,0,0.666658866905317
604,0,1.39054642013497
605,0,0.604857015924881
606,0,1.36648460681654
607,0,2.17577445911052
608,0,0.540147942154463
609,0,-0.103403432096671
610,0,0.730861547738897
611,0,-0.397168144713507
612,0,-0.131074207970879
613,0,0.366281288283693
614,0,0.531371905314722
615,0,-0.374234831384444
616,0,0.292520452802095
617,0,0.472932809537907
618,0,0.786668919416983
619,0,0.646487399963977
620,0,0.402247992547041
621,0,0.543578873846912
622,0,-0.134462289906312
623,0,0.276355541513309
624,0,-0.198845704616489
625,0,0.652823416862063
626,0,-0.521464150052607
627,0,-0.412244984113336
628,0,0.335222892835901
629,0,0.595234319501342
630,0,-0.285592836410605
631,0,0.434655143928747
632,0,-0.275857250619855
633,0,-0.665510714106086
634,0,-0.595904050665205
635,0,0.951942978703518
636,0,0.403056036807731
637,0,0.554008718929529
638,0,-0.202878532946534
639,0,-0.253259489734807
640,0,-0.730476608574502
641,0,0.549204462814214
642,0,-0.415057442088663
643,0,0.982599033914713
644,0,-0.353097444851746
645,0,0.829239128503486
646,0,0.66469209961613
647,0,0.246490596114966
648,0,-0.5921968813954
649,0,0.387171153147212
650,0,1.55897766711135
651,0,0.746550751491827
652,0,0.582776577482361
653,0,0.808870726525372
654,0,0.961954444703312
655,0,0.584012444049064
656,0,0.647649461824772
657,0,1.44565538510196
658,0,-0.283462233594226
659,0,-0.115790708242041
660,0,0.656132171301715
661,0,0.596289452191448
662,0,0.618414721259822
663,0,0.52932843189398
664,0,-0.414603859811075
665,0,0.845603520894004
666,0,1.03147065105949
667,0,-0.482987003341715
668,0,0.000949292167764973
669,0,1.7116424176291
670,0,-0.694613036454585
671,0,0.486892880064643
672,0,-0.369455877045742
673,0,0.528166370033186
674,0,1.4535841626373
675,0,0.488711419436322
676,0,0.651919417682
677,0,0.579571042200824
678,0,0.200939810751188
679,0,0.0970568699245163
680,0,-0.166030417123238
681,0,0.246871131515666
682,0,1.44085357221733
683,0,0.42551595694092
684,0,0.450135065988443
685,0,1.81587386024235
686,0,1.51831870049828
687,0,-0.710639168022179
688,0,0.919972486294797
689,0,1.56158731629588
690,0,0.171372770523899
691,0,0.924314756705316
692,0,1.05054793674786
693,0,0.426194509366003
694,0,-0.592174293775285
695,0,0.784181151604238
696,0,-0.1089649416503
697,0,1.79788358274979
698,0,1.47200865587216
699,0,1.13732432268345
700,0,0.139086717729761
701,0,0.842861808853711
702,0,0.742734377912187
703,0,0.6345058278427
704,0,1.74763835107872
705,0,0.348301089440842
706,0,1.60503011141859
707,0,0.818625816210164
708,0,0.412523914663851
709,0,-0.363958909267634
710,0,-0.402622287689797
711,0,0.546632817423445
712,0,1.17370509829967
713,0,1.06705847335277
714,0,-0.209996834133735
715,0,0.746145047467736
716,0,2.06485010552863
717,0,0.7688976518754
718,0,0.746550751491827
719,0,0.518756443302677
720,0,-0.40461741351885
721,0,0.597170863751396
722,0,0.479716459660292
723,0,-0.110226297262765
724,0,1.11210805700398
725,0,1.03901128369438
726,0,1.07170791090067
727,0,1.02258540829922
728,0,0.702299912108425
729,0,1.17998391296024
730,0,0.367443350144488
731,0,-0.0949653851540428
732,0,0.768138392613051
733,0,0.798479045547249
734,0,-0.321233881613712
735,0,0.88756533491309
736,0,-0.241097183736932
737,0,0.983834900481416
738,0,-0.620713854491558
739,0,1.30745236405441
740,0,-0.590333679489407
741,0,0.468871622667997
742,0,1.27820589237319
743,0,-0.559278160512063
744,0,0.798183609526142
745,0,0.470577272672465
746,0,1.2311695751769
747,0,0.758647620112571
748,0,-0.0620884503345719
749,0,1.85855693374086
750,0,0.0431981499239828
751,0,0.845603520894004
752,0,0.843157244874817
753,0,0.81016518164742
754,0,-0.621482839046143
755,0,0.562833128316158
756,0,0.807699376778993
757,0,-0.410140332704568
758,0,0.291615991260184
759,0,-0.205704290656391
760,0,-0.248457676850177
761,0,-0.498869265638008
762,0,0.0540176601844659
763,0,0.742486225789621
764,0,1.83658891532736
765,0,1.38174551892526
766,0,0.461421458261044
767,0,0.446636716050025
768,0,0.65983934057152
769,0,1.92298826280297
770,0,1.6841783020839
771,0,1.27028884595412
772,0,1.802392402844
773,0,0.190427468592146
774,0,0.313921399850199
775,0,0.684638632508406
776,0,1.61766428455734
777,0,0.609908793709376
778,0,1.66411310890466
779,0,0.906845479736318
780,0,-0.941886533162046
781,0,-0.397865945926409
782,0,0.502730311735082
783,0,0.859287404187453
784,0,0.920793819146783
785,0,0.347268544370851
786,0,0.501388146451078
787,0,0.958815569838725
788,0,0.808597878124381
789,0,-0.689628046462673
790,0,-0.501292683111267
791,0,1.86996198630042
792,1,0.631162408441582
793,0,1.05488181391034
794,1,0.0199467879984995
795,1,1.74280817965423
796,1,1.32012575223687
797,1,1.53750291535733
798,1,0.893152333512482
799,1,0.770198493457386
800,1,0.812166267672994
801,1,0.812228341262631
802,1,0.489339156083831
803,1,1.65103401669811
804,1,0.369149000148956
805,1,0.459020653363098
806,1,0.830188420671251
807,0,0.172254644445694
808,1,0.0478870734414017
809,0,-0.720892502518874
810,1,2.10030797362445
811,0,-0.756060894790114
812,1,1.25859674965743
813,1,0.216442320430999
814,0,-0.600181346060441
815,1,0.944858996252705
816,1,1.02898288324675
817,0,0.574096932968644
818,0,-0.614682561500164
819,0,1.21601893107117
820,0,2.09756932035504
821,0,1.27120170074407
822,0,2.05242423901535
823,0,-0.411082922252542
824,0,1.10936407098466
825,0,1.02462888171996
826,0,1.68734188321003
827,0,1.76799012563324
828,0,0.481438737088353
829,0,-0.902277201404414
830,1,1.28457622897173
831,0,-0.488438524953779
832,0,1.2311695751769
833,0,0.396816437190867
834,0,-0.161273612998002
835,0,0.608811273624102
836,0,0.644781749959509
837,0,0.773297099568234
838,1,1.86023999612522
839,0,-0.639791140179921
840,1,1.68936293549149
841,1,0.435054887756317
842,1,0.735731241231344
843,1,-0.218206863301226
844,1,1.5339853166311
845,1,0.956592416251416
846,1,1.26541138064797
847,1,0.500561031536109
848,1,0.537628594717028
849,1,0.0343658054842766
850,1,0.365802241915541
851,1,1.70435310785753
852,1,0.823246895218197
853,1,0.701466848140167
854,0,-0.456208779759607
855,1,0.48173417310946
856,0,-0.0423193236298295
857,1,1.36144119636082
858,1,2.07284385807926
859,1,1.2827465879731
860,1,1.03658786622112
861,1,-0.133333789916948
862,0,-0.0626094508581294
863,1,0.599990661264731
864,1,0.657100712257299
865,1,1.8410143144278
866,0,-0.424905108659697
867,1,0.954253506809567
868,1,1.31426699504495
869,1,1.32270504198758
870,1,-0.369455877045742
871,1,1.36980665878841
872,1,1.85902717954048
873,1,1.231575279201
874,0,-0.369925660483507
875,1,0.57133569207911
876,1,0.238029961552222
877,1,0.955134918369515
878,1,0.928855452305226
879,1,0.914048122474092
880,1,0.438713709434432
881,1,-0.291231052095789
882,1,1.04300502736312
883,1,1.45129360078714
884,1,1.02146530059383
885,0,-0.536344847183
886,0,0.330724909220415
887,1,1.85943791206105
888,1,0.500223208119835
889,1,0.366345830059214
890,1,1.68810157987903
891,1,0.335036198762781
892,1,0.500084861638406
893,1,0.500561031536109
894,1,0.921086633803664
895,0,1.81500723440266
896,0,-0.39847082402799
897,0,1.72800084982309
898,0,-0.252493844012519
899,0,-0.413013968667921
900,0,1.95059026246775
901,0,2.30278748021149
902,0,0.606793560174935
903,0,-0.130941352347779
904,0,-0.463813762733978
905,0,0.219248111884966
906,0,0.832881322758007
907,0,0.649518587828856
908,0,0.632439766801842
909,0,0.901951253853348
910,0,0.836039406049464
911,0,0.83769976306623
912,0,-0.340276848565688
913,0,0.620342898181098
914,0,0.679513025062805
915,0,1.07285334533787
916,0,0.737912598771668
917,0,0.680751793055154
918,0,1.77714594004466
919,0,-0.537200805795617
920,0,-0.0697834391750281
921,0,-0.804082975880648
922,0,-0.576466353940452
923,0,1.18117996896816
924,0,0.0399499026580212
925,0,0.52602650428642
926,0,1.85914247603994
927,0,0.699423374719425
928,0,-0.394927298849341
929,0,1.51668093110163
930,0,1.19676729796615
931,0,-0.791625233861667
932,0,0.415870672897266
933,0,1.65800847356921
934,0,1.5180292246737
935,0,0.503386789245966
936,0,0.642988537319643
937,0,-0.0965390751370202
938,0,1.43912533459275
939,0,1.51643933353055
940,0,-0.373922767939744
941,0,0.579571042200824
942,0,0.167047127536973
943,0,0.71975256165383
944,0,-0.209295694088536
945,0,0.669603284902134
946,0,-0.186168952646535
947,0,0.594539139652666
948,0,0.353418304602468
949,0,1.23186475502558
950,0,0.49045926378922
951,0,1.5497573358796
952,0,-0.621546918459815
953,0,-0.116080184066625
954,0,1.82404501898051
955,0,-0.0538140474830989
956,0,0.668341929289669
957,0,1.8454552539142
958,0,0.886935130079698
959,0,-0.136232914926063
960,0,1.79552804588435
961,0,1.5342973800758
962,0,0.0519314747792988
963,0,0.192493529633004
964,0,0.702184615608959
965,0,0.710310599106888
966,0,-0.617485731589906
967,0,0.293254223018682
968,0,1.22385664903039
969,0,1.93409724888804
970,0,0.584893855609011
971,0,-0.066957681465171
972,0,0.784634733881826
973,0,1.90265861350672
974,0,0.126995620028767
975,0,0.378327402180492
976,0,1.96409764631851
977,0,-0.142627488447949
978,0,0.68948527601889
979,0,-0.40098117946085
980,0,0.522911270751978
981,0,-0.50240945198436
982,0,2.10641307132176
983,0,1.31272105895116
984,0,-0.191679245114371
985,0,1.24860787127775
986,0,0.489767447728038
987,0,0.657644300400972
988,0,1.72162886392132
989,0,0.50085384619299
990,0,0.837975950299518
991,0,0.713425832641329
992,0,0.768971456581308
993,0,-0.85603123619196
994,0,1.35334097283447
995,0,0.334341018914105
996,0,0.231750684529801
997,0,2.01086127322222
998,0,0.355188929622219
999,1,0.698818496617844
1000,0,-0.198076720061904
