Subj,Class,risk_ori
1,1,2.39932704544212
2,1,2.64718536611212
3,1,0.00459290390870543
4,1,2.57193722154006
5,1,3.49451185979936
6,0,2.48719856483719
7,1,3.67816595066719
8,1,2.36292009539412
9,0,1.54615994590422
10,1,5.06769110360118
11,0,1.2783835147092
12,0,2.59143912859038
13,0,1.06306713756585
14,1,3.75676610131439
15,1,0.593074667439312
16,0,1.6528943817014
17,1,3.51256575018512
18,1,3.80832425071729
19,1,2.57506607880569
20,1,4.68330548347285
21,1,0.161796807088055
22,1,0.295485180538278
23,1,3.86945739729059
24,1,3.59347412380264
25,1,3.53960374823242
26,1,4.44844235500025
27,1,2.52220605530902
28,1,2.54518187358912
29,0,2.38663421482534
30,0,1.06570714995107
31,1,3.63279313715829
32,0,1.18523369556422
33,1,2.48762563025427
34,1,3.71564068180101
35,1,2.43644817237918
36,0,2.58260090073119
37,1,3.56356006387692
38,0,1.47990224500418
39,0,2.56454701034544
40,0,1.87150302642742
41,0,2.62618955770956
42,1,3.64315846019535
43,1,2.4291854013761
44,0,1.1083127714221
45,1,3.64074692352512
46,0,1.41359010918388
47,1,5.06045463782975
48,0,2.65295251074245
49,0,1.67993065472818
50,1,2.71555097303029
51,0,1.30501902755054
52,0,1.51491100454749
53,0,2.61217787564028
54,0,1.53605857281382
55,1,3.67103234487618
56,1,4.66671563973016
57,0,2.48257580621933
58,1,3.79027796541348
59,1,3.75008261154123
60,1,0.167555077564976
61,0,2.15261757216021
62,1,3.61695979882262
63,1,3.62774331312335
64,0,1.35309194783223
65,1,3.7213743720668
66,0,2.40288697355139
67,0,1.33978998127639
68,0,2.58658789425755
69,0,1.29467224356074
70,0,1.41359010918388
71,0,1.05200269818927
72,1,3.92015335482832
73,0,1.50841316384798
74,1,3.76493590846155
75,0,2.57546729494018
76,0,1.65794420573634
77,1,2.85932374444174
78,1,3.74016610765463
79,1,2.5199948333614
80,0,1.35756294658631
81,0,1.36570817352234
82,1,3.76280529686715
83,1,2.61342557758223
84,1,3.9086525199322
85,0,1.54152021215718
86,0,2.58909874143071
87,0,1.41194272294735
88,0,1.24605961183003
89,1,0.43628085454787
90,0,1.24869962421525
91,1,2.49082794874023
92,0,2.18932815286031
93,1,3.86453673846772
94,0,2.39389698582842
95,0,1.33937989098849
96,0,1.49333510179261
97,0,1.27235803965474
98,1,2.6291390808083
99,1,3.4562556769523
100,1,2.81152241913342
101,0,2.61228479122514
102,0,2.66219042289621
103,0,1.30278150037127
104,1,3.65186752284248
105,1,3.90654821356945
106,0,2.44573606030717
107,1,3.65872020355765
108,0,1.42956194283408
109,0,2.40465825050196
110,0,1.5839890633342
111,1,3.70673130443126
112,0,2.2209573297958
113,0,2.53004765159296
114,0,1.48743833600115
115,1,0.329784224568133
116,1,3.45191384341028
117,1,2.42243248488334
118,1,3.78679319224132
119,1,0.466165059764441
120,0,2.46170789395737
121,1,2.38617729469912
122,1,3.78956997492055
123,1,3.5002531551471
124,0,2.61007356927752
125,0,1.50480963145709
126,0,1.35210303226346
127,1,2.80928534790321
128,0,1.31703938185083
129,1,3.47646557449555
130,1,3.04299835991625
131,1,0.258774599838184
132,1,0.412165518982149
133,1,3.40723250121418
134,1,2.30179455390276
135,0,1.44865330364746
136,1,2.17654930759359
137,1,3.40370242781405
138,0,1.50943239007494
139,0,1.42841355139505
140,0,2.22745517049531
141,0,1.17692584905158
142,1,3.77392589618452
143,1,3.71558452186022
144,1,2.88636001746852
145,1,3.63698122527712
146,0,1.4461424564743
147,1,3.58781343880812
148,0,2.44868685247738
149,1,0.24534346807028
150,0,1.38447005440102
151,1,2.4331425401933
152,0,1.66218226962939
153,1,3.83764289520225
154,1,0.404621822903232
155,0,2.61648985447314
156,1,0.281314478547785
157,0,1.54195488265622
158,0,2.51674568503712
159,1,2.28795333184696
160,0,2.65756766427836
161,1,2.41364996324544
162,0,1.49879501611545
163,0,2.4576215899281
164,1,2.85888734892218
165,1,3.68854824883343
166,1,3.64358598156149
167,1,0.440592833380735
168,0,1.12470968492997
169,0,1.53296489493324
170,1,0.518817619405595
171,0,2.73728635165544
172,0,2.34847734248119
173,1,3.77965958645031
174,1,3.55501002115101
175,1,0.416477497815019
176,1,3.81423955555601
177,0,2.51382474757606
178,0,2.57838823240124
179,0,1.41656548156521
180,1,2.25613882975861
181,1,4.62638500522949
182,1,3.74191280439407
183,1,2.4157542696082
184,0,1.69831402504862
185,0,1.50338792002416
186,1,2.71082890390952
187,0,1.43341977114837
188,1,2.5545748024671
189,1,2.65909674501564
190,1,4.71244251338488
191,1,3.78842158348152
192,1,3.66222397172613
193,1,3.61540486657318
194,1,3.60616695441942
195,1,3.76059407491953
196,0,1.34172027814817
197,0,2.61509881310134
198,0,2.42345171111031
199,0,1.63737946817742
200,0,1.2198047905165
201,1,4.78053120065376
202,0,2.5324591882632
203,0,2.5798091284822
204,1,2.68151786450651
205,1,4.72443090298623
206,0,2.2987457203011
207,1,3.42527878651799
208,1,3.50710583586227
209,1,3.72117405734418
210,1,3.68103440746366
211,0,2.37833524246612
212,0,1.45184629203094
213,1,3.73216549144948
214,0,2.47373757836013
215,1,3.89786900563147
216,0,1.29731986102791
217,0,1.39054082968345
218,0,1.36109301998644
219,1,2.58849721057359
220,0,1.29366062241573
221,1,4.45597844599722
222,0,2.38894474727588
223,0,2.51674568503712
224,1,3.66194304665029
225,1,2.42088642901687
226,0,2.40732811759632
227,1,2.26277344075213
228,1,3.75275247863559
229,0,1.41400019947178
230,1,3.77372730648242
231,0,2.40968349432577
232,0,1.4430379188809
233,1,0.375355627779141
234,1,3.35902108561796
235,0,1.23356540221909
236,1,3.78986787512557
237,0,1.41052628601245
238,1,2.44726514104445
239,1,3.56318870245158
240,0,2.39861905494919
241,0,1.79445420614471
242,0,2.51915722170736
243,1,3.70662438884639
244,1,3.33774435213956
245,0,1.39597088929715
246,1,3.54523285349727
247,0,1.14309305525042
248,1,0.363980408617576
249,1,3.66713136599976
250,1,3.47572772929348
251,1,2.58199176479213
252,1,2.51060190448342
253,1,3.55219726834628
254,0,1.41432795438595
255,0,2.42989339186902
256,0,2.45510313767299
257,0,1.52024220960732
258,0,2.56454701034544
259,0,2.68494102232177
260,0,1.34146194772404
261,1,3.51300214570467
262,0,2.5484310219134
263,0,2.70547945464904
264,1,4.58306966824502
265,1,3.40649420006306
266,0,2.4954975371964
267,1,3.56651085604713
268,0,2.49011950229824
269,0,1.3574074761426
270,0,1.45072775530106
271,0,1.48523471913549
272,1,2.57282900757548
273,1,3.57377362705021
274,1,3.34810080102321
275,0,2.41222419620808
276,1,3.61091887824934
277,1,4.87688288233566
278,0,2.25779707570796
279,1,3.80863503050228
280,0,2.3117667617811
281,0,2.49653578749386
282,0,1.6027526692334
283,1,2.50809105731026
284,0,1.58944897765704
285,0,2.43278893376699
286,1,3.68813815854553
287,0,1.46405957656605
288,0,2.80101095575512
289,0,2.6578485893542
290,0,1.115719697207
291,0,1.33403044172801
292,1,2.36502800141226
293,1,4.70569360231867
294,1,4.76496945729147
295,0,2.36868724002445
296,1,3.3346248249764
297,0,1.25473881976801
298,0,2.53985112447834
299,1,3.63310391694328
300,0,1.33917957626586
301,1,3.78438165557109
302,1,0.363824938173863
303,1,3.5776314553645
304,0,1.59658258344806
305,0,2.56440285556361
306,0,2.61217787564028
307,0,2.33056022238945
308,1,2.85206097343866
309,0,1.42410157256218
310,0,2.2641657511954
311,1,3.56443640439353
312,1,2.43789446402323
313,1,3.50276400232025
314,0,1.23564745895464
315,1,3.97829613945053
316,0,2.37343916385437
317,1,3.76547516396152
318,1,3.63561476411644
319,0,1.21508272139573
320,1,3.54927633088521
321,1,2.25850552214994
322,1,3.98626690094653
323,0,1.11793091915462
324,0,2.42593625305182
325,1,3.64287753511952
326,0,0.890586126679975
327,0,2.54116825091033
328,0,1.52218138063251
329,0,1.6509623598091
330,1,0.247144599729992
331,1,0.584775695080092
332,1,3.76534599874945
333,1,2.76559337499537
334,0,1.28639957643317
335,0,2.61689994476105
336,0,1.57066484715116
337,0,1.55274012197747
338,1,2.79514049519531
339,0,2.53004765159296
340,1,3.69009831012645
341,0,1.66693419345931
342,1,3.67463587726707
343,1,3.63561476411644
344,0,1.48561495471425
345,1,3.61152040910645
346,1,2.53229045327024
347,0,1.60780249326834
348,0,2.23207792911317
349,0,2.6236787105364
350,0,2.30996563012139
351,0,2.30925591460794
352,1,3.75202178256642
353,1,3.57882345108515
354,0,2.36205262903092
355,1,0.238974792582834
356,1,0.254817461020975
357,1,2.27244774842545
358,1,3.85361472885245
359,1,3.82655215059403
360,1,3.90908891545175
361,0,2.45789490992199
362,1,3.76900523736164
363,1,2.74264340599787
364,0,2.59102903830248
365,1,4.3054091538114
366,1,3.67316295647057
367,0,1.20874035113992
368,0,1.26020045911137
369,0,2.50596217073638
370,0,2.40760904267216
371,0,1.3256192792859
372,0,2.64678414997762
373,1,3.71992635540223
374,1,2.66597882672047
375,1,0.380077696899912
376,1,4.89749246417348
377,0,2.83017784037629
378,0,2.41841886220454
379,0,2.64172499584021
380,1,3.60103479501073
381,0,1.24255538994205
382,0,2.61397900729999
383,1,4.62604792021286
384,0,2.45299883131024
385,0,2.95556724146729
386,0,1.69003963290053
387,0,1.19967644847714
388,1,3.71530359678437
389,1,3.55053902239693
390,0,1.44062638221066
391,0,1.38742084657123
392,0,1.12725038681228
393,1,4.62176224661164
394,0,1.41655787648326
395,0,1.33432834193303
396,0,2.73743811151922
397,0,2.39597904256398
398,1,4.68283923324415
399,0,1.50074030255699
400,0,2.6957245366225
401,0,2.48691763976134
402,0,2.60963717375797
403,0,1.62978894226018
404,0,1.78069359444212
405,0,2.92126819743744
406,0,2.3870144504041
407,0,1.39774744074574
408,1,3.47042510987132
409,0,2.55490255738127
410,0,2.43997778983025
411,1,2.84964943676842
412,0,2.8355103145076
413,0,2.66018897651388
414,1,3.87669386306202
415,1,3.65465042093807
416,1,2.33809504431495
417,0,1.45103498560854
418,0,2.60756272210437
419,1,3.7470187883698
420,0,2.5509717237957
421,0,1.39774744074574
422,0,1.56964562092419
423,1,3.3961680618376
424,0,2.32088591471613
425,0,2.39356750589374
426,1,4.63495729758261
427,1,3.44587337878605
428,1,2.26738859428804
429,1,-0.0931946634238989
430,1,2.53583704585049
431,0,1.47051058742723
432,1,3.48641193309129
433,0,1.54768857292201
434,1,2.3037960002851
435,0,1.35309194783223
436,1,0.454634370159165
437,0,1.42156087067988
438,1,2.44024984075268
439,1,2.4291854013761
440,1,3.44825506074714
441,0,1.33834242056088
442,0,1.09780257711526
443,0,2.83695660615165
444,0,2.73980480391054
445,0,2.53258835347526
446,1,3.57882345108515
447,0,2.69173754309615
448,1,0.342705955545215
449,0,2.48257580621933
450,0,1.12663998180175
451,1,2.50151215253804
452,1,4.70135176877665
453,1,3.67986016674204
454,0,1.29871217147118
455,1,4.42643132579729
456,0,2.40719895238426
457,0,2.56675823229305
458,1,3.90657806827859
459,0,1.46919173597472
460,0,1.56353124136015
461,0,1.41049643130331
462,0,2.62367871053641
463,1,3.74993972583086
464,1,4.80822863433515
465,0,1.39851159117945
466,0,1.18957552910623
467,1,4.91553874947729
468,1,3.63754506098821
469,0,2.57800799682248
470,1,0.0634436790238319
471,0,2.78519459254862
472,0,1.24097993308594
473,1,0.222722033856788
474,1,2.83842952694814
475,1,2.3966870330569
476,1,2.6609531269476
477,0,2.46211798424528
478,0,2.546300410319
479,1,4.69871175639143
480,1,2.46128082854029
481,1,3.61769764402469
482,1,3.43063584086042
483,1,2.8227423289537
484,1,4.54455795588521
485,0,1.35868148331619
486,1,0.261129976567631
487,1,2.69760800365595
488,1,2.58592305432675
489,1,3.55531725145849
490,0,2.3488874327691
491,0,2.64647691967014
492,1,3.66950371785839
493,0,2.3990291452371
494,1,2.80680035001265
495,0,2.70590824508664
496,0,1.20681005426815
497,0,1.58297744218918
498,0,2.52532558247218
499,0,1.69105125404555
500,1,3.62198331762591
501,0,1.33205530057732
502,1,2.5564017834094
503,1,3.83493345832699
504,1,3.63323308215535
505,0,1.5255729587181
506,1,2.75858893441643
507,0,2.45289952080732
508,1,0.420464491341371
509,1,2.85681289726858
510,1,3.88835016840186
511,0,2.3143074636634
512,0,2.61468872281344
513,1,3.62995453507097
514,1,4.68258816287745
515,1,3.45135959834054
516,0,1.31021300636731
517,1,2.83607415021869
518,1,2.20836380968194
519,0,2.60922708347007
520,0,1.51491860962943
521,1,3.53485942948444
522,1,2.51972105741845
523,1,3.54818364566748
524,0,2.46632304749328
525,0,1.43210264471639
526,0,1.90331752851577
527,0,2.46368303510806
528,0,2.45541036798048
529,0,1.51699306128304
530,0,1.45337537276823
531,1,2.25419354331707
532,1,3.37191423095735
533,1,4.75136431603259
534,0,2.65756766427836
535,1,0.409525506596932
536,1,4.69894023210642
537,0,2.3275831249876
538,1,3.85823748747031
539,0,1.1781000897732
540,1,3.70733283528837
541,0,2.8552838165313
542,1,2.59575998157667
543,1,0.600208273230327
544,0,1.33654128890116
545,1,2.93165049560368
546,1,3.51680553909869
547,1,2.69512300576539
548,1,3.89385538295267
549,1,3.59860628321132
550,0,2.30704469266033
551,1,3.78156890276635
552,0,2.52532558247218
553,0,1.12470968492997
554,0,1.41178897752417
555,1,4.61054233679135
556,0,2.32088591471613
557,0,1.63131802299747
558,1,3.93320425101747
559,1,2.68169187399749
560,1,3.50276400232026
561,0,1.58721550608223
562,1,2.75742356784822
563,0,2.37551361550798
564,1,3.46859412350246
565,1,2.32690098377726
566,1,3.67303379125851
567,0,2.22745517049531
568,1,0.523440378023452
569,1,0.279103256600167
570,1,3.64721936866153
571,1,2.75043457278809
572,0,1.51699306128304
573,0,1.52078146510729
574,1,3.5910625871324
575,1,3.90908891545175
576,0,1.25444091956299
577,1,2.63853200745672
578,1,4.59721051552637
579,1,3.8117550136145
580,0,1.48648242107743
581,0,1.49404309228553
582,1,3.55615440716348
583,1,3.79268950208372
584,0,2.70085669603118
585,1,3.62127532713299
586,1,3.71503027679048
587,1,3.63561476411644
588,0,1.70082314720126
589,1,3.62536163116226
590,1,2.70197568648056
591,0,1.20429920709499
592,0,1.20902127621576
593,0,2.30704469266033
594,1,4.61054233679135
595,0,1.46108420418471
596,1,4.59457050314115
597,0,1.44567793126612
598,1,2.50638923615347
599,0,2.57828892189833
600,1,3.3002994757149
601,1,3.6779148803005
602,0,1.36832948575787
603,0,2.82810338872269
604,0,1.40899720527517
605,1,3.36672025214059
606,1,3.75202178256642
607,1,2.79989241902523
608,1,2.78194544422434
609,1,2.6655682804835
610,0,2.54026121476624
611,1,3.48080740803756
612,0,1.45365629784407
613,0,1.36391464694458
614,0,2.37343916385437
615,0,1.55276470218859
616,1,3.81901778461758
617,1,5.01757569636482
618,1,3.48692133388211
619,1,3.6060676439165
620,1,2.63667517180528
621,0,1.14248265023989
622,0,1.45171712681888
623,0,2.54380826329554
624,0,2.68966309144255
625,0,1.54921765365929
626,0,1.68498047876312
627,1,3.797104340897
628,1,4.8284131363153
629,1,2.31971167399451
630,1,3.95196785691667
631,1,3.90111815395575
632,0,1.24717814855992
633,0,1.65109152502117
634,0,2.61020273448959
635,1,3.66740296097314
636,0,1.27353228037636
637,1,4.69013185895637
638,1,4.69305279641743
639,1,2.41516971388026
640,1,3.68174285390564
641,0,1.3757609917539
642,0,1.24039938278456
643,1,4.61026141171551
644,1,0.359232034265157
645,1,2.44781984206324
646,1,0.401951955808865
647,1,2.24002284132658
648,1,4.70356299072427
649,0,2.76671191172526
650,1,2.36990909045424
651,1,3.59347412380264
652,0,2.58260090073119
653,0,2.23207792911317
654,0,2.59592511691423
655,0,1.40085197833914
656,0,1.34243759874356
657,0,1.33374951665216
658,0,1.33917957626586
659,0,1.4950623185125
660,1,2.44530899489008
661,0,1.399984967925
662,0,1.64576077591039
663,1,3.87920471023518
664,1,3.51761729924058
665,0,2.43071448211338
666,1,2.57516939473516
667,1,3.53221181201728
668,1,2.04050555741392
669,0,2.44149799641412
670,0,1.50452870638124
671,0,2.43410606019897
672,1,3.85823748747031
673,1,2.72030289686021
674,0,2.67816225654642
675,1,4.72445720821787
676,1,4.59428957806531
677,0,1.79680958287416
678,0,1.5338473508662
679,0,2.62814970929048
680,0,1.65896343196331
681,1,2.74512794793938
682,1,3.76313477680183
683,1,2.50877492354112
684,1,2.56315469990216
685,1,2.41085819099645
686,0,2.18932815286031
687,0,1.61255441709826
688,1,2.47947126862593
689,0,1.46414191193978
690,0,2.35705723991626
691,1,2.41799134083841
692,0,2.68966309144255
693,0,1.57909298472245
694,0,2.75086924328712
695,0,1.5051075316621
696,0,2.54129741612239
697,0,1.36510664266523
698,1,3.64287753511952
699,0,1.15464149985472
700,1,2.50877492354112
701,1,3.59494704459913
702,1,2.63375423434421
703,1,3.48638207838214
704,0,2.45048798413708
705,0,2.40047543688115
706,1,3.70525838363476
707,1,3.95196785691667
708,1,2.7110948394156
709,1,2.70446022842207
710,1,2.89956267352144
711,0,2.54884111220131
712,1,2.45873252157604
713,0,2.61509881310134
714,0,1.50549222638691
715,0,1.49153224511237
716,0,1.39285136213399
717,1,0.443414460338883
718,1,2.68128178370958
719,1,3.66991380814629
720,0,1.20554736275643
721,1,3.59832535813548
722,1,0.413611810626205
723,0,1.27028358800113
724,0,1.56462392657788
725,0,2.30704469266032
726,0,1.28119626751393
727,1,2.54703110638818
728,0,2.2209573297958
729,1,3.81439502599972
730,0,2.38928183229251
731,0,1.68851055216324
732,0,2.44441893387518
733,1,3.69012370568955
734,1,2.89506908011565
735,0,1.34817128900936
736,0,1.34454190510631
737,1,4.65555188985067
738,0,1.47515032117426
739,0,1.4669805140271
740,0,2.89895399353143
741,0,1.67419696446239
742,1,4.74306534367337
743,0,2.45775075514016
744,0,1.7879563654452
745,1,2.33561004642439
746,1,2.67311243251148
747,1,2.84277136049015
748,0,2.62088693828741
749,1,3.54761808493587
750,0,2.6738204230044
751,0,1.21156197809807
752,1,3.7063510688525
753,1,2.70238577676847
754,1,2.58833459099699
755,0,2.31666284039285
756,1,3.47839587136733
757,0,1.52527505851309
758,0,0.486012476727962
759,1,3.59890418341634
760,1,2.51142254100829
761,0,2.58079976907149
762,1,2.1628448558318
763,0,1.52065229989523
764,1,2.55416471217919
765,1,2.41295849193264
766,1,3.74052094767029
767,1,3.99413880788867
768,1,0.374945537491231
769,0,2.58287422072509
770,0,2.46368303510806
771,1,3.60870765630172
772,0,2.24581223558411
773,0,1.5452040309805
774,0,2.44177892148996
775,1,0.0955315011060731
776,1,3.38856820581789
777,0,2.49235702947751
778,1,4.81300686339671
779,0,2.7486580213395
780,0,1.62361885647484
781,0,1.45618812557296
782,0,2.48970941201034
783,0,1.55370364198314
784,1,4.65596198013858
785,0,1.55454125363718
786,0,1.31095130751844
787,1,0.277101810217836
788,0,1.26807236605352
789,0,2.33515312629816
790,0,2.35703093468461
791,1,4.74884586377748
792,0,1.41066917172282
793,1,3.66991380814629
794,1,3.77006806787022
795,0,1.46939205069734
796,1,3.5891798999688
797,0,1.48356148361638
798,0,2.55487270267212
799,1,2.7930660435417
800,1,0.361613716226247
801,1,3.40679610569463
802,0,1.64784283264594
803,0,1.50800307356007
804,1,4.57596236768565
805,0,1.4063273381808
806,1,3.76633537026728
807,1,2.50623422165881
808,1,3.63249523695327
809,0,2.80355165763742
810,0,2.24578238087496
811,0,1.39567298909213
812,1,3.60717857556444
813,0,2.63301593319309
814,0,2.84167867527242
815,1,0.197542142761966
816,1,3.69611292546809
817,1,0.279642512100137
818,0,1.19025767031656
819,1,2.54913901240633
820,0,1.17698200899237
821,0,2.61258796592818
822,1,3.64907575059349
823,0,1.28538795528814
824,0,2.3682508445049
825,1,2.31570692546913
826,0,2.33263467404306
827,0,2.5509717237957
828,0,2.66035943652735
829,0,2.70085669603119
830,0,2.7079903018222
831,0,2.72383297026034
832,1,3.4868220233792
833,0,1.70039608178418
834,1,5.17434320402463
835,1,2.6131672471581
836,0,2.45775075514016
837,0,2.56203616317228
838,0,1.35675118644442
839,1,3.72358559401441
840,0,2.35997817737732
841,0,2.72104119801134
842,0,1.38414229948686
843,0,1.2724872048668
844,0,1.65835429602424
845,0,2.37538445029591
846,0,1.56757116927059
847,1,3.56638169083507
848,1,2.3632273257016
849,1,2.47935296312669
850,0,1.44865330364746
851,1,3.53262190230518
852,0,1.23747971439497
853,1,3.61477670656363
854,0,2.29846479522526
855,1,2.55165386500604
856,0,1.57950307501035
857,0,2.57402100329613
858,1,4.77010161670015
859,1,2.19044668959019
860,0,1.35784387166215
861,1,3.520681122412
862,1,3.7836732091291
863,1,3.79713064612865
864,0,1.41905002350673
865,1,2.67270188627452
866,1,3.61665256851513
867,1,3.71093636767925
868,1,3.67090317966412
869,1,3.56651085604713
870,0,1.45466791898909
871,1,3.65158659776664
872,1,4.89942276104526
873,0,0.986018317283135
874,0,2.70285814241352
875,1,2.51355269665363
876,1,2.32687513449467
877,1,3.33446935453269
878,0,1.42633909974145
879,0,1.70364477415941
880,0,1.43702330353927
881,1,4.62132585109208
882,0,2.40760904267217
883,0,2.47122673118698
884,1,2.38128076013831
885,0,1.45327606226531
886,0,2.21623526067502
887,1,3.70525838363477
888,1,3.40444072896518
889,1,2.64129793042313
890,0,1.47424328503018
891,0,2.50021960631718
892,1,3.29554755188498
893,0,2.67086963083419
894,0,2.67099879604626
895,1,3.33701005641499
896,0,2.52108751857913
897,1,2.62728224292729
898,0,2.6708696308342
899,1,3.90741567993264
900,1,2.4154506389561
901,1,3.30281032288805
902,1,3.68174285390564
903,1,3.60938979751205
904,1,3.62774331312335
905,0,2.55965093173368
906,0,1.23818816083694
907,1,3.60827126078217
908,0,2.35492662832187
909,1,2.79027427129271
910,0,2.32763928492839
911,1,3.30565653005732
912,1,2.62227924873068
913,0,1.22014187553313
914,0,1.46415888706896
915,0,1.5195039084562
916,1,3.72358559401441
917,1,2.37663215223786
918,0,2.5484310219134
919,0,2.6394950737429
920,1,3.71992635540223
921,0,2.32034665921616
922,1,2.59087529287929
923,1,0.550446796341085
924,1,2.57478515372985
925,1,3.64904589588434
926,1,2.46379167571344
927,1,2.35200741588132
928,0,1.62405525199439
929,1,2.52417719103315
930,1,2.91801904911316
931,0,1.12470968492997
932,1,3.72863541804935
933,0,1.45723320108252
934,1,2.63134269767397
935,0,1.43590431308989
936,0,2.42961246679318
937,1,3.80327442668235
938,0,2.63952137897455
939,1,4.67680003769138
940,1,3.60926063229999
941,0,2.43674607258419
942,1,0.358821943977251
943,0,2.47610427075146
944,1,3.01609125210153
945,1,3.70733283528837
946,1,3.50636753471115
947,0,2.47373757836014
948,0,2.77173715554907
949,0,1.50902229978704
950,0,1.12975950896491
951,1,4.86271218034516
952,1,3.34721834509026
953,1,0.185882287944626
954,1,3.63531686391142
955,1,3.85626234631962
956,0,2.55949546128998
957,1,0.143033201188854
958,0,2.45789490992199
959,0,1.36065662446688
960,0,1.44554876605405
961,0,1.36316747164004
962,0,1.35784387166215
963,0,1.27028358800113
964,1,3.53726163605221
965,1,2.55416471217919
966,1,2.54759341025936
967,0,1.47022966235139
968,0,1.33371966194302
969,0,1.39851159117946
970,0,2.76450068977764
971,1,3.56331786766364
972,1,3.88527548551761
973,0,1.53428374638575
974,0,1.67741980755503
975,1,0.473298665555454
976,1,3.78591073630837
977,0,1.00434552766279
978,0,2.62840077965718
979,0,1.60895088470737
980,1,0.491474116071327
981,0,2.51278854621991
982,1,2.69037108193547
983,1,3.78692235745339
984,0,0.40924458152109
985,0,2.2983356300132
986,0,2.63094148153948
987,1,0.206750200206583
988,0,1.41359010918388
989,0,2.66627672692549
990,0,2.38928183229251
991,0,1.59671174866012
992,0,1.52613851944972
993,1,3.48872246554183
994,1,5.04715267127391
995,0,1.44109263243936
996,1,3.66950371785839
997,0,2.58273006594326
998,0,2.42834778972205
999,1,3.6465367737317
1000,0,1.41920549395044
