Subj,Class,risk_2d
1,0,2.689
2,1,4.578
3,1,-7.64
4,1,12.061
5,0,-11.025
6,0,-15.078
7,1,14.035
8,0,-3.401
9,1,-14.646
10,1,17.147
11,1,-5.774
12,1,22.712
13,1,8.826
14,0,22.43
15,1,-8.245
16,0,-10.043
17,0,-1.834
18,0,5.333
19,0,-11.569
20,0,20.46
21,0,-10.043
22,1,-6.607
23,1,25.602
24,1,-7.64
25,1,-10.713
26,1,7.068
27,1,-7.64
28,0,10.753
29,1,1.186
30,1,18.882
31,1,0.346
32,0,27.133
33,0,24.383
34,1,23.386
35,0,16.664
36,0,-22.936
37,0,-6.607
38,1,-36.688
39,0,25.786
40,1,8.314
41,0,4.933
42,0,5.029
43,1,10.148
44,1,-22.591
45,0,5.029
46,0,10.53
47,1,33.954
48,0,4.412
49,1,5.968
50,1,24.627
51,1,16.633
52,1,-13.119
53,0,19.119
54,1,25.751
55,1,-7.64
56,0,11.566
57,1,25.706
58,1,2.647
59,1,8.975
60,1,-5.501
61,0,-3.506
62,1,7.599
63,1,-2.975
64,0,-7.64
65,1,-14.362
66,0,-21.899
67,1,-2.514
68,1,15.342
69,0,8.899
70,1,10.753
71,0,4.767
72,1,4.457
73,0,9.217
74,1,-3.506
75,0,1.341
76,1,-7.64
77,1,-13.244
78,0,0
79,0,12.754
80,0,-0.133
81,1,0.241
82,1,-10.608
83,1,-11.566
84,0,-1.63
85,0,20.88
86,1,16.559
87,1,-6.478
88,0,11.566
89,1,-19.615
90,0,-7.64
91,0,0.182
92,0,28.81
93,1,-2.87
94,0,0.635000000000001
95,0,32.267
96,0,8.35
97,0,19.839
98,1,4.924
99,0,4.974
100,0,30.213
101,1,-5.084
102,0,1.203
103,0,-7.64
104,1,-16.018
105,0,6.334
106,0,-2.854
107,1,-16.622
108,1,29.593
109,0,-4.283
110,0,-2.544
111,1,32.267
112,1,-14.646
113,1,6.722
114,0,-25.052
115,1,22.203
116,0,-0.137999999999999
117,0,-3.401
118,0,7.432
119,1,0.605
120,0,11.751
121,1,8.35
122,0,15.141
123,0,25.22
124,1,25.786
125,1,-6.36
126,1,4.498
127,1,-6.681
128,0,-4.319
129,1,-6.827
130,1,-14.495
131,0,-28.373
132,0,-14.831
133,0,-33.286
134,1,12.157
135,1,26.892
136,0,-6.827
137,0,8.465
138,1,19.65
139,0,8.245
140,1,25.786
141,0,7.225
142,1,-2.87
143,1,-14.89
144,1,-2.94
145,1,-24.972
146,1,6.827
147,0,-6.827
148,0,-25.22
149,1,12.546
150,0,25.751
151,0,-4.924
152,0,10.753
153,0,4.498
154,0,-9.241
155,0,-6.827
156,0,-32.916
157,0,-7.847
158,0,37.812
159,1,-1.177
160,0,29.107
161,0,7.131
162,1,-28.373
163,1,13.738
164,0,7.145
165,1,-10.043
166,1,0
167,0,20.065
168,1,11.674
169,0,20.065
170,0,28.807
171,1,26.212
172,0,-1.037
173,1,13.238
174,1,16.819
175,1,-2.544
176,0,13.218
177,0,-4.465
178,1,0.077
179,0,6.439
180,1,-4.358
181,0,-22.712
182,0,3.08
183,1,5.234
184,1,3.851
185,0,23.784
186,0,-6.827
187,1,-9.502
188,1,-3.885
189,0,-18.134
190,0,26.892
191,0,-2.94
192,1,-8.245
193,1,23.309
194,0,38.867
195,0,4.993
196,0,-18.578
197,1,8.009
198,0,0.605
199,0,12.202
200,0,-22.936
201,0,20.713
202,1,-8.691
203,1,-21.899
204,0,19.186
205,1,1.999
206,0,-1.853
207,0,-1.798
208,1,-5.501
209,1,15.254
210,1,8.245
211,1,10.753
212,1,25.646
213,0,-18.134
214,0,14.981
215,0,7.393
216,1,-3.321
217,1,5.029
218,0,-6.722
219,0,-1.446
220,0,-26.401
221,0,-28.373
222,1,-10.574
223,0,-2.94
224,0,5.444
225,1,-31.211
226,1,6.447
227,0,-6.827
228,1,-7.458
229,1,7.205
230,0,12.215
231,1,-12.407
232,1,-6.722
233,1,-10.148
234,0,-22.712
235,1,21.899
236,0,-11.185
237,1,-0.572
238,0,-11.489
239,0,-4.847
240,0,-7.64
241,1,0
242,0,4.578
243,1,1.308
244,0,5.505
245,1,0.635000000000001
246,0,5.029
247,0,11.897
248,0,-11.387
249,1,19.932
250,1,0
251,1,-12.79
252,0,-1.177
253,1,25.751
254,0,18.013
255,1,-22.712
256,0,-8.245
257,1,-18.33
258,0,-32.916
259,1,-3.824
260,1,-4.319
261,0,5.029
262,0,4.662
263,0,-7.847
264,0,-8.394
265,1,27.621
266,1,7.222
267,0,-25.415
268,0,-5.517
269,0,2.647
270,1,-8.168
271,0,7.432
272,0,7.943
273,0,-21.899
274,1,37.275
275,0,4.993
276,0,-18.704
277,0,-31.211
278,0,-7.173
279,1,12.138
280,1,0
281,0,-0.667999999999999
282,0,17.07
283,0,5.33
284,0,-3.632
285,1,36.93
286,1,-25.22
287,1,4.352
288,0,-1.037
289,1,-6.827
290,1,22.971
291,0,21.899
292,1,0.390000000000001
293,1,12.097
294,1,30.067
295,1,25.751
296,0,-2.94
297,1,-21.899
298,0,5.968
299,1,25.646
300,0,12.218
301,1,1.341
302,0,-10.494
303,0,30.779
304,0,11.308
305,1,20.551
306,0,-9.733
307,0,36.93
308,1,-10.574
309,0,-6.922
310,0,-7.432
311,0,-15.808
312,0,6.496
313,0,30.874
314,0,-6.401
315,1,-2.716
316,1,7.31
317,0,-3.321
318,0,-28.373
319,1,20.101
320,0,-6.722
321,1,-7.64
322,0,-19.308
323,0,33.874
324,0,6.827
325,1,0.077
326,0,30.067
327,1,0
328,1,7.068
329,0,-8.168
330,1,18.728
331,1,0.307
332,0,5.228
333,0,13.724
334,1,-8.245
335,1,14.426
336,0,-7.319
337,0,-1.729
338,1,34.065
339,0,10.313
340,0,20.793
341,0,-14.155
342,1,-0.946
343,0,1.108
344,0,7.432
345,0,20.101
346,1,-16.518
347,0,8.826
348,1,-22.286
349,1,33.954
350,0,20.101
351,1,-6.687
352,1,23.044
353,1,30.699
354,1,3.747
355,1,-7.214
356,0,-15.072
357,1,-2.514
358,0,-29.78
359,1,16.559
360,1,5.968
361,0,6.054
362,1,1.523
363,1,-10.245
364,1,3.506
365,0,5.968
366,0,25.706
367,1,-14.467
368,0,0
369,1,13.227
370,0,-6.827
371,0,-0.946
372,1,-0.137999999999999
373,0,-7.64
374,0,-14.155
375,1,22.385
376,0,-7.438
377,1,-18.662
378,1,0
379,0,-4.924
380,1,5.578
381,0,-7.319
382,0,27.196
383,0,34.02
384,1,-9.607
385,0,4.242
386,0,-10.212
387,0,5.33
388,1,15.478
389,1,31.736
390,0,-27.359
391,1,-1.845
392,1,-5.357
393,0,-18.394
394,1,-6.827
395,0,-7.438
396,0,-6.827
397,1,-22.712
398,0,17.045
399,0,29.533
400,1,20.793
401,1,-21.899
402,0,9.491
403,0,-22.712
404,1,-1.749
405,1,11.325
406,1,-1.834
407,0,0.241
408,1,5.055
409,1,-28.239
410,0,25.22
411,0,37.847
412,1,30.067
413,0,-10.212
414,1,-9.733
415,1,-4.924
416,1,21.899
417,0,-27.388
418,1,-2.94
419,0,-27.359
420,0,-14.6
421,0,15.072
422,0,10.714
423,0,-14.726
424,0,-19.308
425,0,12.01
426,0,-6.722
427,1,-2.94
428,0,-10.043
429,1,8.731
430,0,-20.29
431,1,15.523
432,0,19.028
433,0,21.208
434,0,-21.899
435,0,-23.536
436,1,-3.398
437,0,-13.054
438,0,-10.043
439,1,21.899
440,0,-4.319
441,0,-12.103
442,0,24.643
443,0,-6.999
444,1,-2.835
445,1,11.325
446,0,12.157
447,0,-2.403
448,1,14.5
449,0,0
450,1,-2.857
451,1,10.403
452,0,1.341
453,0,-22.712
454,0,25.706
455,0,-6.401
456,1,-9.13
457,1,2.257
458,0,10.714
459,1,18.491
460,1,-10.494
461,1,12.157
462,1,4.924
463,1,1.907
464,1,7.432
465,1,39.904
466,1,12.538
467,0,4.974
468,0,22.43
469,0,25.786
470,0,16.111
471,0,4.767
472,1,2.52
473,1,2.653
474,1,5.228
475,0,1.487
476,0,-21.899
477,0,4.361
478,1,-13.585
479,1,-0.077
480,0,-0.801
481,1,0.486000000000001
482,1,16.664
483,1,11.885
484,1,-18.843
485,1,20.706
486,0,14.035
487,0,-7.64
488,1,13.343
489,0,-25.423
490,0,-14.423
491,1,-6.827
492,0,23.309
493,1,1.999
494,0,-6.827
495,0,2.089
496,0,-6.827
497,0,15.602
498,0,10.043
499,1,21.899
500,1,20.101
