Subj,Class,risk_2d
1,1,992.968
2,0,-1005.589
3,1,989.079
4,0,-981.766
5,0,-989.605
6,1,995.228
7,0,-1009.014
8,1,973.405
9,0,-997.835
10,1,977.843
11,1,997.835
12,0,-979.971
13,0,-987.993
14,1,980.809
15,0,-1016.203
16,0,-997.296
17,1,1001.87
18,0,-995.19
19,1,987.674
20,0,-984.283
21,0,-977.381
22,1,996.222
23,1,1005.982
24,0,-998.155
25,1,980.126
26,0,-993.862
27,0,-998.282
28,0,-1010.564
29,1,993.27
30,0,-994.825
31,1,995.906
32,1,-1003.198
33,0,-1003.95
34,0,-1012.148
35,1,980.032
36,1,994.439
37,0,-1005.7
38,1,989.682
39,1,994.727
40,1,991.175
41,0,-1002.561
42,1,992.233
43,0,-980.98
44,1,987.114
45,1,988.156
46,1,1000.891
47,0,-1016.728
48,0,-995.902
49,0,-999.7
50,1,1000.072
51,1,989.099
52,0,-1003.396
53,1,1021.906
54,0,-1005.806
55,1,1001.36
56,1,1006.576
57,0,-995.133
58,1,993.27
59,1,999.602
60,0,-991.375
61,1,986.071
62,0,-990.004
63,0,-992.064
64,0,-991.498
65,0,-988.887
66,1,979.678
67,0,-984.492
68,0,-1004.038
69,1,986.548
70,1,968.456
71,1,1001.138
72,1,969.695
73,0,-999.125
74,0,-987.044
75,1,1003.088
76,0,-1010.445
77,1,990.853
78,1,977.839
79,1,985.488
80,1,983.037
81,0,-992.326
82,1,962.667
83,1,985.537
84,1,990.853
85,0,-989.711
86,0,-990.192
87,0,-998.096
88,1,993.63
89,0,-999.238
90,1,984.999
91,0,-987.669
92,1,995.858
93,1,1004.025
94,0,-998.896
95,0,-1015.262
96,0,-998.934
97,0,-989.59
98,0,-1006.936
99,0,-1006.078
100,1,997.496
101,1,999.916
102,1,1009.088
103,1,988.202
104,0,-992.041
105,0,-988.411
106,0,-993.024
107,1,1005.785
108,1,995.133
109,1,984.806
110,0,-1003.244
111,1,996.277
112,1,1005.141
113,0,-1007.966
114,1,985.593
115,1,996.405
116,0,-1000.717
117,0,-985.868
118,1,974.366
119,1,968.163
120,0,-1004.732
121,0,-999.189
122,0,-995.721
123,1,987.437
124,1,974.122
125,0,-1004.986
126,0,-999.022
127,1,961.109
128,0,-1006.334
129,0,-1008.817
130,0,-1003.396
131,0,-1003.396
132,1,988.801
133,0,-988.189
134,1,1007.02
135,1,984.548
136,1,986.492
137,0,-997.835
138,0,-1003.828
139,0,-998.896
140,0,-988.678
141,1,1001.579
142,0,-987.358
143,0,-986.37
144,1,991.254
145,0,-985.722
146,0,-992.233
147,0,-994.244
148,0,-1011.66
149,1,998.822
150,0,-1008.561
151,1,1003.088
152,0,-1000.717
153,0,-999.238
154,1,1005.304
155,1,974.855
156,1,996.432
157,0,-998.542
158,1,997.496
159,1,985.4
160,0,-991.596
161,0,-993.268
162,0,-1005.629
163,0,-1006.033
164,0,-1016.717
165,0,-1008.571
166,1,970.842
167,1,999.979
168,0,-1011.876
169,0,-1005.423
170,1,1003.387
171,0,-997.666
172,1,993.291
173,1,981.132
174,1,985.886
175,0,-988.552
176,1,985.593
177,0,-1016.073
178,1,984.999
179,1,974.073
180,1,978.162
181,0,-979.971
182,0,-987.481
183,1,985.593
184,1,974.017
185,1,993.291
186,1,1004.295
187,0,-999.14
188,1,1006.229
189,0,-1000.717
190,1,985.593
191,1,979.927
192,1,995.228
193,1,980.032
194,1,994.386
195,0,-993.579
196,0,-981.815
197,0,-989.385
198,1,1009.804
199,1,1007.677
200,1,985.588
201,0,-1005.589
202,0,-1009.306
203,1,979.145
204,1,1003.234
205,0,-1009.25
206,0,-991.434
207,0,-984.461
208,0,-989.93
209,0,-1003.648
210,0,-998.407
211,1,994.274
212,0,-1002.693
213,0,-984.884
214,1,1004.547
215,1,1001.349
216,1,998.598
217,1,991.254
218,0,-998.407
219,1,985.537
220,0,-994.121
221,1,997.794
222,1,1002.7
223,1,1010.205
224,1,1002.806
225,1,977.839
226,1,979.739
227,0,-1009.682
228,1,1006.001
229,1,1000.949
230,0,-995.919
231,0,-989.669
232,0,-984.43
233,0,-999.14
234,0,-999.122
235,1,1005.184
236,1,1003.628
237,1,998.517
238,0,-993.523
239,0,-994.37
240,0,-994.756
241,0,-983.751
242,1,989.626
243,1,988.8
244,1,981.715
245,0,-1022.166
246,0,-1000.754
247,0,-1002.465
248,0,-993.042
249,1,990.82
250,1,981.507
251,1,991.639
252,1,979.734
253,0,-1012.295
254,1,991.254
255,0,-995.988
256,1,1002.286
257,0,-997.918
258,0,-993.024
259,0,-1000.442
260,0,-998.236
261,1,979.382
262,1,995.228
263,1,993.096
264,1,1003.832
265,0,-987.669
266,0,-1005.148
267,1,989.316
268,1,991.198
269,1,993.291
270,1,1006.992
271,0,-987.669
272,1,981.392
273,1,998.878
274,0,-1001.287
275,1,1010.2
276,0,-1010.201
277,1,973.694
278,1,985.593
279,1,999.443
280,1,997.131
281,1,987.507
282,0,-1016.694
283,0,-993.074
284,0,-981.307
285,0,-1010.772
286,1,1017.526
287,1,996.207
288,0,-987.115
289,1,999.994
290,0,-990.486
291,1,1001.408
292,0,-1004.49
293,1,999.166
294,1,984.943
295,0,-1009.25
296,0,-1010.537
297,0,-993.23
298,1,1017.117
299,0,-1004.094
300,1,974.859
301,1,997.709
302,1,1000.128
303,1,995.205
304,0,-1004.591
305,0,-992.819
306,1,985.541
307,0,-990.023
308,0,-996.14
309,0,-990.445
310,0,-989.531
311,1,1012.43
312,0,-1001.055
313,0,-995.152
314,0,-988.18
315,1,971.906
316,1,1006.91
317,1,987.625
318,1,1002.059
319,0,-1003.01
320,1,984.767
321,0,-991.168
322,0,-988.411
323,0,-995.423
324,0,-1008.759
325,0,-988.319
326,0,-989.46
327,0,-1016.166
328,1,970.657
329,0,-992.827
330,0,-997.344
331,1,1014.125
332,0,-1000.684
333,0,-1008.456
334,1,985.344
335,0,-992.708
336,0,-987.62
337,0,-1008.763
338,0,-989.254
339,0,-992.763
340,1,988.919
341,0,-999.189
342,1,1006.992
343,1,986.323
344,1,988.745
345,1,1003.545
346,0,-992.33
347,0,-1009.339
348,1,1016.948
349,1,985.693
350,1,984.044
351,1,987.73
352,0,-1004.015
353,1,996.649
354,0,-1011.277
355,1,1001.492
356,1,979.931
357,1,994.172
358,0,-993.074
359,1,975.437
360,0,-1000.424
361,0,-1000.116
362,0,-992.187
363,1,998.852
364,1,974.017
365,0,-981.687
366,0,-998.937
367,1,974.017
368,0,-998.737
369,0,-988.514
370,0,-997.841
371,1,982.306
372,0,-1010.454
373,0,-992.375
374,0,-1003.347
375,1,1001.838
376,0,-986.834
377,1,998.852
378,0,-999.626
379,1,1003.843
380,1,980.887
381,1,979.971
382,1,1008.78
383,1,985.432
384,1,981.668
385,0,-990.096
386,0,-1002.602
387,0,-995.347
388,1,987.527
389,0,-981.556
390,1,986.957
391,0,-1009.511
392,1,979.355
393,1,990.9
394,1,988.713
395,1,996.846
396,1,981.075
397,0,-1004.788
398,0,-994.211
399,0,-990.294
400,0,-1007.823
401,1,988.418
402,0,-1000.808
403,1,974.855
404,0,-1013.81
405,0,-1006.429
406,0,-990.943
407,1,998.021
408,0,-1004.132
409,0,-986.89
410,1,981.401
411,0,-994.532
412,0,-1007.131
413,1,1003.948
414,1,973.824
415,0,-996.4
416,1,982.987
417,0,-1001.221
418,0,-998.681
419,0,-1006.694
420,0,-993.335
421,0,-996.397
422,1,985.344
423,0,-1011.837
424,0,-995.596
425,0,-996.259
426,1,980.835
427,1,1004.706
428,0,-993.024
429,0,-980.98
430,0,-1000.254
431,1,991.808
432,0,-995.698
433,0,-1010.58
434,1,974.178
435,1,988.509
436,1,997.003
437,0,-984.632
438,1,984.13
439,0,-980.572
440,1,994.099
441,1,1008.836
442,0,-999.14
443,1,974.973
444,1,990.297
445,1,997.108
446,0,-1002.23
447,1,1006.21
448,1,1021.823
449,1,987.569
450,0,-1004.732
451,0,-1004.094
452,1,1004.682
453,0,-983.741
454,1,999.98
455,0,-990.29
456,0,-998.737
457,1,974.017
458,0,-976.285
459,0,-986.89
460,0,-996.649
461,1,997.346
462,0,-999.605
463,1,991.447
464,0,-999.14
465,1,990.605
466,0,-987.044
467,1,991.94
468,1,955.05
469,1,979.245
470,0,-1000.85
471,1,994.218
472,1,989.487
473,0,-988.386
474,1,1005.89
475,1,994.116
476,1,986.853
477,1,1003.088
478,1,997.191
479,1,991.339
480,0,-1003.042
481,1,990.756
482,0,-991.971
483,0,-985.532
484,1,998.185
485,0,-1010.349
486,1,985.729
487,0,-1000.073
488,1,987.625
489,1,984.943
490,0,-984.591
491,1,979.145
492,0,-993.024
493,1,977.07
494,1,985.729
495,0,-983.744
496,0,-993.286
497,0,-993.042
498,0,-1008.52
499,1,985.886
500,1,1002.891
501,1,976.855
502,0,-1002.26
503,0,-1004.396
504,1,978.974
505,0,-1004.495
506,1,979.931
507,1,991.639
508,1,991.851
509,0,-1004.439
510,1,979.683
511,0,-993.335
512,1,979.449
513,0,-989.116
514,1,993.584
515,0,-998.493
516,0,-987.7
517,0,-991.442
518,0,-1016.333
519,0,-998.257
520,0,-1003.452
521,0,-993.523
522,1,971.663
523,1,1000.431
524,0,-996.952
525,0,-1000.28
526,1,981.132
527,1,993.942
528,1,1004.346
529,0,-1000.901
530,0,-1010.257
531,0,-1005.111
532,0,-1006.334
533,0,-993.852
534,0,-978.974
535,0,-997.835
536,1,1014.418
537,1,985.886
538,0,-1005.479
539,0,-998.512
540,1,984.535
541,0,-1001.086
542,0,-990.294
543,1,989.268
544,1,999.171
545,0,-1019.73
546,0,-1001.012
547,0,-1008.415
548,1,996.648
549,0,-995.631
550,0,-994.958
551,1,1006.52
552,1,979.604
553,0,-997.693
554,0,-999.508
555,0,-998.737
556,1,994.814
557,0,-995.312
558,1,1001.082
559,1,1000.666
560,0,-1013.17
561,1,995.461
562,1,991.195
563,1,1005.855
564,1,974.017
565,0,-1000.281
566,1,997.249
567,1,999.931
568,1,985.344
569,1,996.277
570,0,-1020.772
571,1,988.585
572,1,993.235
573,1,1019.385
574,1,977.895
575,1,992.186
576,0,-1006.35
577,0,-985.783
578,1,1002.545
579,0,-997.918
580,1,990.414
581,0,-1023.301
582,0,-981.366
583,1,985.781
584,0,-1032.536
585,1,979.165
586,1,977.066
587,0,-984.209
588,1,1006.154
589,0,-1002.602
590,1,991.18
591,1,981.098
592,0,-986.909
593,0,-994.741
594,0,-986.97
595,0,-994.222
596,0,-1001.055
597,0,-991.033
598,0,-997.825
599,0,-999.451
600,1,997.108
601,1,1004.732
602,0,-993.335
603,1,996.937
604,0,-980.98
605,1,975.966
606,0,-1003.442
607,1,1002.204
608,0,-999.433
609,0,-998.878
610,1,987.205
611,0,-1005.148
612,0,-1008.759
613,0,-1004.535
614,0,-1018.819
615,1,1003.894
616,1,1007.251
617,1,999.139
618,0,-1004.317
619,0,-974.466
620,0,-1002.898
621,0,-1005.589
622,0,-997.835
623,1,991.519
624,1,1001.811
625,1,993.368
626,1,1002.926
627,0,-1009.978
628,0,-1022.167
629,0,-1000.684
630,1,989.648
631,0,-986.672
632,1,980.019
633,1,979.56
634,0,-998.585
635,0,-989.005
636,0,-1005.656
637,0,-991.608
638,0,-1001.683
639,1,979.927
640,1,981.291
641,1,1009.984
642,1,991.925
643,1,991.396
644,0,-1004.847
645,0,-1010.772
646,1,1006.285
647,1,998.382
648,0,-1007.673
649,0,-990.096
650,1,985.693
651,1,1008.992
652,0,-971.359
653,1,994.727
654,0,-999.48
655,0,-995.347
656,0,-1001.935
657,1,998.878
658,0,-991.556
659,1,996.61
660,0,-1003.042
661,0,-1011.942
662,0,-985.637
663,1,1000.619
664,0,-994.774
665,1,972.041
666,1,988.713
667,0,-992.877
668,0,-1003.745
669,0,-964.247
670,0,-1002.79
671,1,1003.345
672,0,-998.731
673,0,-1014.22
674,1,996.514
675,0,-1004.094
676,0,-987.376
677,0,-992.274
678,0,-974.466
679,0,-1003.735
680,0,-1006.898
681,0,-1015.16
682,1,972.262
683,1,985.043
684,0,-1000.442
685,0,-1009.599
686,0,-977.558
687,0,-1013.936
688,0,-1001.522
689,0,-992.744
690,0,-980.516
691,0,-1013.632
692,1,990.137
693,1,1008.836
694,1,1005.785
695,0,-1008.782
696,0,-990.294
697,1,1009.879
698,1,976.002
699,1,977.756
700,0,-981.815
701,0,-996.391
702,1,991.342
703,1,1008.737
704,1,987.569
705,1,974.073
706,0,-993.23
707,1,985.781
708,0,-974.683
709,1,985.458
710,0,-1002.905
711,1,994.077
712,1,981.075
713,0,-1010.701
714,1,995.631
715,0,-995.914
716,0,-997.757
717,1,1001.138
718,0,-1012.733
719,0,-1004.439
720,0,-1009.493
721,0,-985.994
722,0,-1010.595
723,1,987.096
724,0,-1010.564
725,0,-1016.274
726,0,-1006.522
727,0,-993.335
728,1,998.333
729,0,-1013.943
730,1,1004.644
731,0,-1013.382
732,1,991.447
733,0,-1009.306
734,1,974.31
735,1,994.058
736,0,-1008.44
737,0,-987.534
738,1,985.593
739,0,-989.195
740,0,-982.596
741,1,999.553
742,1,979.839
743,1,1006.961
744,0,-980.572
745,0,-977.361
746,1,979.547
747,1,1001.138
748,1,995.858
749,0,-1009.201
750,1,995.193
751,1,996.277
752,1,962.956
753,1,988.801
754,0,-1006.35
755,0,-1012.094
756,0,-993.335
757,1,986.979
758,0,-996.797
759,1,984.943
760,1,1005.248
761,1,994.439
762,1,1004.706
763,1,991.463
764,0,-1010.567
765,1,982.599
766,0,-990.34
767,0,-1003.892
768,0,-1009.493
769,0,-995.303
770,0,-992.96
771,0,-997.059
772,0,-999.433
773,1,979.927
774,1,990.936
775,0,-1001.867
776,0,-1008.268
777,1,987.53
778,1,995.112
779,1,995.063
780,1,999.699
781,1,1000.072
782,0,-997.352
783,1,997.794
784,0,-994.813
785,0,-994.92
786,1,980.032
787,0,-993.23
788,0,-997.825
789,1,999.145
790,1,979.927
791,1,997.635
792,1,993.291
793,1,1012.43
794,0,-1007.692
795,1,985.461
796,1,1005.659
797,1,986.379
798,0,-1000.717
799,1,991.447
800,0,-994.166
801,1,968.945
802,0,-988.411
803,1,999.699
804,1,972.282
805,0,-989.59
806,0,-1009.25
807,1,977.839
808,1,994.143
809,1,985.886
810,0,-985.307
811,0,-985.588
812,1,1000.257
813,0,-1003.368
814,0,-1001.382
815,1,980.032
816,1,978.432
817,1,1019.385
818,0,-1011.202
819,1,973.189
820,1,979.871
821,0,-987.358
822,1,994.427
823,0,-1000.129
824,1,990.936
825,1,994.745
826,1,1001.879
827,0,-998.896
828,1,987.278
829,0,-1008.415
830,1,964.736
831,1,1006.285
832,0,-1017.171
833,0,-1008.861
834,1,991.855
835,0,-994.628
836,0,-994.532
837,0,-991.375
838,0,-1010.567
839,0,-985.637
840,1,967.495
841,1,1008.389
842,0,-991.792
843,1,1004.706
844,0,-990.66
845,1,996.914
846,1,1002.891
847,0,-1013.177
848,1,992.218
849,1,993.39
850,1,985.593
851,1,988.936
852,1,979.927
853,1,1008.647
854,0,-992.688
855,1,1003.2
856,1,977.58
857,1,1012.398
858,0,-989.385
859,1,1017.903
860,0,-992.6
861,0,-989.273
862,0,-976.576
863,0,-998.585
864,1,985.67
865,0,-991.149
866,0,-1004.788
867,1,995.149
868,1,988.816
869,0,-1005.081
870,0,-990.192
871,1,985.593
872,0,-988.263
873,0,-999.414
874,0,-980.572
875,1,986.952
876,0,-993.823
877,1,1006.44
878,0,-993.019
879,0,-989.983
880,1,981.984
881,1,-982.942
882,0,-1008.219
883,1,1008.181
884,0,-977.269
885,1,977.022
886,1,999.145
887,1,990.853
888,0,-1008.44
889,1,987.381
890,1,997.835
891,1,1006.52
892,0,-1005.042
893,0,-1004.439
894,0,-1001.475
895,1,996.846
896,1,979.678
897,0,-1003.808
898,0,-1004.439
899,0,-996.797
900,0,-995.295
901,0,-992.901
902,0,-988.07
903,1,980.398
904,1,986.198
905,0,-1003.396
906,0,-993.579
907,0,-1000.684
908,1,986.741
909,1,999.129
910,0,-1000.85
911,0,-998.878
912,0,-993.147
913,0,-998.438
914,0,-995.184
915,1,1003.689
916,1,1017.7
917,0,-1005.57
918,1,985.898
919,1,987.109
920,1,1005.982
921,1,976.475
922,1,997.738
923,1,1010.173
924,1,974.073
925,1,997.38
926,1,985.265
927,1,1012.43
928,0,-990.367
929,1,1006.594
930,1,992.968
931,1,985.593
932,0,-985.825
933,0,-1005.042
934,1,1005.982
935,1,983.482
936,0,-988.411
937,1,1005.785
938,0,-984.677
939,1,1005.89
940,0,-982.285
941,1,986.323
942,1,999.931
943,1,970.365
944,1,969.367
945,1,979.871
946,1,1016.052
947,0,-997.666
948,0,-993.042
949,0,-1017.745
950,1,964.455
951,1,976.832
952,1,1001.838
953,1,1007.677
954,0,-994.222
955,1,985.631
956,1,1002.527
957,1,991.271
958,1,1005.982
959,1,987.144
960,0,-1004.495
961,0,-987.7
962,1,988.585
963,0,-995.575
964,0,-978.576
965,0,-993.23
966,1,996.25
967,0,-994.92
968,0,-1001.958
969,1,994.461
970,1,982.806
971,0,-1001.671
972,1,998.828
973,1,1002.761
974,0,-1002.16
975,1,1017.012
976,0,-1003.648
977,1,979.548
978,0,-1014.883
979,0,-988.678
980,1,1005.597
981,1,979.681
982,1,996.846
983,0,-997.782
984,1,995.422
985,1,1014.365
986,1,979.927
987,0,-998.585
988,1,1008.156
989,1,1004.65
990,0,-1000.442
991,1,968.512
992,0,-984.535
993,0,-1003.396
994,1,982.863
995,0,-993.53
996,1,974.073
997,1,1001.838
998,1,991.855
999,1,979.871
1000,1,1000.431
