Subj,Class,risk_ori
1,1,1.36704800834036
2,1,1.39166914063351
3,1,0.355804796912289
4,1,-0.1165240709362
5,1,0.698350209502086
6,1,0.899025870630767
7,1,0.00472820710870037
8,1,1.51872995578053
9,1,0.949732322939655
10,1,1.33143594743976
11,1,0.302299560094241
12,1,1.66128393931945
13,1,0.575025656037157
14,1,0.350255585187037
15,1,0.513552840276914
16,1,0.688402249726389
17,1,0.669993149655128
18,1,0.993760216903013
19,1,0.725570256084508
20,1,-0.151335387076195
21,1,1.64305038275279
22,1,0.714843254510366
23,1,0.632949652282718
24,1,1.00406292234567
25,1,1.62393859953559
26,1,-0.428284230111641
27,1,0.0490909512694412
28,1,1.36472641013729
29,1,0.640285169471758
30,1,0.558352193096926
31,1,0.161536030188021
32,1,0.791484458623027
33,1,-0.156051611819627
34,1,0.60062922951269
35,1,1.43501025611116
36,1,0.0448167122047047
37,1,1.28752693418811
38,1,1.02768189236336
39,1,1.44262404440716
40,1,0.959073943486971
41,1,1.31522108983597
42,1,0.436104912862982
43,1,0.193023465976227
44,1,0.828019464126707
45,1,0.895349265279758
46,1,1.47550464377394
47,1,1.73138134840742
48,1,-0.171052852458505
49,1,0.810401632732267
50,1,0.623676739882034
51,1,1.54068763191223
52,1,1.79845644975801
53,1,0.622859625355414
54,1,0.528922400318043
55,1,1.48613213322184
56,1,0.483383211285618
57,1,1.35050786800766
58,1,0.865055240321878
59,1,1.29107004255509
60,1,0.572153173046526
61,1,0.582925414289392
62,1,0.00371025608051501
63,1,1.5444800407343
64,1,0.0711169166581597
65,1,0.899479601539861
66,1,1.37869795451758
67,1,0.368883216331702
68,1,0.71952926166609
69,1,0.790111673200786
70,0,0.777710105167475
71,0,-0.141340366573999
72,0,0.149134378452242
73,0,0.638511090886345
74,1,1.309501795328
75,0,-0.365456741331746
76,0,-0.0518529241059717
77,1,1.58374823815553
78,0,1.33987587285862
79,0,0.0809576431303737
80,1,1.46094318685716
81,0,0.681823341742551
82,0,0.869966628409958
83,1,1.55357236082652
84,1,0.837284225249431
85,1,0.694814822312351
86,1,-0.134127502714968
87,1,0.713053755898428
88,1,0.758608364957379
89,1,0.66207040457296
90,1,1.63841726577167
91,1,0.553495621510509
92,1,1.51170977714511
93,1,1.34885379270682
94,1,1.58249357803421
95,1,0.854041397473208
96,1,-0.340100730955994
97,1,0.766662785965805
98,1,0.631730311900126
99,1,0.957201337112728
100,1,-0.00719463315605071
101,1,1.36330801632012
102,1,1.7221165872847
103,1,-0.133279095706621
104,1,0.726579657889224
105,1,0.651927437743796
106,1,0.887927290889081
107,1,0.164217180921311
108,1,0.754947632061572
109,1,-0.0988163656229693
110,1,0.722342088325638
111,1,1.19018590721323
112,1,0.686469903318595
113,1,1.27690716591746
114,1,0.556192644699
115,1,0.608127130635162
116,1,0.641264751634276
117,1,0.78317708044871
118,1,0.968782994032928
119,1,0.875991352427666
120,1,0.803197791469485
121,1,0.824190385803492
122,1,-0.27804187042124
123,1,0.812435835424121
124,1,0.608302674139769
125,1,0.583588234786029
126,1,0.444274288352131
127,1,0.672788856923632
128,1,0.520329113561998
129,1,1.50177909305163
130,1,-0.311742799790749
131,1,0.687671119028628
132,1,-0.173221005621928
133,1,0.544201912063876
134,1,0.713164182350061
135,1,0.858673041614805
136,1,0.696678858519021
137,1,0.0667947664927396
138,1,1.806070238054
139,1,0.725185706694826
140,1,0.964692019650038
141,1,1.71952142038027
142,1,0.867932425718105
143,1,1.61015886906062
144,1,0.850606393728003
145,1,0.555894079138176
146,1,1.42806024333256
147,1,-0.194229019982461
148,1,1.5557704343813
149,1,0.560131648701762
150,1,-0.404581536720434
151,1,-0.194229019982461
152,1,0.134124567645791
153,1,0.817900466547539
154,1,0.471940428368875
155,1,1.60829483285395
156,1,-0.140515078441464
157,1,-0.137809485085399
158,1,0.658979306806459
159,1,-0.163297171387409
160,1,1.36683889780872
161,1,0.305205693814379
162,1,-0.0577663907670366
163,1,0.900504402426999
164,1,-0.220532417584067
165,1,0.407598064687178
166,1,0.767894375554727
167,1,0.684627116586549
168,1,0.0173106956660424
169,1,1.67165761437313
170,1,0.761583659252825
171,1,1.41175421039097
172,1,0.651190930026612
173,1,1.40165646228642
174,1,-0.251177424904591
175,1,0.517346120417267
176,1,1.12597951467084
177,1,1.58985303707394
178,1,0.0650364766600613
179,1,0.796254628549835
180,1,0.709281815906739
181,1,0.750673392996835
182,1,0.835154440951675
183,1,0.472502865420981
184,1,0.146256518442188
185,1,0.590077666796585
186,1,1.3768347896292
187,1,0.812158435635454
188,1,0.287772428520794
189,1,0.950912289175063
190,1,0.696293354108583
191,1,0.944406565819693
192,1,0.92912705407386
193,1,0.938134793564253
194,1,-0.214150218876994
195,1,1.64276526178689
196,1,0.706391102213127
197,1,0.724907435587871
198,1,1.66758693444411
199,0,0.64358251875004
200,1,1.56835292293864
201,0,0.834121069896963
202,1,1.55772862663889
203,0,0.652029294027856
204,0,-0.318425922306425
205,1,1.38620450951009
206,1,1.25562088044997
207,0,0.361670352472671
208,0,1.3752942432541
209,0,0.761998028284705
210,0,-0.158386654617617
211,0,0.69888550224137
212,0,0.125561988896919
213,0,0.652136527331339
214,1,1.17456479323323
215,0,-0.281356495381748
216,1,1.39344321921892
217,1,0.222091663229202
218,1,0.0555803832799969
219,1,0.0673245078360948
220,0,0.696293354108583
221,1,0.567907798603233
222,0,1.25561231028239
223,1,1.29229623279663
224,0,0.0555803832799969
225,0,-0.00111568008744362
226,0,1.46131046056462
227,0,0.710204760509817
228,0,0.381575260022389
229,0,0.612842484060305
230,0,-0.229679031077916
231,0,1.70584892320878
232,1,1.26234164453424
233,0,-0.0181361222812622
234,0,0.0564142415801057
235,0,-0.158008955086887
236,0,0.0561413474925744
237,0,0.437968949069652
238,0,0.761890794981222
239,0,1.13866385951224
240,0,-0.0920441568043237
241,0,0.638117887626622
242,0,0.581557308944793
243,1,1.14466399386303
244,1,-0.302394329384479
245,1,0.714143764512579
246,1,1.55365794670987
247,1,0.469381930965594
248,1,0.573657550692558
249,1,0.925450448722852
250,1,-0.396519394534768
251,1,0.733252354581627
252,1,1.77159295926211
253,1,-0.160988671381
254,1,1.41704640048389
255,1,1.45899807046827
256,1,1.60293058517506
257,1,0.844388984486691
258,1,0.068273298288972
259,1,-0.0843651607813158
260,1,0.212389077677606
261,1,-0.190329377856914
262,1,0.875320833081743
263,1,0.116515758847599
264,1,1.08891008774616
265,1,-0.0508366724423034
266,1,1.22605411842787
267,1,0.568945697687035
268,1,-0.310927088491153
269,1,1.42890545719275
270,1,0.791398872739678
271,1,1.83233377300631
272,1,1.26364228866804
273,1,-0.0320475286824957
274,1,0.823372818848197
275,1,0.931722220978291
276,1,0.943038460475093
277,1,0.297870176625338
278,1,0.786135630970666
279,1,0.615347693343479
280,1,-0.209794501684534
281,1,0.856718042505362
282,1,0.63256867590137
283,1,0.180060850027871
284,1,0.810533308658525
285,1,0.964990585210863
286,1,0.771579551073309
287,1,0.744189338005703
288,1,-0.0036818986679647
289,1,1.3785907212141
290,1,1.62137325227336
291,1,0.656744647452999
292,1,0.766513868955246
293,1,0.791427821063588
294,1,0.0150014987178514
295,1,0.391647162277134
296,1,-0.27767989003074
297,1,0.417662245764682
298,1,-0.275058877276509
299,1,0.838199448675268
300,1,0.946443043056859
301,1,0.644885590744133
302,1,0.439897321685047
303,1,1.62488598676145
304,1,-0.0065553366793505
305,1,0.0647432881186605
306,1,0.93812941654483
307,1,0.439897321685047
308,1,0.0173192658336159
309,1,0.249334896251518
310,1,1.01306528481664
311,1,0.710458588993997
312,1,-0.0248043132725301
313,1,0.9234321184862
314,1,-0.0719590870468688
315,1,0.487342593444717
316,1,0.970740337300188
317,1,-0.117503653098717
318,1,0.77020589433278
319,1,0.0381806850134522
320,1,0.0243765119157016
321,1,1.24827679309335
322,1,0.802612384634132
323,1,0.11459508508149
324,1,0.966107220319062
325,1,0.963596634016465
326,1,0.785601209549669
327,1,0.914424378995806
328,1,0.938134793564253
329,1,0.472356270240284
330,1,1.10351129140475
331,1,-0.417274451729409
332,1,1.41129664839456
333,1,0.638810527765458
334,1,1.59708132095949
335,1,0.614792106150325
336,1,0.760280587258732
337,1,1.28552083082984
338,1,0.984348475735001
339,1,0.667039104834308
340,1,0.178582318231639
341,1,1.19852685241458
342,1,0.840503268604036
343,1,1.79884195416844
344,1,0.793909459042275
345,1,1.27774015289928
346,1,1.96868916891825
347,1,0.719358223862619
348,1,0.661923308620177
349,1,0.463739412179752
350,1,0.872561795314389
351,1,0.499189423275207
352,1,0.00652308274006228
353,1,0.683515858497774
354,1,1.28850469529286
355,1,0.56573480561039
356,1,1.47818128880609
357,1,0.758740040883637
358,1,1.53929368071783
359,1,0.582742149607545
360,1,0.746162929345718
361,1,1.65450081617541
362,1,1.4798834314988
363,1,1.55384976061519
364,1,0.413277696155807
365,1,0.297482735249632
366,1,0.445500478593675
367,1,-0.177752266318995
368,1,1.31953752885368
369,1,0.534638585380329
370,1,0.763541851510417
371,1,0.0755015821745294
372,1,0.763370813706946
373,1,-0.0135053494579532
374,1,1.15936986208923
375,1,1.35859266289497
376,1,1.54662147672963
377,1,0.655906283451755
378,1,0.612475210352848
379,1,1.51909421071634
380,1,0.536032536574727
381,1,-0.164306573192125
382,1,0.840518688630562
383,1,-0.157440185994601
384,1,1.84614332312348
385,1,0.782443605593132
386,1,0.53996434250029
387,1,-0.115045539139967
388,1,1.44499757776407
389,1,0.380736896021145
390,1,0.678201015703203
391,1,0.658665321219108
392,1,0.649524084744682
393,1,-0.397221576908619
394,1,0.0854820539684878
395,1,0.692112422104437
396,1,0.619423750291922
397,1,-0.0190545611832051
398,1,1.8251421586219
399,1,0.448242240678803
400,1,0.031589375774733
401,1,0.363270733844707
402,1,1.09244547493589
403,1,0.00462635082464075
404,1,1.06938209211135
405,1,1.68582049101076
406,1,0.835856623325526
407,1,1.08891008774616
408,1,0.366825489619912
409,1,1.24557119973729
410,1,0.54542810230542
411,1,0.873955746508788
412,1,1.41964156738832
413,1,1.39046792492348
414,1,0.828381360814741
415,1,0.679535310566518
416,1,0.445107275333952
417,1,-0.0682816103775724
418,1,0.11655242834875
419,1,-0.182267235671247
420,1,0.866179596607317
421,1,0.435958317682285
422,1,0.956119898666151
423,1,0.666200740833063
424,1,0.493190370730793
425,1,0.48477186916306
426,1,-0.0575093691347066
427,1,1.52168937762078
428,1,0.733807941774781
429,1,0.839147390137813
430,1,0.013634090315034
431,1,1.68027984945308
432,1,0.197942552913594
433,1,-0.299150268226304
434,1,0.762144623465402
435,1,0.846129914934677
436,1,-0.286965029309799
437,1,0.817644316233497
438,1,0.113678990337364
439,1,0.509308420854375
440,1,0.560965507001871
441,1,0.82020966349573
442,1,0.0930949709461947
443,1,-0.122828538900391
444,1,0.693040743726938
445,1,1.54977223082722
446,1,-0.274912282095813
447,1,-0.134017076263335
448,1,-0.0291726874440857
449,1,1.42879822388927
450,1,0.446868583938275
451,1,0.554418566113588
452,1,0.594608927493652
453,1,1.49159676434526
454,1,1.45436044778601
455,1,0.817901337865827
456,1,0.795036137157576
457,0,-0.369940918974358
458,1,1.23029168799146
459,0,0.0292801788265419
460,0,0.883746358884934
461,0,0.706280675761494
462,0,0.655457447914108
463,0,0.559874627069432
464,1,1.48708092367472
465,0,0.6810106492146
466,0,0.456966332042819
467,0,1.32951800064764
468,0,-0.271916693346498
469,0,0.835154440951675
470,0,-0.158915524642684
471,0,-0.120494367420689
472,0,0.702604070410486
473,0,0.871727937014281
474,0,0.824484076936972
475,0,-0.00751097699118025
476,0,-0.132893591296183
477,1,1.42683231045444
478,0,0.770592247733551
479,0,-0.177919155953561
480,1,1.16362868112744
481,0,0.887927290889081
482,0,-0.380042640871302
483,0,0.627314854674116
484,0,0.446334336893784
485,0,0.301553415178651
486,0,0.763263580403463
487,0,0.499495710013272
488,0,0.481781154841089
489,0,-0.0857388175218446
490,0,0.0164854075335071
491,1,1.53070031025932
492,0,0.544487882020116
493,1,1.53262098402543
494,0,-0.203129526169372
495,0,0.0410296804020632
496,0,0.636215360861026
497,1,1.10556364109711
498,0,0.599517971423915
499,0,0.613851885865021
500,0,0.827156657502689
501,0,0.573102834817692
502,0,-0.22954015707446
503,0,0.708618995410101
504,1,1.68859582012293
505,1,1.70107875328197
506,0,-0.0736304380299337
507,1,1.42083880930595
508,0,-0.407533237383438
509,0,0.55929241338223
510,0,1.68404641242535
511,0,0.765127616610133
512,0,0.462709234273191
513,1,1.35705211651988
514,0,-0.57212493154147
515,0,1.56108342152017
516,0,-0.0629740002581244
517,0,0.787246889059441
518,0,0.790589457062344
519,0,-0.513210613184507
520,1,1.81410021643965
521,0,0.739374429182258
522,0,1.69851340601974
523,1,1.42260011791028
524,0,0.630444442999544
525,0,0.879120963081048
526,0,0.0560255440215179
527,1,1.41852493228012
528,0,0.660982217016585
529,0,-0.018969980581371
530,0,0.571729178077163
531,1,1.54885700740138
532,0,1.3625167476433
533,0,0.737878621703801
534,0,0.709649173316663
535,0,0.0613301353693218
536,1,1.45383755630161
537,0,0.837913478719028
538,0,0.52919980010671
539,0,0.498517948908529
540,0,-0.0828866289850834
541,0,1.46406949833197
542,0,-0.120593879546931
543,0,0.00669412054353397
544,0,1.37627920243605
545,0,0.0902522238952951
546,0,0.941387403945898
547,0,0.574046073874639
548,1,1.27209763411343
549,0,0.527164194187832
550,0,0.600796119147257
551,0,0.922846711650847
552,0,0.489009438726646
553,0,0.571152341409384
554,0,0.767886654377486
555,0,0.730379787888529
556,0,0.164686784285606
557,0,0.130224925520243
558,0,1.34738147283038
559,1,1.58809623417075
560,0,0.718412626557892
561,1,1.57582868622151
562,0,0.118305257459538
563,0,0.54975025247084
564,0,-0.377054270707147
565,0,-0.203406925958038
566,0,0.885807104368369
567,0,0.767501149967049
568,1,1.77770226388165
569,0,0.323206103035308
570,0,0.0800174228450699
571,0,-0.0202730525754635
572,0,0.764351267187752
573,0,0.927224527308264
574,0,0.921374391774409
575,0,0.483652889897044
576,0,-0.301384927579763
577,0,-0.0828866289850834
578,0,-0.327138115007638
579,1,1.69508525213348
580,1,1.36974503152885
581,0,0.806046786858096
582,0,0.487635781986117
583,0,1.45983730578781
584,0,0.287642008777418
585,0,0.172839416001266
586,0,0.0545470122252856
587,1,1.11399454391973
588,0,0.937288708385769
589,1,1.51433078989934
590,0,0.451237829428118
591,1,1.15872969429424
592,0,1.43788282280426
593,0,0.605619577194171
594,0,1.16290486441437
595,0,0.599402167952859
596,0,0.582648014500726
597,0,0.559985053521065
598,0,0.920080824024541
599,0,0.624889854254869
600,0,1.2823632268733
601,0,-0.0892773978597296
602,0,0.644522739035344
603,0,0.122802951129565
604,0,0.668506047691322
605,1,1.61183109136197
606,0,0.829738726210456
607,0,0.874204197973544
608,1,1.1573270892298
609,0,0.636492760649693
610,0,0.608965494636406
611,0,0.0928175711575281
612,0,0.612095954280122
613,0,0.558267612495092
614,1,1.67110879333646
615,0,0.796892452187006
616,0,-0.344170455864259
617,0,0.567637332375986
618,1,1.61138593062045
619,1,1.3200773272941
620,0,0.791314292137844
621,0,0.754530835169407
622,1,1.35951110179692
623,0,0.330427537061913
624,0,0.512437076487003
625,0,0.351482646746869
626,0,0.170552339845988
627,0,-0.138365072278554
628,1,1.5263523142441
629,0,0.0928175711575281
630,0,0.088185927015931
631,0,0.875965506577867
632,0,-0.378910585736577
633,0,0.505106064999098
634,1,1.60237819113006
635,0,0.977127913026684
636,0,0.391647162277134
637,0,0.815583570750062
638,0,-0.321445000477752
639,0,0.0647432881186605
640,0,0.803344386650181
641,0,0.557172226861518
642,0,0.596559420901959
643,0,0.75846264109497
644,0,0.781497136970116
645,0,0.616865252888641
646,1,1.86140158539469
647,0,0.11040558290977
648,0,-0.552203732646938
649,0,0.383302243283378
650,0,0.777710105167475
651,1,1.38620450951009
652,0,0.605614200174748
653,0,0.594887198600606
654,0,0.692055784544997
655,0,0.13088774601688
656,1,1.4389773594475
657,0,1.73491673559716
658,0,-0.233222139444892
659,1,1.50261745705288
660,0,0.616571561755161
661,0,0.534111862808618
662,0,0.500591095646846
663,0,0.907481216076156
664,0,1.36222120085412
665,0,-0.30972984657352
666,1,1.63361545514489
667,0,0.463632178876269
668,0,0.936769706991298
669,1,1.3650906650731
670,0,0.269510308494824
671,1,1.37314961411062
672,0,1.539209100116
673,1,1.42917835128029
674,0,0.832367460141926
675,0,0.356921432020488
676,0,0.532073238118096
677,0,1.29681207346717
678,0,0.65312467966143
679,0,-0.0688371975707265
680,0,0.394905149678203
681,0,0.508930637621178
682,0,0.831534473160106
683,1,1.54096590301919
684,0,0.670839234833613
685,0,0.396965198219855
686,0,1.26708673389911
687,1,1.26995628182056
688,0,0.77456254421804
689,0,0.454454272900692
690,0,0.43270570730064
691,0,0.872283524207435
692,0,0.555119877169151
693,0,1.63554469907857
694,0,0.71296379827717
695,0,1.487081794993
696,0,0.415067078860251
697,0,0.257549395501898
698,0,0.496237722612203
699,0,-0.206259114494799
700,0,0.921759896184847
701,0,0.907848489783613
702,0,0.595164514686806
703,0,0.643320120098287
704,0,-0.26228457481385
705,0,0.74769490555324
706,0,-0.0610610476692556
707,0,1.09188988774274
708,0,0.405280297571413
709,0,0.809576797028407
710,0,0.820597489736029
711,0,0.810431452374466
712,0,0.0771738044758823
713,0,1.23952299799463
714,0,1.33646801342624
715,0,1.29965569183636
716,0,0.248501909269698
717,0,0.889599513190434
718,0,0.662209278576417
719,0,1.62832326505196
720,0,1.59384598626007
721,0,0.796900173364246
722,0,0.888658421586842
723,0,0.818734324847647
724,1,1.32026865955144
725,1,1.42083880930595
726,0,-0.0429224975277091
727,0,0.555500875878453
728,0,0.993613236857724
729,0,1.21567897053466
730,0,1.04472973694898
731,0,0.536164212500985
732,0,1.55496639572339
733,0,0.561887580286661
734,0,0.600343259556451
735,1,1.04627153950695
736,0,0.817623066758872
737,0,-0.288970283677743
738,0,0.828828879804041
739,0,0.32894900526568
740,0,0.646386775242014
741,0,0.574682351579696
742,0,0.725352596329392
743,1,1.49966341223206
744,0,0.444560258308371
745,0,0.159206280706987
746,0,0.7519569177396
747,1,1.10695759229151
748,0,0.781497136970116
749,0,0.718913934439386
750,0,-0.160600148198919
751,0,0.743071831579216
752,0,0.357870222473365
753,1,1.40313499408265
754,0,0.443718701158977
755,0,1.03438043490557
756,0,0.675449210610973
757,0,0.595332359342127
758,0,0.561887580286661
759,0,0.881532865303632
760,0,0.396409611026701
761,0,-0.164951246688249
762,0,0.459809950412006
763,1,1.68200683271407
764,0,0.814209914009533
765,0,0.466112945536668
766,0,-0.287750920967197
767,0,-0.124000806286514
768,0,0.847348406326935
769,0,0.47604682277829
770,0,0.590224261977282
771,0,0.539584215109276
772,0,0.816776132590055
773,0,0.490766241629833
774,0,0.0100924547875877
775,1,1.31795176375396
776,0,0.502625298338699
777,0,0.704553692500505
778,0,0.626929350263679
779,0,0.885361943626847
780,0,0.516515455265308
781,0,-0.26470870391481
782,1,1.3369218280378
783,0,0.477710474912069
784,0,0.758886636064334
785,1,1.46706021265394
786,0,1.27718456570612
787,0,-0.0216738536288142
788,1,1.52052570273018
789,0,0.835109222227055
790,1,1.26571005838694
791,0,0.501248622826527
792,0,-0.0166349377833809
793,0,0.72845911412242
794,0,1.4746662797727
795,0,0.498551599638036
796,0,0.709512120370982
797,0,0.945356227590858
798,0,0.214616015853825
799,0,1.47806548533504
800,0,0.575798986687894
801,1,1.66685580374635
802,0,-0.314445199998663
803,0,0.641653274816357
804,0,0.690183178170754
805,0,0.673029587211149
806,0,0.771146985936372
807,0,1.15143901096523
808,0,1.30754679621856
809,0,1.06391746098793
810,0,0.816977521944461
811,1,1.45334249675783
812,0,0.0520503731096854
813,0,0.997982482347567
814,1,1.44934565748176
815,0,1.44384253579941
816,0,1.49584975393537
817,0,0.865587339913012
818,0,0.600236026252968
819,1,1.66552150888303
820,0,-0.0718745064450347
821,0,-0.184134465026068
822,0,1.44197849959274
823,0,-0.201341500396962
824,0,0.787521883315779
825,0,1.47350442593988
826,0,1.47438887998403
827,1,1.69414416052989
828,0,1.6028387718981
829,0,0.484640193236802
830,0,-0.0864305863423918
831,0,0.723984490984793
832,0,1.04105313159797
833,1,1.36634851834257
834,0,0.490881173782601
835,1,1.63386562691826
836,0,0.787807853272019
837,0,0.348020925833578
838,0,0.547994320885941
839,0,-0.193010528590203
840,1,1.62396841917779
841,1,1.60720801738795
842,0,0.89423263017156
843,0,0.631167003529732
844,1,1.47985351110745
845,0,0.839392010515261
846,1,1.35406459534606
847,0,0.616186928663011
848,0,1.00900317505519
849,1,1.52866619126993
850,1,1.6085731039609
851,0,-0.319827594678064
852,0,-0.0485405736907763
853,0,-0.194960150680223
854,1,1.83779840412972
855,0,0.658701990720259
856,0,0.724800202284388
857,0,0.867898858691065
858,0,0.601821791352683
859,0,0.749344475152944
860,0,0.356928281879441
861,0,0.0283399585412382
862,0,1.47252484377736
863,0,-0.0721048109092776
864,0,0.028336765393088
865,0,0.324878325336661
866,0,0.481225567647935
867,0,-0.0944682859052831
868,0,1.1829730433542
869,0,1.3525687878676
870,0,-0.0384297273895684
871,0,0.76582122881641
872,1,1.74214501948272
873,0,0.531239379817987
874,0,1.60376444347517
875,0,0.423997404689359
876,0,0.729423276258411
877,0,0.259514031809746
878,0,0.656467247664332
879,0,0.719080824073952
880,0,0.72711407931022
881,0,0.76336311485766
882,0,0.130589180456056
883,0,0.606175164387325
884,0,0.546073647119831
885,0,0.688821321163866
886,0,0.778899648235823
887,0,0.578116753803659
888,0,0.595995179838764
889,0,0.245943411866417
890,1,1.47346506406266
891,0,-0.117503653098717
892,0,0.49744034154926
893,0,-0.205694873431605
894,0,1.05915501223837
895,0,0.617366894898419
896,1,1.46799358308029
897,0,0.310644479087998
898,0,0.695545953010112
899,0,0.112979500339577
900,0,1.11900270102168
901,0,0.881437858878525
902,0,0.695910207945925
903,0,0.714720601180357
904,0,0.627374594707667
905,0,0.53096198002932
906,1,1.39713377175693
907,0,0.672783479904209
908,1,0.950974688618518
909,0,-0.318425922306425
910,0,0.757261509087404
911,0,1.39250750463476
912,0,0.943483621216615
913,1,1.46364558706507
914,0,-0.104288717923628
915,0,0.600236026252968
916,0,0.667030534666734
917,1,1.65450938634298
918,0,0.370554567314767
919,0,1.33237703904335
920,0,0.451494851060448
921,0,0.890432500172254
922,0,1.5014171963636
923,0,-0.0185162496722764
924,1,1.53153097541128
925,0,0.906255003506657
926,0,0.680112147234297
927,0,-0.157825690405039
928,0,0.889154352448913
929,0,0.763255010235889
930,0,0.0785388910488376
931,0,1.05251126386987
932,0,0.943684005289505
933,0,0.243986068599157
934,0,0.842576415342353
935,0,0.757907053901816
936,1,1.20932034313207
937,0,0.454107293647105
938,0,-0.0583423561165273
939,1,1.89902659951252
940,0,0.789286385068251
941,0,0.717994008607952
942,0,0.583588234786029
943,0,0.7519569177396
944,0,1.59248089968712
945,0,0.736373289037014
946,0,-0.195597125327061
947,0,0.384418878391577
948,0,0.0942961029537605
949,0,0.72221041239938
950,0,-0.242657067052798
951,1,1.31967640285714
952,0,0.573747508313815
953,0,0.875145289577136
954,1,1.65026862363125
955,0,0.964152221209618
956,0,-0.315833774173638
957,1,1.57485630213619
958,0,0.458082967151017
959,0,0.730233192707832
960,0,0.746602713067816
961,0,0.560964635683583
962,0,-0.543858813653181
963,0,0.479168712254432
964,0,0.613573614758066
965,0,0.750562966545202
966,0,1.05030160137588
967,0,0.439058957683803
968,0,0.943289930711494
969,0,0.13103472606217
970,0,0.192198177843692
971,0,0.63747234281221
972,0,0.516405028813675
973,0,0.112984877359
974,1,1.28726991255578
975,0,1.67369858322147
976,0,0.756705838191783
977,0,0.803583295879923
978,0,0.613959119168504
979,0,0.762144623465402
980,1,1.65924201545035
981,0,-0.0959736185720697
982,0,0.616831602159135
983,0,-0.141601893907464
984,0,0.523348191733325
985,0,0.490873474933316
986,0,0.806874396820493
987,0,0.911919169712633
988,0,0.896439273893909
989,0,0.07658839764053
990,0,0.815048278010778
991,1,1.33906318033067
992,0,0.586324619851734
993,1,1.24797822753253
994,0,0.457890147964185
995,0,1.44527497755274
996,0,0.717049898232716
997,0,0.413093988292323
998,0,-0.0730459025128694
999,0,0.686192587232395
1000,0,0.702158909668965
