Subj,Class,risk_ori
1,0,0.187870697103436
2,0,0.756406679826873
3,0,0.728593500547657
4,0,0.881350963200453
5,0,0.347788805136009
6,0,0.401580986551647
7,0,1.41363121337483
8,0,1.23340850427478
9,0,0.517634171508932
10,0,0.983118670876651
11,0,0.772042170693618
12,0,0.878178228431286
13,1,0.875407382449655
14,1,1.13055748925497
15,1,0.957518490459218
16,1,0.455630933854425
17,1,1.27442284724911
18,1,0.852088785016412
19,1,0.0684072438861534
20,1,0.360502586202595
21,1,1.14147433858477
22,1,0.556446796423493
23,0,0.263227842640499
24,0,0.846033770443474
25,0,0.703107934138047
26,1,1.04190178575488
27,0,0.646042021612287
28,0,0.842429771384983
29,0,1.10822716678406
30,0,1.38832843969115
31,0,1.05505086120455
32,0,1.09058079647644
33,0,0.873309992278367
34,0,0.344889991775561
35,0,0.311765575860287
36,0,0.585683156286641
37,0,0.230970944588184
38,0,0.0736160052326141
39,0,1.05856243815732
40,0,0.846033770443474
41,1,1.20416825968834
42,1,0.769698349988882
43,0,-0.327383378616909
44,1,1.18961134618954
45,1,1.24433343801057
46,1,0.168260174151812
47,0,0.576123414048916
48,0,0.228423146295336
49,0,1.10335239711927
50,1,1.20082303386349
51,1,1.27974149152358
52,1,0.362849640811385
53,1,1.4175966649821
54,1,0.69085388447026
55,1,0.732114723256098
56,1,-0.0524701541028203
57,1,0.209041347732292
58,1,0.763807863725895
59,1,1.27190639454666
60,1,1.12568913144179
61,0,0.8924502108099
62,0,0.517753012969493
63,0,1.30567093254288
64,0,1.5582049609629
65,0,0.576407844613466
66,0,1.51522442239785
67,0,0.902555321129612
68,0,0.497963081153014
69,0,-0.366077162070909
70,0,0.229980670839795
71,0,0.671126005674135
72,0,0.622201012231732
73,0,0.784313273755491
74,0,0.172813286023679
75,0,0.706296039291368
76,0,1.04683084643314
77,0,0.637618233314054
78,0,1.78091325089602
79,0,0.702504931259335
80,0,1.5648289679176
81,0,0.817661917846551
82,0,1.4035032066154
83,0,0.937247577410272
84,0,0.525588294646615
85,0,1.22780797584585
86,0,0.0916915843033706
87,0,0.0872701341857705
88,0,1.54758130712446
89,0,0.999908648025617
90,0,1.19141200165963
91,0,1.23108406003116
92,0,0.480827173201259
93,0,0.541635979474761
94,0,0.189788689136255
95,0,0.309678185733807
96,0,0.736710481679038
97,0,1.24653362249069
98,0,1.03884097121281
99,0,0.170278422638758
100,0,0.550757730612133
101,0,0.979002175406344
102,0,1.27052635250185
103,0,0.146406067667805
104,0,0.995723885042329
105,0,1.4776736461533
106,0,0.375543158596618
107,1,1.30851174636191
108,1,0.789924413718738
109,1,1.27891426046909
110,1,1.61748051894494
111,0,0.635825662249953
112,1,1.17734884737107
113,0,0.636803937167483
114,0,0.76716740102883
115,1,0.643569898470842
116,1,0.622439551964927
117,1,0.769698349988882
118,1,0.236660010399544
119,0,0.891388482774752
120,1,1.22774137206102
121,0,0.558202602574494
122,1,0.522350489672267
123,0,0.398744045896217
124,1,1.48334331622176
125,1,0.278044186858736
126,1,0.973750937097761
127,1,0.975652079797784
128,1,1.39657135090227
129,1,1.72705919677536
130,1,1.03139609925045
131,1,0.994759401844798
132,1,0.751250026007633
133,1,1.12008860301286
134,1,0.775811374829628
135,1,0.608627977752681
136,1,1.14508386491276
137,0,0.949742034521378
138,1,0.216785583953181
139,1,0.323020951597576
140,0,1.14241892548377
141,0,0.922330437669248
142,1,0.519690400745207
143,1,0.893144288925753
144,1,0.759729972054117
145,1,0.786420059624866
146,1,0.872773593184477
147,0,0.405935852166198
148,0,0.811800239319251
149,0,0.845010646206855
150,1,0.911191887291989
151,0,0.169300147721228
152,0,0.984050934357231
153,1,0.4801113759689
154,1,1.32104413050398
155,1,0.316267600614584
156,1,0.634317837526521
157,1,0.387683421367071
158,1,0.714251019241124
159,1,0.511649429823121
160,0,-0.0759407419464941
161,1,1.19575237101658
162,1,0.913845592137471
163,1,1.8140956770791
164,1,0.745842844350725
165,1,-0.162757221527185
166,1,0.491921551026996
167,1,0.627890078043092
168,1,1.40215451016099
169,0,0.735254075135791
170,1,1.32647624589967
171,1,1.15288780099949
172,1,1.01724449191204
173,1,0.512024701861939
174,1,0.440274770005647
175,1,1.12423307918769
176,1,1.18374630277636
177,1,1.3975496258198
178,1,1.65423691462322
179,0,0.543599677638743
180,1,0.689296359925802
181,1,0.420509614997795
182,0,0.0891955231306255
183,1,1.35687383895454
184,0,0.209757144964651
185,0,0.704456630592458
186,1,0.283996726142076
187,1,0.685783221623351
188,1,1.09448454943183
189,0,0.514135529464083
190,1,1.3039008149138
191,1,0.56157763192184
192,1,0.955386251013648
193,0,0.723142974469492
194,1,0.852129945951425
195,1,1.32104413050398
196,1,0.603323644956287
197,1,0.347030530941527
198,0,0.578561819242995
199,0,0.368430762771035
200,0,0.519408516590756
201,0,0.320693980225636
202,0,0.213185823907119
203,0,0.43527656768786
204,0,0.655357647863957
205,1,1.20117150252099
206,1,-0.131484017715102
207,1,-0.0322127255007931
208,1,0.793095484759746
209,1,1.22527702688579
210,0,0.183633187333386
211,1,1.55146935272103
212,0,0.772563271348833
213,0,0.445789307462247
214,1,0.899859843859609
215,0,0.267576296403438
216,1,0.0376030332020647
217,1,0.810155347232304
218,1,0.570076973711219
219,0,0.221422688011327
220,0,1.08699534798779
221,1,1.21248857691017
222,0,0.272699047495796
223,0,0.364843632327113
224,1,0.496293265974343
225,1,0.76573325267075
226,1,1.00624556603478
227,1,0.773015595109211
228,0,0.488152346890986
229,1,1.3935105363602
230,0,-0.323238902442082
231,1,0.836425313445146
232,1,0.272153700595749
233,1,0.832483112566725
234,1,0.694819336077536
235,1,0.725864946827955
236,0,0.312261222939307
237,1,1.35383847798867
238,1,1.06290280751427
239,1,1.21948765862402
240,0,0.169255298402138
241,1,0.919684140462187
242,1,0.753619300288565
243,1,1.63990422930021
244,1,0.694998360645088
245,0,0.925945048262054
246,1,1.01587204220584
247,0,0.867750624784449
248,1,0.988925704022019
249,1,0.872466266180216
250,0,0.343670993638592
251,1,-0.128259175418715
252,1,0.557538542462238
253,1,1.24922505700815
254,1,1.30613992567088
255,1,0.589224275293613
256,1,0.386779138591012
257,0,0.763850155908501
258,1,1.68615024051626
259,0,0.715844295868226
260,0,1.6836105266294
261,1,0.259083366465671
262,1,0.729940281363249
263,1,0.799432383487135
264,0,0.550275102773623
265,0,0.233622092297182
266,0,0.556942443502512
267,0,0.640166031606902
268,1,-0.0619781238712169
269,1,0.0621837777669547
270,1,0.707004428885306
271,1,2.08639470349749
272,1,0.286085157780822
273,0,0.115713655550554
274,1,1.23000075268755
275,0,0.753483609495208
276,1,0.525982469435279
277,0,0.459689419056922
278,0,0.493752875319917
279,1,1.1102236961545
280,0,0.211294326962761
281,1,1.0493537109872
282,0,1.39862843695062
283,1,1.21682016205854
284,1,0.672062508167145
285,1,0.229997520172591
286,1,1.30740263115296
287,1,0.577924069519007
288,1,1.40079287879866
289,1,0.676540101897092
290,1,1.58091055547262
291,1,1.4112186053197
292,1,1.33179003967221
293,1,0.282384556215685
294,1,0.296392562678713
295,1,0.753351912391715
296,0,0.816313221392141
297,0,0.780518251298589
298,1,1.27082763239919
299,1,0.303393020962722
300,1,1.73067772179304
301,1,1.0374922747584
302,1,1.616772129351
303,1,1.12494887642005
304,1,-0.417831653181095
305,1,1.21918085137784
306,1,0.698642339238959
307,0,0.0931157711296669
308,1,0.656895825648877
309,1,-0.17974140884834
310,1,1.44207710709658
311,1,0.970850124951262
312,0,0.667971803247697
313,0,0.289775778582923
314,1,0.373862878166729
315,0,-0.114159305200405
316,1,1.38788252778238
317,1,1.58594246509071
318,1,0.626610523228216
319,0,0.430936198330911
320,1,1.50153168964616
321,1,1.01221258229395
322,1,0.859046094305743
323,0,0.686687504399409
324,1,0.0861153128456578
325,0,0.648249294711594
326,1,1.32037247805311
327,0,0.970502833616965
328,1,1.02352965668312
329,1,1.60547445070472
330,1,0.536289354495762
331,1,1.64774895275103
332,0,0.153235594278513
333,1,0.507742973544079
334,0,0.51236522705548
335,1,1.4208279191301
336,1,0.12612136289886
337,0,0.553642047714979
338,1,-0.60637467950297
339,0,0.3450014255977
340,1,1.05421398439439
341,1,0.502968691109223
342,1,0.349600782669391
343,1,0.955342562950309
344,0,0.93366044696635
345,0,0.881554114590705
346,1,0.0131419868304845
347,1,0.578299341557825
348,0,0.263048818072947
349,1,1.04961822597145
350,0,0.365891048884177
351,0,0.455586084535335
352,1,1.04707783531702
353,1,0.753145407675277
354,1,1.49896399505478
355,1,0.94825850211839
356,1,0.119902981044471
357,1,0.745593179913224
358,0,1.24218584549532
359,1,0.662454051168816
360,1,1.27699054184048
361,0,0.367784071828984
362,1,0.581096682627917
363,1,0.913919584278942
364,1,0.707004428885306
365,1,0.15017477973644
366,1,0.615909463379069
367,1,0.168395864945169
368,1,1.06400096540463
369,0,0.176794719504616
370,1,1.41259105502589
371,0,1.68165882729628
372,1,0.895017905401279
373,1,1.09882491878878
374,1,0.890448811655751
375,0,-0.120730700908444
376,1,-0.140777740070748
377,1,1.07896498860002
378,0,0.130754227944576
379,0,-0.0137352097138073
380,1,1.10842305996618
381,1,1.25140098451706
382,0,0.508807239433939
383,1,0.834159399306749
384,1,-0.257595600618572
385,1,0.531847512848457
386,0,0.826501784829471
387,1,-0.0920223295015227
388,1,0.563830611152309
389,0,0.657783239810367
390,0,0.237638285317074
391,1,1.17857870236492
392,1,0.376516583012211
393,1,0.991383515685379
394,1,0.599412838730943
395,1,0.86266070489855
396,1,-0.283157177237477
397,0,0.616617852973007
398,0,0.314018555090757
399,1,1.24056423387456
400,1,1.22474716130377
401,1,1.10587526167334
402,1,0.491144019793525
403,1,0.446566838695719
404,1,1.38527367225599
405,1,1.01301183264393
406,1,0.695363697917158
407,0,-0.18557510667112
408,1,1.10587526167334
409,1,1.20660361791669
410,1,1.09034007325701
411,1,1.41741981325373
412,1,0.922864837977087
413,1,0.765759563059018
414,0,0.47908825173228
415,1,0.507428758738805
416,0,0.983297695444203
417,1,0.153679468888204
418,1,1.31154710732779
419,0,0.156714829854081
420,1,0.332683179851285
421,0,0.464846072876162
422,1,1.54630175230958
423,1,1.64794484593315
424,1,1.04012861043368
425,1,-0.487438034254912
426,0,-0.0897390461929214
427,1,1.15401226927811
428,0,-0.167345572311703
429,1,1.14037330778181
430,1,0.135390273175977
431,1,0.890823729405424
432,1,1.0475466436655
433,1,0.587509630077625
434,0,0.521446206896209
435,0,1.10563568042788
436,1,0.774394595641754
437,0,-0.264287875086248
438,0,-0.470557196349906
439,1,1.44903185924942
440,1,0.376840239591183
441,1,-0.208374411543633
442,1,0.710525651593747
443,1,0.718728612971072
444,1,1.03054304987506
445,0,0.0387775555908597
446,0,0.314996830008286
447,0,0.296554553133952
448,1,1.40018596149507
449,1,1.00002748948618
450,0,0.669855235067838
451,1,0.463671904776511
452,1,0.845029000437484
453,1,0.352187184760767
454,1,0.550147320094999
455,1,1.52579634227999
456,1,0.787202441360274
457,1,0.836425313445146
458,0,0.227714756701399
459,0,0.72471249784481
460,1,1.11249354399954
461,1,1.11158926122348
462,1,0.378709005564772
463,0,0.884668227602555
464,1,1.23629282137762
465,1,0.793095484759746
466,1,1.23499792394863
467,0,1.11284942029546
468,0,0.961649482187127
469,1,0.207410767123429
470,0,0.584140127999784
471,1,0.604583804028268
472,0,0.119934326634869
473,1,1.1451530065523
474,1,0.343911716858031
475,1,1.24984832975631
476,1,0.267147233827468
477,0,-0.149992879092486
478,1,1.27441476284312
479,0,1.27235026915635
480,0,0.0313952744416839
481,1,0.378468282345334
482,1,0.922072810486014
483,1,0.966313508123048
484,1,2.03128049030485
485,0,1.12386521478729
486,1,0.909811353179805
487,0,0.0344371862339105
488,1,0.574036023922436
489,0,0.374836302582322
490,1,-0.112614715563873
491,1,2.02213934342458
492,1,0.522350489672267
493,0,0.572067475256517
494,0,0.72471249784481
495,0,0.0174375068683436
496,0,0.693448920506619
497,1,0.454734561160392
498,0,0.269903267775378
499,0,0.891388482774752
500,1,0.849069131409352
501,0,0.493181710098978
502,1,0.618117593290449
503,1,-0.180997702478809
504,1,0.786375210305776
505,1,0.997700518114238
506,1,1.13281046848544
507,1,0.203540090697064
508,1,1.52014404138173
509,1,0.60636759088379
510,1,0.433513353898437
511,0,1.20102045865796
512,0,0.521097738238707
513,1,0.537549513567743
514,1,1.00889533717362
515,1,1.14745568560379
516,1,0.646125659509423
517,0,0.326807005066383
518,1,0.757778272720994
519,1,0.90334970169588
520,1,0.356555534822237
521,1,0.131086668732128
522,1,1.616772129351
523,1,1.56834210622005
524,0,0.243792245052041
525,1,1.16847614918169
526,1,0.843869328595434
527,1,0.845837877261353
528,0,0.22381826195414
529,0,0.542626253223151
530,1,1.22187632864785
531,0,0.868037359440838
532,0,0.283100353448044
533,0,0.319629695054003
534,1,1.35566239464316
535,0,-0.00169631026713185
536,1,0.98042636223264
537,1,1.6436044765762
538,1,0.725106672633474
539,1,0.774394595641754
540,0,0.639187756689372
541,1,-0.141476687970311
542,1,1.18500646184835
543,1,0.802099880052616
544,0,-0.0980947517576901
545,1,1.30398426803142
546,0,0.215333416422363
547,1,0.939211275574254
548,1,1.2293973955197
549,1,1.08828298720866
550,0,0.105762146230358
551,1,0.212093577312739
552,1,1.0106599275332
553,1,0.67982359372083
554,0,0.150838839848697
555,1,1.76790092703375
556,0,-0.299842121960361
557,1,1.03651399984087
558,1,1.53447708099388
559,1,0.711344798242255
560,1,0.833269428008775
561,1,0.689296359925802
562,1,1.17869754382548
563,1,0.961814010497077
564,1,0.597740485697561
565,1,1.66331785911472
566,1,0.238465516371572
567,1,1.18037935783501
568,0,1.15773024001345
569,1,0.69705291956511
570,1,1.47763135397069
571,1,1.75423398483292
572,1,1.09440714342113
573,1,0.995613127987758
574,1,1.19594624613088
575,1,1.59491802286699
576,1,1.12821619567856
577,1,1.33081661525662
578,1,0.602504998863414
579,1,1.11592963058043
580,1,1.10990003957553
581,1,0.351950149925405
582,1,0.47676128036034
583,1,1.68012320664784
584,0,0.178211683472008
585,0,0.200369393226973
586,1,0.294893679173344
587,1,0.306165047431356
588,1,1.47496385740521
589,1,1.37632841855784
590,1,0.211148133601667
591,0,0.362334587263084
592,1,1.0243289070331
593,1,0.561878911819187
594,1,0.773416320724224
595,0,0.444333255208144
596,1,0.434016408615878
597,1,1.31048029502783
598,1,0.761853626538061
599,1,0.627890078043092
600,1,0.465358569287978
601,0,0.638326622907992
602,0,0.414263252438886
603,1,0.137762093867007
604,1,0.997851561977269
605,1,0.737936422248018
606,1,0.325770719881043
607,0,1.12366932160517
608,1,1.53231263914584
609,1,0.455630933854425
610,1,0.226562307718254
611,1,1.18932461153315
612,1,1.37964566367817
613,1,0.98042636223264
614,0,0.636056794344726
615,1,1.17046067972127
616,1,0.52238587801521
617,1,1.01866867873833
618,1,0.911849043485258
619,1,-0.325627572465908
620,1,0.2555422474587
621,1,0.542863307340285
622,1,0.47917911248832
623,1,1.41524475987138
624,1,0.0426666426996967
625,1,1.27082763239919
626,1,1.16507289380726
627,1,1.26203342256408
628,0,0.408949458666343
629,1,0.543351696211174
630,0,0.153397584733752
631,0,0.880267301567698
632,0,0.364792398926445
633,0,0.284047467475369
634,0,0.811972852035192
635,0,0.9601859870247
636,0,1.10567936849121
637,0,1.38275977669002
638,0,1.08819212645262
639,0,0.423393932100641
640,0,0.365770673843975
641,0,0.539830473502733
642,0,0.520651826329941
643,0,1.25747286770457
644,0,1.08651031244309
645,0,0.542717113979191
646,0,1.50737988372654
647,0,0.521572958438796
648,0,0.693661663021537
649,0,-0.166244541508743
650,0,0.77334717908469
651,0,0.977346151947673
652,0,-0.043968255176957
653,0,0.913699398776376
654,0,0.826501784829471
655,0,1.86897285543638
656,0,0.220696390178524
657,0,0.0192695079288326
658,0,0.429172984541488
659,0,1.07641922760625
660,0,0.756518113649013
661,0,1.60236289482935
662,0,0.443769497625627
663,0,0.588554489498204
664,0,0.94580069045503
665,0,-0.336328632315054
666,0,0.828957039356347
667,0,1.16663433277659
668,0,0.776365690717771
669,0,-0.0565454886381139
670,0,0.665531715043685
671,0,0.791294829289654
672,0,-0.263429298441352
673,0,0.571697053719636
674,0,1.07120625612153
675,0,-0.100534655182185
676,0,1.57091788521742
677,0,2.17445430803785
678,0,0.612960939471209
679,0,0.638905872534921
680,0,1.24014815518987
681,0,0.827133122701848
682,0,0.60773315595277
683,0,1.25448119480203
684,0,0.69245864675823
685,0,0.100297308594784
686,0,0.818964369101138
687,0,0.675438394326564
688,0,0.809397073037823
689,0,0.606188566316238
690,0,0.725164821605188
691,0,0.5614867711658
692,0,0.273672471911388
693,0,0.725283663065749
694,0,0.21158106161915
695,0,0.770688623737271
696,0,0.0672917168255916
697,0,1.01918928732617
698,0,0.481680899344218
699,0,-0.0818943227421005
700,0,0.272894940677917
701,0,0.333962734666161
702,0,0.17791918778324
703,0,0.524565170409996
704,0,0.510754088265125
705,0,1.32509620385486
706,0,0.0426666426996967
707,0,0.377776742084193
708,0,0.708264587957287
709,0,0.520668675662737
710,0,0.86535301354256
711,0,0.808203647899181
712,0,0.716212160268622
713,0,0.277875097057931
714,0,0.190811813372875
715,0,1.64692172169653
716,0,0.0780246421025446
717,0,-0.128705087327481
718,0,0.904004320034437
719,0,0.348190387563094
720,0,1.54109386508967
721,0,0.837193903460554
722,0,1.21715260284609
723,0,0.46558244317462
724,0,0.938221001825864
725,0,1.05518740880998
726,0,0.847186573715763
727,0,1.24063319073457
728,0,0.179863983197376
729,0,-0.0940794155498706
730,0,0.12702818352963
731,0,0.379446557262863
732,0,0.449203174370996
733,0,1.27696256113596
734,0,1.27479811928792
735,0,0.678859815060902
736,0,1.49481951887996
737,0,0.888026388335332
738,0,0.225821698407366
739,0,0.787410333373255
740,0,0.81856620062261
741,0,0.990181012592064
742,0,0.24670238047578
743,0,2.00571891368595
744,0,0.757422396425072
745,0,0.698505087095927
746,0,0.580814798473465
747,0,0.351866696807787
748,0,0.572315456684086
749,0,-0.412664052769647
750,0,0.708805084355397
751,0,0.50436708738466
752,0,0.840707041763006
753,0,0.875527080722289
754,0,0.780399409838028
755,0,0.835017975951646
756,0,1.42909276393883
757,0,0.630123661530667
758,0,1.11256753614101
759,0,0.837885443721696
760,0,0.361790225423462
761,0,1.20523254485998
762,0,1.37425787776416
763,0,-0.188566779573658
764,0,0.656304577191088
765,0,-0.608326378836093
766,0,1.59458643889151
767,0,0.277831444343818
768,0,0.377776742084193
769,0,0.520668675662737
770,0,0.663298131556111
771,0,0.378203247523678
772,0,0.557982417071928
773,0,0.649139266009568
774,0,1.85712982989005
775,0,0.358225350000908
776,0,1.14525803897838
777,0,0.664553440126156
778,0,1.83573700569896
779,0,0.382414476913619
780,0,1.22005141620654
781,0,1.49896399505478
782,0,-0.295606785029494
783,0,1.2567147782896
784,0,0.822092273832988
785,0,-0.0667340520754443
786,0,0.830577119364765
787,0,0.965070718221271
788,0,-0.27564573683952
789,1,-0.133299150161022
790,0,-0.145697359054626
791,0,1.03139609925045
792,1,0.362183543400053
793,0,0.278759984091094
794,1,0.678136929209363
795,1,0.0784447634604523
796,1,1.31019841087338
797,1,0.64431050778173
798,1,0.138752367615396
799,0,0.408949458666343
800,0,0.639187756689372
801,0,0.389876198208776
802,1,0.576842935014578
803,1,0.392655128596397
804,1,1.34163616227718
805,1,1.34237677158807
806,1,1.04168160025232
807,1,0.841114151459596
808,1,1.08336336822478
809,1,0.529136671861718
810,1,0.844313203205125
811,1,0.582083041951436
812,0,0.871382604547461
813,1,0.360895904179186
814,1,0.868851655587409
815,1,0.756490132944492
816,1,1.0179602891444
817,1,1.07098711221055
818,0,-0.256309998696782
819,1,0.760031251951464
820,1,0.848209697952383
821,0,0.753082027068122
822,1,0.542609403890354
823,1,1.45297406012784
824,0,0.915243988412908
825,1,1.03651399984087
826,1,0.905439638232458
827,1,-0.0411724754565398
828,0,1.25339753316927
829,0,0.490104046224109
830,1,0.452570119312352
831,0,0.712988313759044
832,1,0.768675225752262
833,0,0.90572152238691
834,0,0.809397073037823
835,1,0.969393718408016
836,1,1.21084368482322
837,1,0.227081857479347
838,1,0.786118779727519
839,1,0.735525997758459
840,1,1.55407820824742
841,1,1.15964077841156
842,1,0.99729426522972
843,1,1.57501753135493
844,0,0.104781314176343
845,0,-0.174422764573861
846,1,0.82047219382457
847,1,1.65208932210798
848,1,0.485694535227626
849,0,0.134674475943618
850,1,0.139142135911816
851,1,1.06088940952926
852,1,1.19759177971549
853,1,-0.0958431490973785
854,1,0.894387598664938
855,1,0.839944853143655
856,1,0.76274104069955
857,1,0.162607873253553
858,0,0.0398175645095019
859,1,1.28133091119743
860,0,0.867042235190512
861,1,1.35102074538887
862,1,0.555331269362931
863,1,1.22404077049589
864,1,1.00631955817625
865,1,0.890279367565802
866,1,1.73529606087957
867,1,1.08358724211142
868,0,0.450625323898216
869,1,0.589224275293613
870,0,1.23219317524011
871,1,1.23678861788693
872,1,0.794073759677275
873,1,1.64302522694927
874,1,1.35574901638678
875,1,-0.114703667040028
876,1,1.35598605122214
877,1,0.597151274538848
878,1,1.27842269141251
879,0,0.20875946357784
880,0,0.894688878562285
881,0,1.30559556383126
882,0,0.17525909885618
883,0,0.626985795267033
884,0,-0.171242067058962
885,0,1.24699199335798
886,0,0.545976348831711
887,0,1.49458246476282
888,0,1.49673041156721
889,0,0.277139904082677
890,0,0.537441803478907
891,0,0.472156396019144
892,0,1.22702557482867
893,0,0.351821847488697
894,0,0.272995427907849
895,0,1.32925517628729
896,0,0.678006765685511
897,0,0.81763393714203
898,0,0.13396608634968
899,0,0.610445482555569
900,0,1.26892159021388
901,0,0.110502721364911
902,0,0.00751397825266875
903,0,-0.262814809901771
904,0,0.604415891550667
905,0,0.621492622637795
906,0,0.157294079481011
907,0,0.25557022816322
908,0,1.12202580608838
909,0,1.09949465560084
910,0,0.741329862277835
911,0,0.982447203205297
912,0,0.317324478147795
913,0,0.840049885569736
914,0,0.863054879687213
915,0,0.664038386577855
916,0,0.438631254488858
917,0,0.423026067700245
918,1,0.552814816660481
919,1,0.787185592027478
920,0,0.641897545437459
921,0,0.596151046741939
922,0,0.795333918749257
923,1,1.6436044765762
924,1,0.914840716387797
925,1,0.585118402917314
926,0,1.2770739949581
927,1,-0.13998335950448
928,1,1.39110737007877
929,0,0.742670109581558
930,1,-0.022084364452227
931,1,0.991986518564092
932,1,1.63910497895023
933,1,0.757403000682176
934,1,0.6901235909803
935,1,0.651549690499127
936,1,1.58227356340512
937,1,0.333678323383384
938,0,0.496796320691784
939,0,0.544151447116788
940,1,0.561458790461279
941,0,0.112912791565326
942,1,1.3548167529062
943,0,0.561547327843708
944,0,0.571607067090149
945,1,-0.151741427035356
946,1,0.733846737642291
947,0,0.564112495306761
948,1,0.867622842105826
949,1,0.380555672471813
950,1,0.726061194299221
951,0,0.544577952556273
952,0,0.0287774776972294
953,0,0.0999452977403747
954,1,1.03482477819292
955,1,1.4603489336386
956,1,1.01088328158243
957,0,0.601773528050249
958,1,0.897680551464824
959,1,0.217584834303158
960,1,1.30542295111532
961,1,1.29964389867447
962,0,0.218549317500688
963,0,0.837193903460554
964,0,0.814770193105283
965,0,0.917732441129064
966,0,1.07409762657365
967,0,0.775102985235691
968,0,0.8298190299498
969,0,0.598404025972408
970,1,0.864963245246141
971,1,0.806021186878404
972,1,0.548474447303532
973,0,0.190459656331297
974,0,0.558663010740862
975,0,0.178515286742966
976,0,0.316993359378726
977,0,0.649492604450779
978,0,0.322466635709433
979,0,-0.176568795739431
980,0,1.05077789781349
981,0,0.835513623030665
982,0,0.789946132835244
983,0,0.277413203275503
984,0,1.39645250944171
985,0,0.966424941945187
986,0,1.18875191273257
987,0,0.350459359314287
988,0,1.11284942029546
989,0,0.878962293176626
990,0,0.46730301041297
991,0,0.464951105302244
992,0,0.345968802906379
993,0,0.525538594825588
994,0,1.30155443707258
995,0,0.699245342117671
996,0,0.687472443271302
997,0,1.10991638843201
998,0,0.505459690235478
999,0,0.811145620980693
1000,0,0.827608342901936
