Subj,Class,risk_ori
1,1,0.510846424138765
2,0,0.70935524973184
3,0,0.409281909606908
4,0,0.314969175897728
5,0,0.48310712999411
6,0,0.263883340228672
7,1,0.16836645746339
8,1,0.0275066991448723
9,1,0.241176165910706
10,1,0.472903760791752
11,1,0.492516186815947
12,0,0.221544135435378
13,1,0.171696487077802
14,0,0.223185539840973
15,1,0.3093246120258
16,1,0.16757133246504
17,0,0.267759904248036
18,0,-0.0577586065400663
19,0,0.129097050123956
20,0,0.248129463572393
21,0,0.183859150097231
22,1,0.184299949608206
23,1,0.208145573164091
24,1,0.237392191171597
25,0,0.418907384176343
26,0,0.473035591052348
27,0,0.135839067854466
28,0,-0.0858455813331636
29,1,0.31190898146506
30,0,0.114615102022432
31,1,0.499281307936278
32,1,0.269660338599871
33,1,0.374111043028059
34,1,0.166784323521725
35,1,0.461451224061881
36,1,0.442308922979164
37,1,-0.0364354320694051
38,0,0.423600632006987
39,0,-0.0204931056442884
40,1,0.444507816748276
41,0,0.456395593995499
42,0,0.638537431243003
43,0,0.283076915522606
44,0,0.323921520615243
45,1,0.527778440237643
46,1,0.444609005006165
47,0,0.273171995782114
48,0,0.212312076545015
49,0,0.641521251425075
50,0,0.251726557163233
51,1,0.342355204772415
52,1,0.498035298829018
53,0,0.506381658272917
54,0,0.274183151313126
55,1,0.171589466598809
56,1,0.496079080431933
57,1,0.204721247603313
58,0,0.345015165550695
59,0,0.270300755072658
60,1,0.119455941918375
61,1,0.367884963145683
62,1,0.39486281390827
63,1,0.261647228753017
64,0,0.316811250650416
65,0,0.184662600845735
66,0,0.206639696606597
67,1,0.166216230303844
68,0,0.0642976592864017
69,1,0.693981016524604
70,1,0.434640479424643
71,1,0.120480057284682
72,1,0.395532908001869
73,0,0.312338662988789
74,1,0.339736832290654
75,1,0.421682183003704
76,0,0.387871473625299
77,1,0.252622870419472
78,0,-0.0269469355323987
79,0,0.449068211878391
80,1,0.25033061018825
81,0,0.239443492875409
82,0,0.422464445571225
83,1,0.0528424487556797
84,0,0.471040908856777
85,1,0.275421338624607
86,0,0.306726267513875
87,0,0.355076511636787
88,0,0.37695241913976
89,1,0.346480359385178
90,1,0.139939871417207
91,1,0.307242937321071
92,0,0.119071150474404
93,1,0.51130193788403
94,0,0.341289740637946
95,0,0.0741407162633678
96,1,0.238266461625859
97,0,0.0273804278778988
98,1,0.502627089399983
99,0,0.231302996365969
100,1,0.254095098689372
101,0,0.387309212628522
102,0,0.224769936584794
103,1,0.319905645057938
104,0,0.519773954848986
105,0,0.170196286380356
106,1,0.472199925454878
107,0,0.236004065992392
108,1,0.500535221839584
109,0,0.3055335096725
110,1,0.363762061379665
111,1,0.689677486785527
112,0,0.279543427772796
113,0,0.316125429964991
114,1,0.335613930524637
115,1,0.644343835480377
116,1,0.346503933030249
117,1,0.265535183987109
118,0,0.348083181779142
119,0,0.206199308094317
120,1,0.260977947277247
121,1,0.0695062926850815
122,0,0.446999917963063
123,1,0.286458393805171
124,1,0.368307704255259
125,0,0.306158174295994
126,1,0.312775430123544
127,0,0.378042188878362
128,0,0.496514320949285
129,1,0.263138249079316
130,1,0.366295007408239
131,0,0.323309282166416
132,1,0.241170333689602
133,1,0.384990338545121
134,1,0.257113472732547
135,0,0.352582147619844
136,0,0.349377940496236
137,1,0.266239288325772
138,0,0.380667142793678
139,0,0.115655390192137
140,1,0.558219985933001
141,0,0.333081797113891
142,0,0.426135557654825
143,1,0.1169229958898
144,0,0.163673209632746
145,1,0.0837055431740327
146,1,0.0682343641303269
147,1,0.461782484307346
148,1,0.0737068090639178
149,0,0.0358688104380631
150,1,0.419641861515923
151,0,0.379132510897061
152,1,0.185470689905071
153,1,0.496066120596638
154,0,0.483033914163767
155,1,0.161041338148438
156,0,0.474827768788658
157,1,0.351640243174023
158,0,0.324144191761146
159,1,0.183528667256717
160,1,0.276669420306809
161,0,0.323796758712283
162,0,0.24080644208985
163,1,0.178461608198134
164,1,0.35987176034315
165,1,0.296528457305139
166,1,0.468435436953756
167,0,0.0345294348686928
168,1,0.438848303466378
169,0,0.299353294207186
170,1,0.468778606178989
171,1,0.591892010389773
172,0,0.380042478170184
173,0,0.0919857169973137
174,0,0.331091117811382
175,0,0.212042245812057
176,1,0.388648588197892
177,0,0.320575739151538
178,1,-0.00627460436735757
179,0,0.12620379186999
180,1,0.179367815825094
181,1,0.390697627099549
182,0,0.0226972546897783
183,0,0.477621822629689
184,1,0.0950180364069009
185,0,0.419811519228361
186,1,0.526631542587639
187,1,0.343939601516236
188,0,0.42720328459145
189,1,0.0471178890325359
190,0,0.351446234411563
191,0,0.159908721131624
192,1,0.367701029025746
193,0,-0.0247488543811159
194,1,0.353932503405246
195,0,0.189024592879699
196,1,0.300410853545608
197,1,0.499382496194167
198,0,0.15015977982922
199,0,0.33020472418333
200,1,0.0562931738977445
201,1,0.0625071306063318
202,1,0.0298361870380487
203,1,0.347733495883533
204,1,0.248734822229702
205,1,0.305429255950036
206,0,0.29402537587432
207,0,0.354537824285081
208,1,0.0728183329055127
209,1,0.121058764312339
210,1,0.323990767474743
211,0,0.612950379460471
212,0,0.254317079879379
213,1,0.559310307951701
214,1,0.346498374036626
215,0,-0.066695468410079
216,0,0.228303424334604
217,0,0.281604687252707
218,0,0.412484137111253
219,0,-0.0771144404007049
220,1,0.451835198865384
221,0,0.365056820096759
222,0,0.241989813963665
223,1,0.37608370767912
224,0,0.179745386699196
225,0,0.434063761748566
226,1,0.200117514130363
227,0,0.0182302260217742
228,0,0.247686401259262
229,1,0.456061541736036
230,1,0.29583680439861
231,1,0.0885050343018142
232,1,0.320545874553782
233,0,0.169434184400015
234,1,0.521850070560092
235,1,0.226008123896275
236,0,0.343550759076574
237,0,0.622221293589947
238,0,0.371805128779954
239,0,0.440563290108572
240,0,0.119751138938725
241,1,0.338490730227715
242,1,0.146401582280782
243,0,0.0774707458777805
244,0,0.360931665483996
245,0,0.556586932535026
246,1,0.403951590700673
247,1,0.409087900844448
248,1,0.252923899660927
249,0,0.244831648806946
250,1,0.179928004246929
251,1,0.486238815468964
252,1,0.596359039057777
253,0,0.583718348865419
254,1,0.483214963090933
255,1,0.202275563085687
256,0,0.577883766604086
257,0,0.0635112517019274
258,1,0.304194134103129
259,1,0.097316128859228
260,0,0.323228665494401
261,1,0.349230075203454
262,0,0.253329379557197
263,1,0.259995292038902
264,0,0.0641029185648795
265,0,0.155675733422038
266,0,0.114036028588519
267,0,0.14120240977871
268,1,0.390392980706261
269,0,0.128949184831175
270,1,0.437123956181234
271,0,0.289362911104691
272,0,0.45054044014829
273,0,0.136525620498954
274,1,0.154421819518732
275,1,0.154954215917753
276,0,0.0656857844656062
277,1,0.4032477553638
278,1,0.261876934334338
279,1,0.50821151244735
280,0,0.535709705570267
281,0,0.136883246403487
282,1,-0.046262737197079
283,1,0.615813798374149
284,1,0.494768688078693
285,1,0.661156648669917
286,1,0.428211673365931
287,1,0.360557581028575
288,0,0.211700371756816
289,1,0.0381876845214637
290,0,0.278409494183778
291,0,0.233608910614075
292,1,0.22133366812203
293,1,0.184058991080796
294,0,0.420443995692223
295,1,0.470828885442869
296,1,0.281164298740427
297,1,0.40165933046945
298,0,0.0660276585208475
299,1,0.166352383421531
300,0,0.425885764847114
301,0,0.234046409707892
302,0,0.161719337038084
303,0,0.517834195002788
304,0,0.313934177719855
305,0,0.0940915299241239
306,0,0.267728508807187
307,0,0.173897633693659
308,1,0.258124628263559
309,0,0.0883443021294175
310,1,0.241288241428948
311,0,0.476616499319782
312,1,0.369542826102166
313,1,0.263018268765028
314,1,0.492522019037051
315,0,0.17915672189544
316,1,0.506608690053386
317,0,0.220049889620968
318,1,0.603811960482796
319,1,0.10626558415828
320,0,0.260320446612686
321,0,0.0510419074917427
322,0,0.571011898232242
323,1,0.445030318776576
324,1,0.306834100610698
325,0,0.281617280681746
326,0,0.130569278393856
327,0,0.418210949681142
328,0,0.520700107445514
329,0,0.219937721147047
330,0,0.239206293496737
331,1,0.272320299378151
332,0,0.40927408781113
333,0,-0.115637379395943
334,0,0.448187650471443
335,0,0.229720862424305
336,1,-0.056912327132821
337,1,0.484570065252129
338,0,0.231535057705125
339,0,0.344898225443513
340,0,0.599104432018962
341,0,0.0851777714439322
342,1,0.420198563519077
343,0,0.734343233809747
344,1,0.386232861233701
345,1,0.305429255950036
346,0,0.038755777739345
347,0,0.0758749579192327
348,0,0.565842565070459
349,1,0.317707563906655
350,1,0.359013216480712
351,1,0.0887348328388136
352,1,0.176955575279583
353,0,0.568506105223098
354,0,0.221567709080448
355,0,0.236004065992392
356,1,0.181952092308675
357,0,0.236564347369906
358,0,0.524033202524501
359,0,0.48816282346587
360,0,0.118161183201281
361,1,0.370465753210583
362,0,0.465706229315977
363,1,0.243003228071142
364,1,0.393595208210607
365,1,0.366116632281925
366,1,0.371655283867909
367,1,0.419860175882516
368,1,0.477141494877131
369,0,0.144775929724479
370,0,0.178719222801623
371,1,0.300631240487143
372,1,0.143199354776437
373,1,0.155107640204157
374,0,0.146933978679804
375,0,0.295121119115429
376,0,0.581323100531423
377,0,0.302374893738472
378,1,0.591166132250922
379,0,0.243899541327381
380,0,0.406089131475501
381,0,0.242746908637644
382,1,0.250913442770901
383,0,0.45556982276875
384,0,0.441071548285512
385,1,0.42844147190293
386,0,0.159800888034801
387,1,0.262365979500772
388,0,0.165730070330181
389,1,0.31877529084328
390,0,0.555631374072322
391,1,0.457763568542935
392,0,0.184899438266937
393,0,0.0732307489902452
394,0,0.181921450305968
395,1,0.32344068890831
396,1,0.297342837317161
397,1,0.197348274296625
398,0,0.391079533350748
399,0,0.328956642501128
400,0,0.323796758712283
401,0,0.336660876053282
402,1,0.416835510886656
403,1,0.415753813326153
404,1,0.328280716186424
405,1,0.285748267515613
406,0,0.321837053896517
407,1,0.546727417007172
408,1,0.371476908741595
409,0,0.274183151313126
410,0,0.208111924876496
411,0,-0.0381622728835978
412,1,0.325615196414522
413,1,0.0707264653451142
414,0,0.263883340228672
415,0,0.360245844798571
416,0,0.255163628288415
417,0,0.0243095264566803
418,1,0.25047038045777
419,0,0.306726267513875
420,1,0.0650321366259816
421,0,0.310283328908756
422,1,0.440905164163813
423,0,0.280721236427297
424,1,0.436188342688098
425,1,0.247363782217692
426,0,0.125563562374145
427,1,0.413650554551027
428,1,0.576156925789893
429,0,0.231878911379629
430,1,0.473004949049641
431,0,0.528731231943816
432,1,0.18937510369005
433,1,0.111063599621173
434,0,0.633822165867848
435,0,0.333063782462443
436,1,0.292055776687833
437,0,0.511098479748632
438,0,0.30329782084689
439,1,0.26724461163568
440,1,0.436555862963353
441,0,0.29330969059114
442,1,0.386499193251066
443,1,0.492616198116991
444,0,0.0509078144289907
445,1,0.44146742516059
446,0,0.376998010329341
447,0,0.386583452702818
448,0,0.436464749347987
449,0,0.427264440653381
450,0,0.106945845850082
451,1,0.0624913787570395
452,0,0.404713692681014
453,1,0.287536122394832
454,0,0.393923428248965
455,1,-0.0405417946257685
456,0,0.559756528685085
457,0,0.397255716439842
458,1,0.542764464717325
459,1,0.258356406419822
460,1,0.183149023807673
461,0,0.210113995393732
462,0,0.219983312336628
463,1,0.386131672975811
464,0,0.641521251425075
465,1,0.0973104769099261
466,1,0.391291556764657
467,1,0.119415097104588
468,0,0.407444233636696
469,1,0.422148818961905
470,1,0.230269431626725
471,0,0.301227996088468
472,0,0.170330497656254
473,0,0.276675252527913
474,1,0.27167303544689
475,1,0.30417534204673
476,1,0.385221705702689
477,0,0.322776153808333
478,1,0.306325569206276
479,0,0.382033132215226
480,0,0.177283795317941
481,1,0.147502071897685
482,1,0.206553364579902
483,1,0.136612882009902
484,0,0.512095237780029
485,0,0.305040413510375
486,0,0.193373987035839
487,1,0.410458940856458
488,1,0.302227028445691
489,0,0.551748884876174
490,0,0.235436246001993
491,1,0.596897726409483
492,1,0.233837392578871
493,0,0.257548713249899
494,1,0.425340432656475
495,0,0.140781369235781
496,0,0.234638076570844
497,0,0.278628678911002
498,0,0.327353820107164
499,1,0.292875808649157
500,1,0.32024751911318
501,1,0.367924995341641
502,1,0.568829543672785
503,1,0.292640409115369
504,1,0.224102907955768
505,1,0.356855167525388
506,0,0.385235359719572
507,1,0.481247857433494
508,0,0.320015550729704
509,0,0.234979950626085
510,1,0.368498647553145
511,1,0.308413076132109
512,0,0.248467758253275
513,1,0.219977753343005
514,1,0.454100268299702
515,1,0.561608400404028
516,0,0.576401580558087
517,0,0.259178701183301
518,0,0.110732612826284
519,0,0.304685853070415
520,0,0.42764634690458
521,0,0.267079735511913
522,0,0.12481847122479
523,1,0.460192255342421
524,0,-0.0878126869906018
525,1,0.399174165443125
526,1,0.155574545164149
527,1,0.185686716212041
528,0,0.278695771170711
529,0,0.0847981279948884
530,0,0.312113183083189
531,1,0.400591603532826
532,0,0.250688236092783
533,0,0.287543156830248
534,0,0.364376558404956
535,0,0.200482961830675
536,1,0.0634170978794544
537,1,0.118505129831465
538,0,0.168866091182133
539,0,0.33650320934546
540,0,0.47199646731948
541,1,0.217208513509267
542,0,0.344661119020521
543,0,0.0532157082963594
544,1,0.331475909255353
545,1,0.339010166791442
546,1,0.262580769671211
547,1,0.115680473201221
548,0,0.376840250665839
549,1,0.361125674246456
550,0,0.405024171295406
551,0,0.401752696931561
552,0,0.446415285535527
553,0,0.313835242308711
554,0,0.0351995289622924
555,1,0.128375532619671
556,1,0.261569614140199
557,1,0.300506478584183
558,1,0.491020384900976
559,0,0.057660458489284
560,0,0.504229168311215
561,0,0.302033019683231
562,0,0.221825387089315
563,0,0.358278739141132
564,1,0.271538942384138
565,0,0.308999184001439
566,0,0.195287014816713
567,0,0.52747818840114
568,1,0.340075126971536
569,0,0.351107846775002
570,1,0.0907019384962518
571,1,0.214904862063317
572,1,0.419524134048379
573,0,0.4119112623047
574,0,0.286889601946303
575,1,0.544913314682031
576,1,0.101760786096473
577,1,0.249863705228258
578,0,0.443549192820998
579,0,0.365038028040359
580,1,0.374111043028059
581,1,0.0225032459273181
582,1,0.280590646528924
583,1,0.464597246566869
584,0,0.259582000302264
585,1,0.124608003911442
586,1,0.484570065252129
587,0,0.166173132643312
588,1,0.24779541131293
589,0,0.115307957143273
590,1,0.44920106457892
591,0,0.217909459427677
592,0,0.188557956921498
593,0,0.201409114427203
594,0,0.337333736903413
595,1,0.424329277125463
596,0,0.551781882636716
597,1,0.0609069820132189
598,0,0.371805128779954
599,0,0.280661188558415
600,0,0.430074525300906
601,0,0.124444386769369
602,1,0.262002062643554
603,1,0.153416496208824
604,0,0.235654380096783
605,0,0.50966305226495
606,0,0.444841869007738
607,1,0.672454383918545
608,1,0.3578663230564
609,1,0.361265717743458
610,1,0.236151931285173
611,1,0.401277424218251
612,0,0.275648345147609
613,1,0.715426429886019
614,0,-0.0223409492127028
615,1,0.57096880057171
616,1,0.097641463704815
617,0,0.199291742903614
618,0,0.180886721129885
619,1,0.518191820907321
620,1,0.487441305961585
621,0,0.0915794344386253
622,0,0.518502026294232
623,1,0.0579843178930771
624,1,0.306958862513658
625,1,0.110544163057446
626,1,0.303047240678817
627,0,0.347173214506019
628,1,0.186457998563531
629,0,0.536384819267142
630,1,0.433061112239509
631,1,0.52285566287179
632,1,0.28423667560344
633,0,0.361936988793903
634,1,0.207444896247471
635,1,0.425239244398585
636,1,0.437180434631168
637,0,-0.0593916599380418
638,1,0.276107159310032
639,0,0.458577216595894
640,1,0.619938952986912
641,1,0.180277783098217
642,1,0.558849235212814
643,0,0.38075187250068
644,1,0.28343454142714
645,1,0.421557152098953
646,0,0.305382287565616
647,1,0.32346270645282
648,0,0.281611721688123
649,1,0.097316128859228
650,1,-0.0621272514841855
651,0,0.245653114206898
652,1,-0.10094340788051
653,1,0.448609397715968
654,0,0.134219706250848
655,1,0.37018305559801
656,1,0.425346264877579
657,1,0.425807337616467
658,1,0.187970612915637
659,0,0.0670753475322253
660,1,0.126056658536271
661,0,0.0189117113301009
662,1,0.173887559051136
663,1,0.459121736168705
664,0,0.29387859642685
665,1,0.343389933948498
666,1,-0.00298818081663807
667,1,0.263058834621614
668,0,0.0982202639112462
669,1,0.406290267629057
670,1,0.174898714582148
671,0,0.263871949013945
672,1,0.529727531243633
673,0,0.364123279178565
674,0,0.373288337265885
675,1,0.506147617314498
676,0,0.253114589386758
677,0,0.124920472100508
678,1,0.257782754208318
679,0,0.311634095692854
680,0,0.204933271017222
681,0,0.289411567758846
682,1,0.117257048149263
683,1,0.447458732125486
684,0,0.10603936499564
685,0,0.212799340486036
686,0,0.195885339038606
687,1,0.206572156636302
688,0,0.573883642896073
689,1,0.032104321936941
690,1,0.192765049004171
691,1,0.488559066747204
692,1,0.245295488302364
693,1,0.281182313391876
694,1,0.397690956957194
695,0,0.144786543534255
696,0,0.380066051815255
697,1,0.354882502874327
698,1,0.314163462347069
699,1,0.251150642149573
700,0,0.380285236542478
701,0,0.109656261431463
702,1,0.282660100655398
703,0,0.236004065992392
704,1,0.130520621739701
705,0,0.256544566896837
706,0,0.0942393952169051
707,1,0.2390178437279
708,1,0.26577238336578
709,1,0.00266658035974632
710,1,0.0361138316125134
711,0,0.627039303323551
712,0,0.329736015650186
713,1,0.369324418779893
714,0,0.193141925696684
715,1,0.42818809972086
716,1,0.193014098329149
717,1,0.583529899096582
718,0,0.458553642950823
719,0,0.071734947075275
720,0,0.40411646682444
721,0,0.284606522086228
722,0,0.186924903523522
723,1,0.520007995807404
724,1,0.635082370723839
725,0,0.197600329906491
726,0,0.17778568188343
727,1,0.401810552576334
728,0,0.193355972384391
729,0,0.172099704171917
730,1,0.41021122062369
731,1,0.341130696735284
732,1,0.278221044414941
733,1,0.306101602890381
734,0,0.239206293496737
735,1,0.430138448119368
736,0,0.349916627847942
737,1,0.299500886272485
738,0,0.199773387228376
739,0,0.484618721906283
740,1,0.425239244398585
741,0,0.214591650391519
742,0,0.0433290452557002
743,1,0.296866751986021
744,1,0.489897065121735
745,0,0.247568404789928
746,0,0.265449747578511
747,0,0.404252619942127
748,0,0.393579456361314
749,0,0.471581377433897
750,0,0.407123860651583
751,0,0.244011709801303
752,1,0.480900424384631
753,0,0.353604283366888
754,0,0.379474384952303
755,0,0.315895724383671
756,1,-0.0433073004412484
757,0,0.314496711944114
758,0,0.108877675642767
759,0,0.431328439204212
760,1,0.349783775147412
761,1,0.397152269605488
762,1,0.527092619552218
763,0,0.249988736133008
764,0,0.442188942664875
765,1,0.169200143441596
766,0,0.412041074798123
767,1,0.466633517058959
768,1,0.043446772723244
769,1,0.311521516220237
770,0,0.296511918095485
771,1,0.589031656940669
772,1,0.297186347566183
773,0,0.129978355013635
774,1,0.111178833559668
775,1,0.582704034914154
776,0,0.275437065216432
777,0,0.532152644175385
778,0,0.295091713249254
779,1,0.305666362373029
780,0,0.16366259582297
781,1,0.20036772789218
782,0,0.379143902111789
783,1,0.434474095302945
784,1,0.121048150502563
785,0,0.361835800536014
786,0,0.618687805840136
787,1,0.0780538474622222
788,0,0.258498439491498
789,1,-0.00745214402006826
790,1,0.141912536068268
791,0,0.616542716720106
792,0,0.469259711336499
793,0,0.0919471349856824
794,1,0.343277354475881
795,0,0.318627425550499
796,1,0.529745545895082
797,1,0.108869853846988
798,0,-0.104967374235384
799,0,0.302584654350225
800,0,0.348350245755569
801,1,0.0382170903876389
802,1,0.0823060267801011
803,0,0.301470665730775
804,0,0.657765971396735
805,1,0.351864209489918
806,1,0.352730012912625
807,1,0.645135895014153
808,1,0.14820157185746
809,0,0.615255779798791
810,0,0.0123018563442231
811,1,0.436355470292529
812,1,0.290925422473175
813,1,-0.0359979329755886
814,0,0.281174218368615
815,0,0.492287978078633
816,1,0.295943824877604
817,1,0.148554072242484
818,0,0.231209629903858
819,1,0.0989382020411717
820,1,0.206092287615323
821,0,0.220836297205442
822,1,0.0645639913037669
823,1,0.32100694729267
824,0,0.0377017048196033
825,1,0.420540848573014
826,0,0.3377948096423
827,0,0.266754580938129
828,0,0.516924227729665
829,0,0.567583955519632
830,0,0.323897946970172
831,0,0.287709540951947
832,0,0.159408284750462
833,1,0.0284402400630657
834,1,0.497123258980953
835,0,0.0353065494412863
836,0,0.153722673445206
837,1,0.331816995950232
838,1,0.625008274847651
839,0,0.449871158672519
840,0,-0.0692111432699371
841,1,0.148247163047041
842,0,0.379296009825989
843,1,0.238878073458379
844,1,0.260412106906111
845,0,0.119228910137906
846,0,0.144786543534255
847,1,0.479657901696051
848,0,0.443242463897357
849,1,0.222243635395152
850,0,-0.0218776136716595
851,0,0.282420500703357
852,0,0.419531955844158
853,1,0.52674371106156
854,0,-0.0326443297161051
855,0,0.0655457409686036
856,1,0.0702889662512976
857,1,0.286542589851545
858,1,0.415735021269753
859,1,0.163363781650787
860,1,0.0812712976040183
861,1,0.392850117061251
862,1,0.23288739310979
863,1,0.475887580973825
864,1,0.440910723157436
865,1,0.237968106185256
866,0,0.402633258338509
867,1,0.31427563082099
868,0,0.321847667706292
869,1,0.579259141993194
870,1,0.631419070480607
871,0,0.30545433895912
872,0,0.370075222501187
873,0,0.359659736929241
874,0,0.260307760227968
875,0,0.277374765007695
876,1,0.54442788666743
877,1,0.119474367568518
878,1,0.147041811776626
879,1,0.292741597373258
880,1,0.0653355468827378
881,0,0.151040341236167
882,1,0.121048150502563
883,1,0.190499979569852
884,0,0.194543704892771
885,1,0.0287864494954054
886,1,0.312089609438119
887,0,0.572052186401948
888,0,0.208154290577966
889,0,0.0765666108257623
890,1,0.0187991318574844
891,0,0.108675752128849
892,0,0.441740829761283
893,1,0.222860385267189
894,1,0.438708259969376
895,0,0.151069747102342
896,0,0.489056344708112
897,1,0.363316746219789
898,0,0.530202257999404
899,1,0.19854093918232
900,0,0.195308069675269
901,0,0.191299111686956
902,0,0.0543205092466836
903,1,0.655380890660941
904,0,-0.022776189730055
905,0,0.456279397371049
906,0,0.232116110758301
907,1,0.129285499892794
908,1,0.359349531542331
909,0,0.248798745048164
910,0,0.0386059328273007
911,0,0.505938595959786
912,1,0.209195310706734
913,0,0.159427076806862
914,1,0.440928737808884
915,1,0.682061843836532
916,1,0.16871266689573
917,0,0.340796644475821
918,1,0.453999080041813
919,1,0.277966431870647
920,0,0.0655695878411563
921,0,0.281049460691347
922,0,0.281510533430234
923,0,0.0259050411877461
924,0,0.192203246738974
925,0,-0.0296683313298108
926,1,0.247948414645228
927,0,0.330984097332388
928,1,0.756589335388825
929,0,0.136749035127589
930,0,0.392073002488657
931,1,0.257782754208318
932,0,0.262927781765969
933,0,0.412721243534246
934,1,0.259013094466554
935,0,0.198510297179614
936,1,0.394269637681305
937,1,0.370566941468473
938,1,0.268294349178323
939,0,0.0856694904112177
940,1,0.361890289411273
941,1,0.639207525336602
942,0,0.611229829598963
943,1,0.6331340571228
944,0,0.488175783301165
945,1,0.304879954788554
946,0,0.247776198302425
947,1,0.35839953207325
948,0,0.301992987487273
949,0,0.16171350481698
950,0,0.17768449362554
951,1,0.426149211671708
952,0,0.11551923707445
953,1,0.342946871635367
954,0,0.191789590292018
955,1,0.347515088561261
956,0,-0.049283915774259
957,1,0.180990974852349
958,0,0.341436520085417
959,1,0.373449573392656
960,0,0.349657503880439
961,0,0.295097545470358
962,0,0.556255945740137
963,1,0.51909595595934
964,1,0.128375532619671
965,0,0.368832699812608
966,0,0.414795189398875
967,0,0.43751448689063
968,1,0.451841031086488
969,1,0.093865310761484
970,1,0.194048827505232
971,0,-0.0865920496773589
972,1,0.406352578300094
973,1,0.456061541736036
974,0,0.572857478998501
975,1,0.703288072470723
976,1,0.402221591466227
977,1,0.388885787576564
978,1,0.498715467565142
979,1,-0.019443368101645
980,1,0.263608502189351
981,1,0.273841277257885
982,1,0.21744561993226
983,0,0.312344221982412
984,1,0.305666362373029
985,0,0.51783975399641
986,0,-0.235186687776429
987,0,0.4813851089165
988,0,0.537654402019472
989,1,0.125146691263148
990,0,0.241859219839601
991,1,0.167475703200773
992,0,0.275030807915211
993,0,0.290255328379576
994,1,0.42854266016082
995,1,0.22133366812203
996,1,-0.075500637790709
997,1,0.0359560719490113
998,1,0.547289678003949
999,0,0.0826856702291449
1000,0,0.37273163526273
