Subj,Class,risk_1d
1,1,-180.546
2,1,180.546
3,1,-177.317
4,1,183.775
5,1,180.546
6,1,180.546
7,1,184.586
8,1,-180.546
9,1,183.775
10,1,180.546
11,0,180.546
12,1,187.815
13,1,180.546
14,1,183.775
15,1,180.546
16,1,-176.506
17,1,-176.506
18,1,180.546
19,1,183.775
20,1,180.546
21,1,180.546
22,1,-177.317
23,1,180.546
24,1,184.586
25,1,187.815
26,1,180.546
27,1,-180.546
28,1,180.546
29,1,180.546
30,1,180.546
31,1,-176.506
32,1,-180.546
33,1,183.775
34,1,-177.317
35,1,184.586
36,1,180.546
37,1,180.546
38,1,187.815
39,1,-180.546
40,1,180.546
41,1,183.775
42,1,184.586
43,1,-180.546
44,1,183.775
45,1,180.546
46,1,187.815
47,1,184.586
48,1,183.775
49,1,184.586
50,1,180.546
51,1,-173.277
52,1,180.546
53,1,180.546
54,1,180.546
55,1,180.546
56,1,183.775
57,1,184.586
58,1,184.586
59,1,180.546
60,0,180.546
61,1,180.546
62,1,-176.506
63,1,180.546
64,1,180.546
65,1,180.546
66,1,-180.546
67,1,-176.506
68,1,-180.546
69,1,-176.506
70,0,180.546
71,1,-180.546
72,0,183.775
73,0,180.546
74,0,180.546
75,1,-173.277
76,0,183.775
77,1,-180.546
78,0,180.546
79,0,180.546
80,0,180.546
81,1,-173.277
82,0,180.546
83,1,-180.546
84,0,184.586
85,1,-176.506
86,0,180.546
87,0,180.546
88,0,180.546
89,0,180.546
90,0,180.546
91,1,-176.506
92,1,-180.546
93,0,183.775
94,0,180.546
95,0,180.546
96,0,180.546
97,1,-180.546
98,0,183.775
99,0,180.546
100,0,180.546
101,0,180.546
102,0,180.546
103,1,-180.546
104,0,184.586
105,0,180.546
106,1,-177.317
107,1,-176.506
108,1,-180.546
109,1,180.546
110,1,180.546
111,1,-177.317
112,0,180.546
113,1,-180.546
114,0,184.586
115,0,184.586
116,0,180.546
117,0,180.546
118,0,180.546
119,0,183.775
120,0,184.586
121,0,183.775
122,0,184.586
123,1,-176.506
124,0,184.586
125,1,-180.546
126,0,183.775
127,0,187.815
128,0,180.546
129,1,183.775
130,1,184.586
131,1,-176.506
132,1,-180.546
133,1,180.546
134,1,180.546
135,1,184.586
136,1,180.546
137,1,180.546
138,1,180.546
139,1,184.586
140,1,180.546
141,1,-180.546
142,1,-180.546
143,1,184.586
144,0,184.586
145,1,184.586
146,1,-180.546
147,0,180.546
148,1,183.775
149,1,183.775
150,1,180.546
151,1,180.546
152,1,180.546
153,1,-173.277
154,1,180.546
155,1,184.586
156,1,184.586
157,1,184.586
158,1,180.546
159,1,180.546
160,1,180.546
161,1,180.546
162,1,184.586
163,1,-180.546
164,1,180.546
165,1,180.546
166,1,180.546
167,1,180.546
168,0,184.586
169,1,187.815
170,1,180.546
171,1,183.775
172,1,-176.506
173,1,180.546
174,1,183.775
175,0,184.586
176,1,183.775
177,1,180.546
178,1,180.546
179,1,-177.317
180,1,183.775
181,0,180.546
182,1,180.546
183,0,180.546
184,1,180.546
185,0,180.546
186,1,180.546
187,1,180.546
188,0,184.586
189,1,180.546
190,1,-173.277
191,1,180.546
192,1,183.775
193,1,183.775
194,1,183.775
195,1,187.815
196,1,184.586
197,1,184.586
198,1,180.546
199,1,180.546
200,1,183.775
201,1,187.815
202,1,180.546
203,1,180.546
204,1,183.775
205,1,-180.546
206,1,-180.546
207,1,183.775
208,1,180.546
209,1,184.586
210,1,184.586
211,1,184.586
212,1,184.586
213,1,180.546
214,1,-180.546
215,0,180.546
216,0,184.586
217,0,184.586
218,0,180.546
219,1,-180.546
220,1,-180.546
221,0,184.586
222,0,180.546
223,1,-176.506
224,1,-180.546
225,0,180.546
226,0,180.546
227,0,180.546
228,0,183.775
229,0,183.775
230,0,184.586
231,1,-177.317
232,0,180.546
233,0,180.546
234,0,183.775
235,0,183.775
236,0,184.586
237,0,180.546
238,0,180.546
239,0,180.546
240,1,-173.277
241,0,184.586
242,0,184.586
243,0,183.775
244,1,-180.546
245,0,180.546
246,0,180.546
247,0,184.586
248,1,-180.546
249,0,183.775
250,0,180.546
251,0,180.546
252,0,184.586
253,0,180.546
254,0,180.546
255,0,180.546
256,0,180.546
257,0,183.775
258,0,184.586
259,0,183.775
260,0,180.546
261,0,183.775
262,0,180.546
263,1,-180.546
264,0,187.815
265,0,184.586
266,1,-180.546
267,0,180.546
268,0,183.775
269,0,180.546
270,1,-180.546
271,0,180.546
272,1,-177.317
273,0,180.546
274,0,180.546
275,0,183.775
276,0,187.815
277,0,187.815
278,0,187.815
279,1,-173.277
280,0,180.546
281,1,-180.546
282,1,-177.317
283,0,180.546
284,0,180.546
285,0,183.775
286,1,-180.546
287,0,187.815
288,0,180.546
289,1,-177.317
290,0,180.546
291,0,187.815
292,0,180.546
293,1,-173.277
294,0,180.546
295,0,180.546
296,0,180.546
297,1,-180.546
298,0,184.586
299,0,183.775
300,1,-177.317
301,1,-180.546
302,0,183.775
303,0,184.586
304,0,183.775
305,1,-180.546
306,1,-176.506
307,0,180.546
308,0,180.546
309,1,-176.506
310,0,183.775
311,0,180.546
312,1,-180.546
313,0,180.546
314,0,187.815
315,0,183.775
316,0,183.775
317,1,-180.546
318,0,180.546
319,1,-176.506
320,0,183.775
321,0,183.775
322,1,-180.546
323,0,180.546
324,1,-177.317
325,0,183.775
326,0,184.586
327,0,180.546
328,0,180.546
329,1,-180.546
330,0,187.815
331,0,180.546
332,1,-176.506
333,0,180.546
334,1,-180.546
335,0,184.586
336,0,180.546
337,0,184.586
338,0,180.546
339,0,180.546
340,1,-177.317
341,0,184.586
342,0,180.546
343,1,-176.506
344,0,183.775
345,1,-177.317
346,0,183.775
347,0,180.546
348,0,180.546
349,0,183.775
350,1,-180.546
351,1,-180.546
352,0,184.586
353,0,184.586
354,0,183.775
355,1,-176.506
356,1,-176.506
357,0,184.586
358,1,-180.546
359,0,183.775
360,0,180.546
361,0,187.815
362,0,180.546
363,0,184.586
364,1,-176.506
365,0,183.775
366,1,-180.546
367,1,-176.506
368,0,183.775
369,0,180.546
370,1,-177.317
371,1,-176.506
372,0,184.586
373,0,180.546
374,0,180.546
375,1,-180.546
376,1,-177.317
377,1,-180.546
378,0,180.546
379,0,184.586
380,0,184.586
381,1,-180.546
382,0,180.546
383,0,187.815
384,0,183.775
385,1,-180.546
386,0,180.546
387,1,-180.546
388,0,180.546
389,1,-180.546
390,0,184.586
391,0,184.586
392,1,-180.546
393,1,-180.546
394,0,184.586
395,0,184.586
396,1,-177.317
397,0,180.546
398,0,187.815
399,1,-180.546
400,0,180.546
401,0,184.586
402,1,-180.546
403,0,180.546
404,0,180.546
405,0,180.546
406,0,184.586
407,0,180.546
408,0,180.546
409,1,-177.317
410,0,180.546
411,0,183.775
412,1,-177.317
413,0,180.546
414,1,-180.546
415,1,-180.546
416,0,180.546
417,1,-180.546
418,0,180.546
419,0,180.546
420,0,183.775
421,0,184.586
422,0,183.775
423,0,183.775
424,0,183.775
425,1,-180.546
426,0,180.546
427,0,180.546
428,0,183.775
429,0,183.775
430,0,180.546
431,0,180.546
432,0,183.775
433,0,180.546
434,0,184.586
435,0,183.775
436,0,180.546
437,0,180.546
438,0,180.546
439,0,180.546
440,0,180.546
441,0,180.546
442,1,-177.317
443,1,-180.546
444,0,180.546
445,1,-180.546
446,0,180.546
447,0,180.546
448,0,183.775
449,1,-180.546
450,0,184.586
451,1,-180.546
452,0,184.586
453,0,184.586
454,1,-177.317
455,0,180.546
456,1,-180.546
457,0,180.546
458,0,183.775
459,0,184.586
460,1,-180.546
461,0,184.586
462,0,180.546
463,0,184.586
464,1,-176.506
465,0,180.546
466,0,180.546
467,0,183.775
468,1,-180.546
469,0,184.586
470,1,-180.546
471,1,-180.546
472,0,180.546
473,0,180.546
474,0,183.775
475,0,184.586
476,0,184.586
477,1,-180.546
478,1,187.815
479,0,180.546
480,0,180.546
481,0,180.546
482,0,184.586
483,0,184.586
484,0,184.586
485,0,183.775
486,0,184.586
487,0,183.775
488,0,184.586
489,0,180.546
490,0,180.546
491,0,180.546
492,1,-180.546
493,0,180.546
494,0,180.546
495,1,180.546
496,1,-180.546
497,1,180.546
498,1,180.546
499,1,184.586
500,0,180.546
