Subj,Class,risk_2d
1,1,-0.944999999999999
2,0,-8.512
3,0,24.816
4,0,-0.161
5,1,-1.003
6,1,3.521
7,1,-14.954
8,0,-7.747
9,0,-13.296
10,1,5.741
11,0,-7.054
12,1,-4.504
13,0,-20.004
14,0,-20.657
15,1,12.487
16,0,9.457
17,0,-17.336
18,1,2.129
19,0,-2.935
20,0,6.653
21,0,-14.657
22,1,-12.557
23,1,1.166
24,0,-4.375
25,1,-11.347
26,1,1.337
27,1,-14.706
28,0,2.533
29,1,-0.118
30,0,-2.81
31,0,-1.867
32,0,17.591
33,0,4.222
34,0,22.618
35,1,17.884
36,0,-7.25
37,0,4.467
38,1,1.161
39,1,6.496
40,0,-5.732
41,1,-9.249
42,1,0.149
43,1,-2.906
44,0,-8.213
45,1,-2.197
46,1,-15.898
47,1,-3.812
48,1,-33.882
49,0,17.082
50,0,9.348
51,0,10.504
52,1,6.186
53,0,4.321
54,1,-3.66
55,1,-12.964
56,0,-8.777
57,0,-10.717
58,1,-1.166
59,0,9.494
60,1,5.326
61,1,-5.706
62,1,-2.832
63,0,25.325
64,1,1.855
65,0,-21.607
66,0,-15.553
67,1,8.368
68,0,-18.335
69,0,-12.421
70,0,12.869
71,1,-4.351
72,1,12.857
73,0,-2.706
74,0,0
75,1,-31.651
76,1,-4.371
77,1,-2.386
78,1,-10.239
79,0,0.834
80,0,11.893
81,0,-9.751
82,1,-30.434
83,1,-2.248
84,1,-24.322
85,1,-1.169
86,0,-12.108
87,1,0.618
88,1,-4.625
89,1,-11.582
90,0,4.222
91,1,-30.259
92,1,5.691
93,1,-10.142
94,1,-14.977
95,1,-6.106
96,0,0.26
97,1,-17.577
98,1,-24.896
99,1,7.43
100,1,-1.121
101,1,-3.847
102,0,0.26
103,1,2.129
104,1,-5.441
105,0,-13.477
106,1,-19.03
107,0,0.805
108,0,5.929
109,0,-0.705000000000001
110,1,-4.077
111,1,-0.321
112,0,-0.554
113,1,-7.747
114,1,-8.001
115,1,0
116,0,9.928
117,1,3.974
118,1,5.691
119,1,-16.319
120,0,-20.363
121,1,3.326
122,0,-21.233
123,0,-3.511
124,0,-7.962
125,0,-18.964
126,0,-20.225
127,0,-5.767
128,0,-4.226
129,1,-3.312
130,1,3.799
131,0,4.774
132,0,-17.219
133,0,-7.249
134,1,-0.149
135,1,-28.86
136,0,-7.747
137,0,-14.391
138,0,-0.533000000000001
139,1,-8.818
140,0,5.929
141,1,-4.81
142,0,-13.168
143,1,-30.259
144,1,-2.906
145,1,-13.423
146,0,-25.137
147,0,-17.461
148,1,-1.254
149,0,9.173
150,1,-5.176
151,0,-3.631
152,0,-9.585
153,0,-3.649
154,1,-18.961
155,1,-5.538
156,0,1.892
157,0,3.28
158,1,2.079
159,0,0.484
160,0,-7.64
161,1,-0.108
162,1,5.036
163,0,17.824
164,0,-7.474
165,1,-0.881
166,0,6.039
167,0,-4.226
168,1,7.416
169,0,4.23
170,0,-7.962
171,1,-2.017
172,0,-5.363
173,0,9.348
174,1,3.521
175,1,2.129
176,1,-28.198
177,0,-4.467
178,0,-9.179
179,0,-22.435
180,1,-4.925
181,0,0.424
182,1,-7.054
183,1,-4.213
184,1,4.961
185,1,-4.925
186,1,2.403
187,1,-2.435
188,1,-12.276
189,0,-8.4
190,0,-2.049
191,1,3.564
192,1,-3.852
193,1,9.639
194,0,-3.425
195,0,-4.095
196,1,21.303
197,1,-4.166
198,0,8.232
199,0,-2.041
200,0,1.552
201,0,-7.207
202,1,-9.179
203,0,5.461
204,1,7.667
205,1,-0.214000000000001
206,0,5.11
207,0,-26.033
208,0,2.734
209,0,-14.131
210,0,-14.806
211,1,4.626
212,0,-8.4
213,1,-6.545
214,1,-17.947
215,0,2.39
216,1,5.617
217,1,9.348
218,0,-5.767
219,1,-3.737
220,1,-1.743
221,1,-5.973
222,0,2.985
223,1,3.521
224,0,-10.794
225,1,5.027
226,0,-2.683
227,0,21.141
228,1,-2.059
229,0,-10.892
230,1,-6.365
231,1,-0.149
232,1,-5.439
233,1,-1.743
234,0,-9.092
235,0,-17.597
236,0,8
237,1,-4.878
238,0,-1.296
239,0,-7.058
240,1,2.152
241,1,-22.575
242,1,-6.093
243,1,-3.321
244,0,4.561
245,1,1.762
246,1,-29.959
247,1,3.746
248,0,-10.533
249,1,-3.558
250,1,-6.83
251,0,3.326
252,0,2.955
253,0,10.018
254,1,-3.034
255,1,-1.254
256,0,-15.603
257,0,20.67
258,0,-15.834
259,1,2.83
260,1,8.368
261,0,-0.826000000000001
262,1,-26.26
263,1,0.189000000000001
264,1,-5.176
265,0,-9.764
266,1,-7.984
267,0,-4.222
268,0,-2.254
269,0,-5.255
270,0,-1.691
271,0,-9.402
272,1,16.444
273,0,-3.815
274,0,-22.753
275,0,-9.973
276,0,-11.043
277,1,0.256
278,0,7.936
279,1,-15.149
280,1,10.017
281,0,5.668
282,1,-0.192000000000001
283,0,8.697
284,0,4.222
285,1,-15.677
286,0,0.0709999999999993
287,0,-12.612
288,1,-1.967
289,1,8.368
290,1,-20.792
291,0,6.108
292,1,-11.327
293,1,10.109
294,1,2.129
295,1,-3.713
296,0,0.149
297,0,-17.461
298,1,-1.369
299,1,10.284
300,1,4.723
301,0,-8.116
302,0,-8.004
303,0,0.331
304,1,-16.64
305,0,20.67
306,1,-1.393
307,1,-3.55
308,0,-6.018
309,1,-15.709
310,1,0.689
311,0,0.843999999999999
312,1,-10.418
313,0,-0.0370000000000004
314,0,17.833
315,0,-11.134
316,1,-21.952
317,1,2.609
318,0,2.533
319,1,-6.975
320,0,-0.0299999999999998
321,0,17.284
322,1,-7.639
323,0,-4.375
324,0,-10.57
325,0,14.969
326,1,-17.947
327,0,5.202
328,1,-13.901
329,1,-1.196
330,0,-0.788000000000001
331,0,-0.0800000000000001
332,0,-14.414
333,0,-1.296
334,1,-9.222
335,1,9.099
336,0,-9.713
337,0,4.706
338,1,-0.228000000000001
339,1,-11.858
340,1,11.18
341,0,-15.269
342,0,1.641
343,1,-35.797
344,1,-11.499
345,0,3.561
346,0,8.505
347,1,-2.236
348,0,26.186
349,1,4.961
350,1,2.129
351,1,-5.149
352,1,1.043
353,0,-2.835
354,0,2.869
355,0,-21.803
356,0,-13.045
357,0,12.371
358,0,-9.402
359,1,-6.242
360,0,-1.566
361,1,12.227
362,1,3.564
363,0,18.398
364,1,-7.747
365,1,13.143
366,0,-5.027
367,0,9.938
368,0,-0.451
369,1,-0.946
370,0,-2.856
371,1,5.251
372,1,4.301
373,1,10.394
374,1,0
375,1,0.425
376,1,-5.027
377,1,-12.302
378,0,-16.079
379,0,-3.034
380,1,-3.258
381,1,-19.074
382,0,-5.744
383,1,5.106
384,1,-16.589
385,0,-21.928
386,1,-5.176
387,1,-13.937
388,1,7.892
389,1,-0.304
390,0,25.325
391,1,2.204
392,0,5.67
393,1,4.723
394,1,0.494
395,1,-4.771
396,0,3.79
397,1,-7.249
398,0,-14.391
399,0,1.641
400,1,3.918
401,1,6.881
402,0,4.467
403,0,-12.234
404,0,3.424
405,1,4.371
406,0,-10.142
407,1,9.182
408,0,-17.132
409,1,11.028
410,0,-10.454
411,1,4.99
412,0,7.747
413,0,-2.906
414,1,-0.946
415,1,-6.365
416,0,-8.189
417,0,2.58
418,0,-8.253
419,0,-3.587
420,0,-1.361
421,0,-14.412
422,0,-8.4
423,0,0
424,1,-3.832
425,0,-0.726
426,1,-24.896
427,0,6.387
428,0,-28.962
429,0,0.149
430,1,0
431,1,-20.176
432,1,6.113
433,1,-5.169
434,1,-2.538
435,1,1.039
436,0,-2.077
437,1,5.287
438,0,-3.886
439,1,-6.91
440,1,-5.815
441,0,-10.454
442,0,-3.55
443,0,-1.867
444,0,-2.613
445,1,9.963
446,0,8.935
447,1,-17.149
448,0,-3.095
449,0,-2.786
450,0,-14.113
451,1,-7.555
452,1,5.817
453,0,2.687
454,1,-1.217
455,1,-17.132
456,1,-3.601
457,1,-7.585
458,1,1.641
459,1,-5.829
460,0,-0.805
461,0,5.413
462,1,-3.145
463,0,15.643
464,1,5.176
465,1,-1.743
466,0,-2.906
467,0,0.257
468,0,8.935
469,1,4.295
470,0,-7.71
471,1,11.455
472,0,4.146
473,1,4.71
474,1,-1.324
475,1,-6.396
476,0,-2.494
477,0,-4.88
478,0,5.386
479,1,-19.03
480,1,-7.413
481,0,-3.601
482,1,-20.653
483,1,-3.737
484,1,3.521
485,0,-5.193
486,0,-3.886
487,1,-3.411
488,1,-2.443
489,0,-13.477
490,1,-5.949
491,0,-2.935
492,0,-9.385
493,0,2.195
494,0,4.575
495,0,15.788
496,0,3.658
497,1,-9.962
498,1,9.686
499,1,-4.243
500,1,-20.176
