Subj,Class,risk_ori
1,0,-0.247294022520361
2,1,-0.0228792986171273
3,1,0.160590244788367
4,1,-0.314256127006382
5,0,-0.18583230230408
6,0,-0.21489931952719
7,1,-0.381057849777803
8,0,-0.051152059438432
9,1,-0.202716104954286
10,0,0.00106241116536973
11,0,0.0936426077623709
12,0,-0.374350916973071
13,1,-0.0621601293797469
14,1,-0.291554837166176
15,1,-0.391367920998681
16,0,0.0871409215125001
17,0,0.325019776914759
18,1,-0.282177001825852
19,1,0.179417594106261
20,0,-0.648128700032459
21,1,-0.705731304917795
22,1,0.761246540560995
23,1,-0.356105460330061
24,0,0.0419376376100244
25,1,0.0423691748971563
26,0,-0.48700144103907
27,1,-0.0634281039534627
28,0,0.162633063985415
29,0,-0.0236557534092114
30,1,-0.22244772507828
31,0,-0.117618242390017
32,1,-0.223927567613949
33,0,-0.390941618044648
34,0,-0.0694095504737824
35,1,0.296020912922294
36,1,-0.155073585815501
37,1,0.695745662630401
38,0,-0.235361402912265
39,0,-0.629108955780209
40,0,-0.0937430161723564
41,0,0.252454224840764
42,1,-0.30613510609061
43,0,0.0030444620882995
44,0,-0.104915258617145
45,1,0.114058169589806
46,1,-0.237168121182559
47,0,-0.735747291162739
48,1,-0.0141856623366739
49,0,-0.195670346824389
50,1,-0.0806108325776186
51,1,0.511547479305731
52,0,-0.277612042767367
53,1,0.0613909683520908
54,1,0.192901454646668
55,0,-0.813067996752104
56,1,-0.11659087577964
57,1,-0.3834857255822
58,0,0.329584735973244
59,1,-0.598411007565747
60,1,-0.150637994866104
61,1,-0.124851327484895
62,1,0.151022464777193
63,0,0.306391642007524
64,0,0.190416029006031
65,0,0.280123788595703
66,1,0.740784457175919
67,0,-0.470721280716912
68,1,0.134461677607841
69,1,-0.170099350480963
70,1,-0.0706313346431711
71,0,0.199583391028789
72,1,-0.152501857246169
73,1,-0.247977647370318
74,0,-0.209411620253426
75,0,-0.0741852035933805
76,0,-0.0735200751400561
77,1,-0.0109994299807515
78,1,-0.0602073245595835
79,1,0.132361865329312
80,0,-0.845398092234031
81,0,-0.151793235973601
82,0,-0.0329830977523428
83,1,-0.0925566529085
84,0,0.15824346456702
85,1,0.213938968961668
86,0,-0.223259482795737
87,1,-0.399827649259458
88,1,-0.0384426925753825
89,0,-0.125060555935445
90,0,-0.234437110601914
91,1,-0.155500445783626
92,0,-0.0377122293143006
93,0,0.241891491847147
94,0,-0.029591208398529
95,1,0.149689472249204
96,1,-0.13581044953032
97,1,0.00232886063146646
98,1,-0.616594085765887
99,0,-0.132421516541394
100,0,-0.259732457074817
101,0,-0.418323348907351
102,0,0.0819026089494104
103,0,-0.170764795787772
104,0,0.209545119863118
105,1,-0.229287450873697
106,0,0.015447586146989
107,0,-0.146240518745564
108,0,0.286135362191401
109,0,0.0640553508097102
110,1,0.317658148509351
111,0,-0.293374240693251
112,0,-0.659359517844288
113,0,-0.212087240350948
114,1,0.011351435351195
115,1,-0.361449265961032
116,0,0.163557356295766
117,1,0.492418388448645
118,1,-0.434056917617217
119,0,-0.197922394471987
120,0,0.0107066266364092
121,0,-0.255506700230566
122,0,-0.222844339990866
123,0,-0.564099398757922
124,0,0.12965391767894
125,1,0.175020117985721
126,0,-0.296263391633166
127,1,0.0625802879808346
128,1,-0.0492621706581704
129,0,-0.0393122697724636
130,0,-0.178839295145903
131,0,-0.571251130913321
132,1,0.218709842374473
133,1,0.749635941352773
134,1,0.0202077785245582
135,1,-0.0371266443489543
136,0,0.0585187036400569
137,0,0.310332608808935
138,1,0.486485889824215
139,1,-0.217799887972697
140,0,-0.462029467778364
141,1,0.245714827495386
142,0,-0.209234067706259
143,0,0.0464279436726914
144,0,0.0999717797824917
145,0,-0.394209914077148
146,0,0.0736838990950023
147,1,-0.309577545938672
148,1,0.471286000760251
149,1,-0.0887288357877544
150,0,-0.353962312682973
151,0,-0.201494850811536
152,1,-0.0152795125118877
153,0,-0.371063567529846
154,0,-0.0404757044355901
155,0,0.0400711357185563
156,1,-0.202364428008617
157,1,-0.18229834264938
158,0,-0.218530351233779
159,0,0.36650250960299
160,0,-0.42758415018859
161,0,-0.0210061552651015
162,1,0.0154315085182119
163,1,-0.084956549949776
164,0,-0.237612920533225
165,0,-0.402570077345695
166,0,-0.472051854477045
167,1,-0.0597935860245284
168,1,0.447916906342436
169,1,-0.087065997269849
170,0,-0.705747699400056
171,1,-0.712443214699196
172,1,0.0350407092217313
173,0,0.0587739236216092
174,1,-0.384486453352417
175,0,-0.206189288764475
176,0,-0.688040311083771
177,1,-0.114477263840545
178,1,0.263879409298893
179,0,-0.220225743165312
180,1,0.110636366333767
181,1,-0.452685052524452
182,0,-0.0704752961982723
183,0,-0.107433148798426
184,1,-0.31839656557488
185,0,-0.257571629200594
186,1,0.51022832305119
187,0,-0.225733522426432
188,1,-0.162979057335408
189,0,-0.0695510038879209
190,0,-0.462728075815156
191,1,-0.131344731505544
192,0,-0.61456107390568
193,1,-0.287585825411096
194,1,-0.280816103720464
195,0,-0.0516533322417674
196,0,-0.144193449868361
197,1,-0.196876728734853
198,0,0.0882473630941456
199,1,-0.192708384588955
200,1,-0.197191931210905
201,0,-0.269993986126273
202,1,0.0575823260246546
203,0,-0.0602248064581759
204,1,0.0296619099484781
205,0,0.237874236156932
206,0,0.177593810696603
207,0,-0.346509376585414
208,0,0.146153372399113
209,0,0.23698604297961
210,1,-0.0369981605354801
211,1,0.202119141302896
212,1,0.027298852815605
213,1,0.0315009747792568
214,1,0.571834347353293
215,0,0.138032351483342
216,0,-0.377110032004439
217,0,0.0757937660319475
218,0,-0.405440731888976
219,0,-0.372728625942283
220,1,0.0190021823937125
221,1,0.248397427777173
222,1,-0.440534184512034
223,0,-0.367748524078928
224,1,0.321259266313715
225,0,-0.0309242009265179
226,1,-0.167228695937681
227,1,-0.265503680063606
228,1,-0.344488418534606
229,0,0.0451769134005364
230,0,0.218253625518214
231,1,0.212589898804902
232,0,-0.220102169261059
233,1,-0.232918482580286
234,0,-0.0267855718095202
235,1,0.115787021142965
236,0,-0.133355443893289
237,1,-0.176408202762545
238,0,-0.0982018832251794
239,0,-0.076390729683338
240,0,-0.318841364925547
241,0,-0.0362054292412941
242,0,0.108981610762334
243,1,0.162447111638291
244,0,-0.164801845664085
245,1,0.0620082819325072
246,0,-0.0953312286818974
247,0,-0.0720103187021621
248,1,0.0126730103735916
249,0,-0.0828934110141896
250,1,-0.303258008960095
251,0,-0.145176317545753
252,0,-0.218151564918366
253,1,-0.357644724943712
254,1,-0.23613785770435
255,0,-0.828316070254147
256,0,0.227642621007701
257,0,-0.0782610346506359
258,0,-0.350221702748378
259,0,-0.115413384099518
260,1,-0.166380581730766
261,0,0.274664193772663
262,0,-0.3888500308174
263,0,-0.35677090563687
264,1,0.453688129331224
265,1,-0.0300810041992168
266,0,0.066737413494465
267,0,-0.000112851446378626
268,0,-0.0592244568821919
269,1,0.0855511838953401
270,1,0.0982953038644633
271,1,0.267052792891955
272,1,-0.10560883536213
273,1,-0.456716185365973
274,1,-0.161627030813755
275,0,-0.654998339730101
276,1,-0.373143100947694
277,1,-0.0321157985234724
278,0,-0.323072507131187
279,1,-0.0926462096322551
280,0,-0.286315630942849
281,0,-0.465470187047908
282,1,-0.162038370542795
283,1,0.369439964564593
284,0,-0.231283748513104
285,0,-0.202903491416323
286,1,-0.246628577213552
287,1,-0.230256739634069
288,1,-0.279827582093102
289,0,-0.147045218788017
290,1,-0.066650435442414
291,0,0.0898474035523087
292,1,-0.163194606731273
293,1,0.24103154969161
294,1,0.325239018601086
295,1,-0.137938930844058
296,0,-0.487079897110718
297,0,-0.230712956490328
298,1,0.192887875729649
299,0,0.158352981454278
300,0,-0.24034150477562
301,0,0.0606634614558964
302,0,0.115975613001492
303,1,0.229722154425549
304,0,-0.0495320569730725
305,0,-0.190944171627319
306,1,-0.379393816896168
307,0,-0.344112440214043
308,1,0.0903085378881812
309,0,0.0150163657133415
310,0,0.112122529814751
311,0,0.14264469877225
312,1,-0.381406192164353
313,1,0.0557537629082038
314,1,-0.185803640839265
315,0,-0.108908211627302
316,1,0.0302145038089082
317,1,-0.0440724621500328
318,1,0.0647828577059046
319,1,-0.0356490903787141
320,1,-0.623366036524893
321,0,-0.379249606399891
322,0,-0.294123200350966
323,1,-0.0734223862014196
324,1,-0.0527311123585977
325,0,-0.538582995885848
326,0,0.282709036584998
327,0,-0.84520809665047
328,1,-0.0147881916035809
329,0,-0.269170810903223
330,1,-0.351855821727788
331,0,-0.134975446358649
332,1,0.275997186300652
333,1,0.34262728338533
334,1,-0.229619715631469
335,1,-0.277149761518108
336,1,-0.178809381243678
337,1,-0.335715920456038
338,1,-0.101359196759858
339,1,-0.645210528850556
340,0,0.00929253852537008
341,0,-0.19681171078058
342,0,0.0190135998993047
343,1,0.0183021630614938
344,0,-0.196605258829228
345,0,-0.187023841417931
346,0,-0.134291821508692
347,1,-0.514794041101232
348,1,0.242890694509745
349,1,0.125000904723363
350,0,-0.00904563007960724
351,1,0.338377644783057
352,1,-0.0165850174759008
353,0,0.355953612882821
354,1,-0.508715839382508
355,1,0.138598524260791
356,0,0.130396208888644
357,1,0.0368813576432332
358,0,0.0519044827972918
359,1,0.0950215918213619
360,1,0.0284725903197344
361,1,-0.0405992783398439
362,0,-0.228286106216732
363,1,0.122293487099629
364,1,-0.042801848064914
365,1,0.0588503005983703
366,1,-0.117699595329496
367,1,0.402878111796918
368,1,0.0825516597739577
369,0,0.218285064528058
370,1,-0.43816744228349
371,1,-0.190941215262432
372,0,-0.282855966552624
373,0,-0.235191845047403
374,0,0.0676737911098673
375,0,-0.130883537672616
376,0,-0.271741254786348
377,0,-0.368320530127255
378,1,0.156621173536232
379,1,0.100416579133158
380,1,-0.269247246363089
381,1,-0.667404420153678
382,1,-0.139130469957908
383,0,0.231862345707749
384,0,-0.00636356739485239
385,0,0.142996375717919
386,0,-0.0620155679374957
387,0,0.213335902097729
388,1,-0.111682787400699
389,1,-0.182931733858573
390,1,-0.0276692060235968
391,1,0.327286696794643
392,0,-0.598348629122877
393,1,-0.233788059777367
394,1,0.147486364927102
395,0,0.157985226879832
396,1,-0.0184353009389469
397,1,-0.259604641060801
398,1,0.554127275890492
399,1,-0.324517656057838
400,1,-0.0275766929349542
401,0,0.12351474124238
402,1,0.290800143598545
403,0,-0.0793712793081111
404,0,-0.413770981255298
405,0,-0.321220698560522
406,1,-0.106941827890119
407,0,-0.214134309228151
408,1,0.205755032005994
409,0,0.0311155200158334
410,1,-0.0396667851028609
411,1,-0.0101401556246733
412,1,-0.202587175879131
413,0,-0.269819861727771
414,0,-0.332114802651674
415,1,0.0875382042245454
416,1,-0.0371097000473936
417,1,-0.381329139817739
418,0,-0.0514023619403703
419,0,0.323813512984455
420,0,-0.0622854542523978
421,0,0.13296875468614
422,0,-0.0720428721157903
423,0,-0.648367842385234
424,0,0.459102727704243
425,0,0.0100880197407252
426,1,0.384509081249654
427,1,-0.13744913504337
428,1,0.348675888055313
429,0,-0.0773431849275174
430,0,0.0913542036253151
431,0,0.0782667182463119
432,0,-0.143112861756682
433,1,0.380269077688925
434,1,0.506597291344601
435,1,-0.0343620818113338
436,1,0.28946746792404
437,1,0.267271298652707
438,1,0.169919081729515
439,1,0.187620027458567
440,1,0.182527391002318
441,1,0.103222215722167
442,1,-0.381406192164353
443,1,0.343246207134498
444,0,0.0200139494752888
445,0,0.12295383584616
446,0,-0.0332222401051179
447,0,0.100273105107238
448,0,0.0668934519393639
449,0,-0.0035579308058436
450,0,0.249602604291146
451,0,0.242732964593504
452,1,-0.60715359174209
453,1,-0.416832825336446
454,1,0.423949167036133
455,0,-0.095994533793316
456,1,-0.165843269291457
457,0,0.224884122863081
458,1,0.165457196971056
459,1,0.0100226849329677
460,0,0.11856455328125
461,0,0.124847733770369
462,1,0.435575843873132
463,1,-0.320504203443452
464,0,-0.0345713102618839
465,1,-0.283539908256065
466,1,-0.350807955513183
467,0,-0.475764180640009
468,1,-0.256813670805142
469,1,0.391016542287299
470,1,0.00891249977254771
471,0,-0.187181372460846
472,0,-0.0515947568747271
473,1,-0.0858608207558755
474,0,-0.0661709424827291
475,0,-0.367323746232513
476,0,0.0091348086091296
477,0,-0.571251130913321
478,0,-0.0517709831876004
479,1,0.0414366816601733
480,1,0.016259343864446
481,1,0.238564620447606
482,0,0.000424777846414676
483,0,0.24286078060752
484,1,-0.225446195635577
485,0,-0.12008045407209
486,1,-0.159817501690968
487,0,0.196676379996049
488,1,0.137332332151123
489,0,-0.271215453442177
490,1,0.153162656059393
491,1,0.404908786191859
492,0,-0.174193041631043
493,1,0.0371323279446302
494,0,-0.0986765964780708
495,1,-0.346078156151766
496,1,0.404148725882036
497,1,0.00407612929154221
498,1,-0.243910158039339
499,0,-0.442248988631464
500,1,0.239913690604372
501,1,-0.418226593708947
502,0,0.314373018960658
503,0,-0.306211541550475
504,1,0.0848207801313134
505,0,-0.227463129867008
506,0,-0.125166647941106
507,0,0.093121372951839
508,1,0.186600803291717
509,1,0.163731163840783
510,1,0.0410215388553029
511,0,-0.0735036806577946
512,1,0.303427865059245
513,1,-0.263439666884842
514,1,0.442966718381306
515,0,-0.145002399590969
516,1,-0.185388498034395
517,0,-0.266300156359941
518,0,-0.1678920010491
519,1,-0.392385593070459
520,0,0.202451406060668
521,1,-0.039868815078762
522,0,-0.477301842655302
523,0,0.11488600493604
524,0,-0.366000646102497
525,1,-0.547124136583159
526,1,0.023017775203488
527,1,-0.100756129895919
528,0,-0.075455398061627
529,0,-0.368100201024597
530,0,-0.0201831789153771
531,1,0.294687920394305
532,1,0.113979315362085
533,0,0.183176441826865
534,1,0.464987100373697
535,0,-0.367340081217719
536,1,-0.434566324479126
537,1,-0.61202268412017
538,0,-0.949847735042796
539,1,-0.0572263359008786
540,0,0.252045524623126
541,1,0.122768200352521
542,0,-0.299693777671828
543,1,-0.0713263769987205
544,0,-0.511397902067263
545,0,-0.127790135258821
546,1,0.330491199686421
547,1,0.297588488839812
548,1,0.352847070585938
549,0,-0.625937765094225
550,1,-0.158518665174966
551,1,-0.0216086845320085
552,1,0.0142427264864999
553,1,-0.1790902654473
554,0,-0.499879815947683
555,0,-0.443925406066389
556,1,0.366486431974213
557,1,0.191765099162797
558,0,-0.340235823567446
559,1,0.00401111133726905
560,0,-0.107024705937218
561,1,0.287234446699713
562,0,-0.408567593924398
563,0,0.0156364948590004
564,0,0.0990024910221191
565,1,-0.433173223906085
566,0,-0.150444165816835
567,1,-0.00168042736389676
568,0,-0.0881138634844542
569,0,0.0228085467529379
570,0,-0.0202756920040196
571,0,-0.521230709396829
572,1,-0.0535428700760547
573,0,0.224535780476532
574,0,0.246871593710502
575,1,-0.20902919934563
576,0,0.233181461084432
577,0,-0.00936370083258923
578,0,-0.0337948554697997
579,0,-0.184310717917565
580,1,-0.0101401556246733
581,0,-0.176236218559433
582,1,0.243544722310961
583,1,-0.700826172903742
584,0,0.120086137667766
585,1,-0.382657890235966
586,0,-0.154648807969086
587,1,-0.0829901662125936
588,0,0.268197868931269
589,1,-0.14725149087368
590,1,-0.454683173505765
591,0,-0.0420247839564753
592,0,-0.231969513558452
593,1,-0.144318457887528
594,1,0.422094939697612
595,1,-0.386376658986163
596,1,0.222059989877439
597,1,0.174688462544303
598,0,-0.327960095905899
599,1,-0.0775770929471942
600,1,0.316560048653983
601,1,-0.244836728317901
602,0,0.124815269229724
603,0,-0.408853257834813
604,0,0.0990837854784941
605,0,0.0375652993466747
606,0,-0.0211964980920256
607,0,0.124984827094586
608,1,-0.380533658602384
609,1,0.0292815715379935
610,0,-0.0022412147799567
611,1,-0.25182906767662
612,1,-0.457902865483313
613,0,0.0170662425853933
614,0,-0.436330537440763
615,0,-0.413547695787753
616,1,-0.182231184499717
617,0,-0.230731452886961
618,1,-0.272597393866056
619,1,0.627865134211348
620,1,-0.0977587467549524
621,1,-0.359517986275898
622,1,0.176782052979146
623,1,0.182533833589551
624,1,-0.0702814671490029
625,0,-0.226130137339019
626,0,0.0757444060895792
627,0,-0.258874707826358
628,1,-0.242757194900053
629,0,-0.181693872060408
630,0,-0.323411214476192
631,1,-0.36132622965381
632,0,-0.813067996752104
633,1,0.32528857581333
634,1,0.179417594106261
635,0,-0.187201651321527
636,1,-0.159756725846457
637,1,0.0579974688295251
638,1,-0.127410353862428
639,0,0.00410719010715355
640,0,0.209065626903433
641,0,0.187351228559996
642,1,0.112806471518192
643,0,-0.126930860902743
644,1,-0.302138129261076
645,1,0.0122747325805656
646,0,-0.0621086903424927
647,0,0.337979446279747
648,1,0.10379664053835
649,1,-0.152238035324267
650,1,-0.224608552952503
651,1,-0.38589649822702
652,1,-0.0056981220880436
653,0,-0.355693125520039
654,1,0.0830919285781542
655,1,-0.262954788563768
656,0,0.165503718528696
657,0,-0.11363734318926
658,0,-0.612799138912254
659,0,0.369991471008692
660,0,-0.263854809689712
661,1,-0.0584779159923328
662,0,0.102591464024377
663,1,-0.0708189784616367
664,0,0.0152255941638915
665,1,-0.0779287698928637
666,0,0.0807938893995541
667,0,-0.0365836855300684
668,0,-0.182634241999536
669,0,-0.269484579264363
670,1,0.0184110706323978
671,1,-0.166610089041997
672,0,-0.0946940058059721
673,0,-0.107514443254801
674,0,0.254056237010871
675,1,0.241527788079531
676,1,0.282965781674169
677,1,-0.222177460569145
678,0,-0.0986581000814381
679,0,0.00686568825177385
680,1,0.256580827135815
681,0,-0.290474340047203
682,0,-0.44381267260017
683,1,0.124970770077591
684,1,0.0783480127026869
685,0,-0.419450686236425
686,0,0.0423062588572545
687,0,0.261453554106278
688,1,-0.485237228077434
689,0,-0.401314129593926
690,1,0.111582378990714
691,0,-0.256380699403098
692,1,-0.183518193067097
693,1,-0.221179949377889
694,1,-0.410344398292466
695,0,-0.00885543562272176
696,1,-0.36955676745684
697,1,0.447916906342436
698,0,-0.651238496928516
699,0,0.0358476079426787
700,1,0.156621173536232
701,1,-0.252177052331827
702,0,0.0782368043440868
703,1,0.311658402862275
704,0,0.104604156146045
705,0,-0.105119707360901
706,1,0.0668609873987189
707,1,0.242890694509745
708,0,0.198266785412668
709,1,-0.45450717305367
710,1,-0.51106563730949
711,1,-0.167607482253093
712,1,0.267257241635712
713,0,0.324228655789325
714,1,0.032548840993862
715,0,0.223392982405428
716,0,-0.390450071275563
717,1,0.161300071457426
718,1,-0.0572263359008786
719,0,-0.14322460014192
720,1,-0.0680604803170164
721,0,-0.0670752132888287
722,0,0.168234729109341
723,1,0.000617611814703267
724,1,-0.289567876334026
725,1,0.181370398926424
726,0,0.222504789228106
727,0,0.219112899874292
728,1,-0.319155133286686
729,1,-0.119268696354633
730,0,-0.210216935383651
731,1,-0.187660865420531
732,1,0.0765538858388254
733,1,0.439686368539406
734,1,-0.193828264287975
735,0,-0.332114802651674
736,0,0.186843572666483
737,0,0.110554953897232
738,1,0.02967818645058
739,1,0.222837053985878
740,1,-0.342447792244636
741,1,-0.267679670445571
742,0,-0.0704102782439991
743,1,0.247367164298964
744,0,-0.186995736967207
745,0,0.0945765351142665
746,0,0.111074723097201
747,0,-0.537400118844337
748,1,-0.085130674348278
749,0,0.215384496082551
750,0,-0.349409945030921
751,1,0.0278197094319042
752,0,-0.590369061621244
753,1,0.0636305729632955
754,0,-0.0845117505991096
755,1,0.0768729498738113
756,1,-0.137542257448367
757,0,-0.167831343184747
758,0,-0.396032702405825
759,1,-0.144605784678383
760,1,-0.115336538196623
761,0,-0.581751485464068
762,0,0.128796168430481
763,1,0.122691764892655
764,0,0.090011576055782
765,0,0.205896485420133
766,1,-0.147415663377153
767,0,-0.547059118628886
768,1,-0.252656545291512
769,1,-0.278147471582689
770,1,-0.480586552587123
771,1,-0.367655401673931
772,0,0.214606516182848
773,0,-0.0296562263528022
774,0,0.066737413494465
775,1,-0.0999796751038346
776,0,-0.313050729748861
777,1,-0.51866542341473
778,0,-0.0419322708678328
779,1,-0.0120587331180085
780,0,-0.134419637522707
781,0,-0.549361399917247
782,0,0.07774548343578
783,0,-0.0620951114254737
784,0,0.0716524974035467
785,0,0.449156459611943
786,0,0.609427599487466
787,0,-0.0165037230195257
788,1,-0.541652713811497
789,0,0.0228085467529379
790,0,-0.552273128511917
791,0,-0.55444999313706
792,1,-0.333503185662785
793,1,-0.599681621650866
794,1,-0.188989615838759
795,1,0.349988243991279
796,1,0.00269169772629914
797,1,0.228941457523703
798,1,-0.118190916237803
799,0,0.264354122551785
800,1,-0.100756129895919
801,1,0.219189335334157
802,1,0.0241415392809268
803,1,-0.399336328351151
804,1,-0.498196897442422
805,1,0.200788567542763
806,0,-0.0220564402475625
807,1,-0.38327649713165
808,0,-0.0904442492235396
809,0,-0.370398122223038
810,0,0.0731740817900626
811,0,-0.580471236337405
812,1,0.107520126850477
813,0,-0.0296562263528022
814,0,-0.0373769468508926
815,1,0.422609731920911
816,0,-0.139271923372047
817,1,-0.00563954672100334
818,1,0.447047329145355
819,0,0.069608068037747
820,1,-0.320978916696344
821,0,-0.808338865190146
822,1,-0.212518460784596
823,0,0.408701093534089
824,0,-0.0934262301055812
825,1,-0.199809093921546
826,0,0.148263966632572
827,0,0.248842227127839
828,1,-0.221558735693301
829,1,-0.019850914157605
830,1,-0.11812589828353
831,0,-0.605990473932448
832,1,0.502106985281934
833,0,0.0727952954746501
834,0,-0.278003798683444
835,0,-0.412010254516007
836,1,0.156079618987161
837,0,-0.255174435472794
838,0,-0.182552947543161
839,0,-0.0961911708374344
840,0,-0.327385671089716
841,0,-0.17085972764427
842,1,0.238418308036958
843,1,0.0385946885817067
844,1,-0.554227684300478
845,1,0.0751906991680087
846,1,-0.0342390455041117
847,1,0.18931922246593
848,1,-0.277957277125804
849,0,-0.321709379957426
850,1,0.234799330139769
851,0,0.332349676705097
852,1,0.295355467615485
853,0,0.145386869502058
854,0,0.187940238406939
855,1,-0.00276244959048855
856,0,0.385621965418532
857,1,-0.074787850840447
858,0,-0.627316749153216
859,0,0.411402190212509
860,0,-0.146813134110246
861,1,-0.381406192164353
862,0,-0.242312138192958
863,1,-0.121429524228856
864,0,0.231102285397926
865,0,-0.336812196969501
866,1,0.0861987691093237
867,1,0.527398082074682
868,1,-0.113924669980115
869,0,-0.289092625484102
870,1,0.210847668462243
871,1,0.0264395784595268
872,1,-0.0216277185256731
873,0,-0.0311127927850449
874,1,-0.347362876153718
875,1,0.0281713863775736
876,1,-0.0303213548061266
877,0,-0.367748524078928
878,1,-0.129010394320591
879,0,-0.184932281178136
880,1,-0.471753367537027
881,1,-0.0315893293798423
882,1,0.00887806351995837
883,1,-0.174156685141585
884,1,-0.106007643181795
885,1,-0.0161073478581218
886,0,-0.213975027216839
887,1,-0.611864954203929
888,0,-0.668549041566688
889,1,-0.0789914979117178
890,0,-0.481239853091826
891,0,-0.537618624605089
892,0,-0.24320033137028
893,0,-0.130153192391694
894,1,-0.223796795235046
895,1,-0.148018310624219
896,1,-0.405503110331846
897,1,-0.0424695833071418
898,0,-0.00471525441065196
899,0,-0.0858907346581006
900,1,-0.0578753867254259
901,0,-0.218371894021024
902,0,-0.310368667064106
903,0,-0.118809839986971
904,1,-0.367778437981153
905,1,-0.37715655356208
906,0,0.419458860973466
907,0,-0.515471314356662
908,0,0.36436231832079
909,1,-0.194227012610584
910,1,-0.127375660253409
911,1,0.0627266003914828
912,1,0.406257856348625
913,0,0.0658195637713466
914,0,0.193286683549313
915,1,0.0449727815102641
916,1,0.0289314466873962
917,0,0.120083181302879
918,1,-0.227479207495785
919,0,0.316452552378506
920,1,-0.442423523472996
921,1,-0.16335784365082
922,1,0.206578008355719
923,0,-0.406171195150058
924,0,-0.551800078139465
925,1,-0.189499022700669
926,0,0.268682747252343
927,0,0.0537938217582543
928,1,-0.490567197434957
929,0,0.0530472808683952
930,0,-0.28350999435384
931,1,0.404117665066425
932,1,0.134471312649385
933,1,0.0118494247075126
934,0,-0.423364425488542
935,1,0.163982134142181
936,0,-0.49102833177083
937,0,-0.0351738395287908
938,1,0.0523522385128458
939,1,0.518688051311967
940,0,-0.691327103512905
941,0,0.363141064178039
942,0,-0.369651699313338
943,1,-0.00774899404107626
944,0,0.0633573520892732
945,1,-0.0640496672140342
946,1,-0.0548919402328207
947,0,0.179037812709867
948,0,-0.0298139562690427
949,0,-0.0620951114254737
950,0,0.113963237733308
951,0,-0.223306004353377
952,0,-0.090714631712834
953,0,0.20848361624839
954,0,-0.130234486848069
955,0,-0.00345821924255207
956,0,0.0421468660605744
957,0,-0.387292089941426
958,1,-0.11812589828353
959,1,0.173578217886828
960,1,0.216809085907918
961,0,0.00935755647964324
962,0,-0.1309117601035
963,0,0.0737466971547445
964,0,0.0277886486162928
965,0,-0.602598584578635
966,1,-0.276074380752074
967,0,0.162633063985415
968,0,-0.212440004712949
969,0,0.133776270293836
970,0,-0.121950759039388
971,1,0.330917728501232
972,0,0.0186048996816671
973,1,-0.234267552737052
974,0,-0.0190729342579019
975,1,-0.452127839418695
976,0,0.0449262599526237
977,1,0.154326090722519
978,1,-0.134706964313562
979,1,0.0763199778191486
980,0,0.0937817216983701
981,0,-0.370649092524435
982,1,-0.161324301763975
983,1,0.0147824576936646
984,0,-0.213900401208475
985,1,-0.162979057335408
986,0,-0.233491097944968
987,0,-0.106515299075308
988,1,-0.597061937408981
989,0,-0.302849566098887
990,1,0.0702895909733328
991,0,-0.0825106732529088
992,1,-0.275817085843604
993,1,-0.421082463938719
994,0,-0.113240728276673
995,1,0.0655322369804917
996,0,0.184592730415375
997,0,-0.179682292999879
998,1,0.0096898212374154
999,1,-0.101488675654312
1000,0,-0.203383652175466
