Subj,Class,risk_2d
1,1,-607.165
2,1,751.963
3,1,634.364
4,0,641.026
5,0,-739.789
6,1,-615.467
7,0,-630.843
8,1,643.844
9,0,-617.305
10,0,616.51
11,0,-748.402
12,1,681.964
13,0,-764.061
14,1,740.814
15,1,623.46
16,1,738.008
17,1,623.943
18,1,623.956
19,1,737.026
20,1,633.704
21,1,606.684
22,0,-633.337
23,1,617.972
24,0,-751.267
25,0,-717.167
26,1,750.21
27,1,686.97
28,1,-608.535
29,1,751.824
30,1,736.894
31,1,751.746
32,1,625.161
33,0,-733.37
34,1,759.566
35,1,586.851
36,0,-675.668
37,1,654.762
38,0,-738.723
39,0,-630.404
40,1,636.241
41,0,-631.246
42,0,-619.849
43,0,-733.725
44,1,689.973
45,1,734.898
46,0,-636.26
47,1,618.876
48,1,754.735
49,0,-620.05
50,0,-623.198
51,0,-745.411
52,1,620.729
53,0,-623.51
54,0,-693.404
55,0,-700.467
56,0,-731.159
57,0,-627.116
58,1,740.914
59,0,-644.974
60,1,765.014
61,1,619.096
62,0,-735.967
63,1,-628.423
64,0,-735.374
65,0,-750.21
66,0,-613.106
67,0,608.544
68,0,-622.084
69,1,744.638
70,1,722.787
71,0,-751.168
72,0,-627.714
73,1,680.313
74,0,-742.917
75,1,741.28
76,0,-743.205
77,1,616.553
78,0,-742.977
79,1,617.149
80,1,627.902
81,1,617.943
82,0,-642.682
83,0,-640.371
84,1,629.946
85,0,-593.542
86,0,-637.083
87,1,-605.186
88,1,596.024
89,0,-768.205
90,0,-735.602
91,1,636.767
92,0,-757.458
93,0,-613.461
94,0,-741.151
95,1,605.291
96,1,624.752
97,1,621.292
98,0,-629.882
99,0,-635.677
100,0,-640.256
101,1,736.398
102,1,608.75
103,1,762.367
104,0,621.979
105,0,-776.477
106,1,619.751
107,1,730.755
108,0,-749.855
109,0,-742.607
110,1,746.023
111,0,-621.321
112,0,-626.29
113,1,738.474
114,0,-633.038
115,0,-620.537
116,1,730.133
117,0,-581.462
118,0,624.896
119,0,-631.015
120,0,-610.276
121,0,-762.236
122,1,625.546
123,1,747.849
124,1,739.447
125,1,612.227
126,0,-763.436
127,0,-616.762
128,1,613.106
129,1,621.882
130,1,732.301
131,0,-739.666
132,0,-672.818
133,1,742.411
134,1,627.775
135,1,744.458
136,1,747.662
137,1,748.431
138,0,-769.011
139,1,736.2
140,0,-738.456
141,1,753.457
142,0,-710.203
143,0,-613.302
144,0,-722.507
145,1,615.968
146,0,-734.421
147,0,-742.109
148,0,-627.902
149,0,-632.781
150,1,759.408
151,0,-638.446
152,1,618.573
153,0,-634.576
154,0,-609.917
155,0,626.602
156,1,632.764
157,0,-747.561
158,0,615.557
159,0,-748.688
160,0,-608.916
161,1,738.564
162,1,751.593
163,1,754.507
164,1,740.164
165,0,-738.35
166,1,637.36
167,0,-757.286
168,0,-623.653
169,0,608.552
170,0,624.926
171,1,711.07
172,0,-634.025
173,1,746.755
174,0,598.401
175,1,741.993
176,1,755.71
177,1,616.566
178,1,640.555
179,1,727.999
180,0,-631.259
181,0,-676.961
182,1,627.714
183,0,-742.977
184,0,-618.93
185,1,752.5
186,0,-759.592
187,0,614.376
188,1,739.021
189,0,-761.109
190,1,755.368
191,0,-624.205
192,1,619.513
193,0,-623.24
194,0,-736.142
195,1,740.785
196,0,-620.709
197,1,757
198,1,639.59
199,0,-631.472
200,0,-624.467
201,1,754.764
202,1,746.609
203,0,-749.216
204,0,-650.633
205,0,-714.604
206,1,740.515
207,1,629.867
208,0,-644.698
209,0,615.17
210,1,623.139
211,0,-663.399
212,1,622.917
213,1,764.758
214,1,623.933
215,1,624.47
216,0,612.256
217,0,625.392
218,1,742.19
219,0,-632.952
220,0,-742.555
221,1,755.845
222,1,738.849
223,0,-734.819
224,0,-634.192
225,1,726.049
226,1,-620.076
227,1,630.305
228,0,-765.685
229,1,731.459
230,0,598.614
231,0,-746.614
232,1,747.05
233,1,730.405
234,1,741.448
235,1,725.188
236,1,616.193
237,1,767.807
238,0,-739.36
239,0,-765.545
240,1,692.96
241,1,753.479
242,0,-637.591
243,1,645.109
244,1,743.774
245,0,-729.922
246,0,-634.102
247,0,-617.902
248,1,609.96
249,0,-633.337
250,0,-690.201
251,1,764.818
252,0,-725.296
253,1,745.18
254,1,619.158
255,1,739.447
256,0,-613.59
257,1,745.058
258,0,-639.577
259,0,-741.597
260,0,-632.282
261,0,-611.298
262,1,641.337
263,0,-732.913
264,1,688.663
265,1,747.104
266,1,-613.015
267,0,-721.609
268,1,740.084
269,1,642.551
270,1,769.598
271,0,-728.284
272,0,-744.579
273,1,754.63
274,0,-755.534
275,1,726.873
276,0,-608.521
277,0,-608.748
278,1,609.96
279,1,733.463
280,0,-743.264
281,1,644.01
282,0,-641.447
283,0,613.778
284,1,634.885
285,1,706.656
286,1,731.403
287,0,-733.766
288,1,625.58
289,1,767.664
290,1,741.624
291,1,734.659
292,0,-734.01
293,0,-636.858
294,1,763.637
295,0,-619.916
296,1,614.655
297,0,-769.839
298,0,-751.602
299,0,-616.394
300,0,-618.174
301,1,-622.63
302,0,-738.723
303,0,-623.257
304,0,610.074
305,0,-755.757
306,0,-681.241
307,1,625.607
308,1,753.671
309,1,616.823
310,0,-755.421
311,0,-748.139
312,1,625.191
313,1,-638.504
314,0,-742.604
315,1,633.932
316,0,-626.95
317,1,631.57
318,1,612.77
319,1,624.966
320,0,609.579
321,1,755.59
322,0,-776.401
323,0,-632.745
324,1,614.81
325,1,618.598
326,0,619.242
327,0,-628.752
328,1,734.825
329,1,623.101
330,0,-623.412
331,1,597.54
332,1,635.746
333,1,606.991
334,0,-635.145
335,0,-726.963
336,1,750.808
337,1,726.93
338,0,-637.267
339,0,-626.847
340,1,773.938
341,0,-747.407
342,1,-616.925
343,0,-735.374
344,1,692.123
345,0,-747.258
346,0,-749.387
347,1,609.96
348,1,620.277
349,0,-752.758
350,1,740.754
351,0,-609.819
352,0,627.433
353,1,675.008
354,1,-611.042
355,0,-753.1
356,1,-628.423
357,0,631.027
358,1,742.131
359,0,-755.032
360,1,602.601
361,1,620.169
362,0,-629.877
363,0,-738.053
364,1,749.606
365,1,739.806
366,1,743.403
367,1,721.592
368,0,631.687
369,0,-632.561
370,0,-753.469
371,1,748.94
372,1,634.249
373,0,-745.289
374,1,-629.021
375,1,593.476
376,0,631.027
377,0,-685.845
378,1,684.756
379,0,-639.46
380,1,632.21
381,0,-733.583
382,0,-630.237
383,1,629.946
384,0,-643.892
385,1,609.985
386,0,-626.422
387,1,758.711
388,1,754.795
389,0,-747.735
390,1,626.556
391,0,-731.588
392,1,-609.243
393,0,-745.74
394,1,748.542
395,0,-622.872
396,1,760.147
397,0,-634.025
398,0,-619.744
399,0,-743.987
400,0,-757.671
401,1,733.836
402,0,-618.758
403,0,619.761
404,1,624.172
405,0,625.037
406,0,-738.723
407,1,627.054
408,0,-746.506
409,1,755.992
410,0,-751.614
411,1,629.48
412,1,732.851
413,1,735.009
414,0,-690.201
415,0,-742.332
416,1,736.994
417,1,702.078
418,1,739.018
419,1,-623.64
420,1,613.494
421,0,-612.14
422,1,634.354
423,1,738.951
424,1,740.682
425,0,-746.958
426,0,-754.37
427,1,757.953
428,1,756.86
429,0,-738.922
430,0,-627.513
431,1,743.833
432,0,-745.073
433,0,-732.253
434,1,756.005
435,1,743.094
436,1,754.353
437,1,735.84
438,1,734.548
439,1,758.3
440,0,-671.823
441,1,764.842
442,0,-618.819
443,1,-621.602
444,1,611.915
445,1,747.687
446,1,610.157
447,1,743.505
448,1,624.426
449,0,-602.061
450,1,749.567
451,0,619.7
452,0,-637.591
453,1,733.463
454,0,-623.338
455,0,-740.314
456,0,-752.325
457,1,750.966
458,1,737.381
459,0,-753.512
460,0,-779.716
461,0,-618.819
462,1,742.907
463,1,742.252
464,0,-648.035
465,1,-641.76
466,1,744.415
467,0,-739.856
468,0,-641.795
469,1,613.281
470,0,-733.37
471,1,621.488
472,1,636.951
473,0,-618.93
474,0,-755.421
475,1,759.421
476,0,-624.103
477,0,-739.062
478,1,647.193
479,1,641.69
480,1,738.047
481,1,628.724
482,0,-742.555
483,1,-625.68
484,1,624.966
485,1,736.395
486,1,621.596
487,0,-760.189
488,0,-637.267
489,1,677.515
490,0,-736.419
491,1,619.096
492,1,745.569
493,1,735.242
494,1,743.205
495,1,741.711
496,1,-615.467
497,1,753.199
498,0,-749.34
499,0,-716.795
500,0,-644.686
501,0,-717.953
502,1,-618.922
503,1,762.024
504,0,-750.307
505,1,751.108
506,1,629.092
507,0,-622.022
508,1,758.011
509,0,-616.394
510,1,619.813
511,0,-636.228
512,1,747.05
513,1,757.337
514,1,623.767
515,0,-623.232
516,0,-622.502
517,1,631.73
518,0,-754.128
519,1,743.651
520,1,735.602
521,0,-609.245
522,1,609.379
523,0,-753.356
524,0,-734.152
525,0,-747.988
526,0,-750.906
527,1,608.75
528,1,613.518
529,1,-621.226
530,0,-751.512
531,0,-743.205
532,1,608.579
533,1,637.083
534,0,604.634
535,1,751.622
536,0,-767.878
537,0,-628.013
538,0,-628.52
539,1,585.996
540,1,640.509
541,1,628.919
542,1,748.66
543,1,750.621
544,1,608.694
545,0,-674.618
546,0,-617.076
547,0,-628.529
548,0,-627.714
549,1,734.344
550,1,597.819
551,1,620.339
552,0,-629.639
553,0,-757.793
554,1,602.829
555,0,-762.936
556,1,750.697
557,0,-731.398
558,1,671.266
559,1,753.479
560,1,698.349
561,1,761.956
562,1,739.978
563,0,-612.934
564,0,-742.062
565,0,-748.117
566,0,-636.625
567,0,-753.1
568,0,-734.237
569,0,-740.777
570,1,755.65
571,0,-620.815
572,1,626.903
573,0,-750.015
574,1,733.054
575,0,-729.867
576,1,738.837
577,1,753.749
578,0,-603.847
579,1,761.387
580,1,688.132
581,1,656.065
582,1,750.376
583,1,686.872
584,0,618.206
585,0,-613.106
586,0,-740.057
587,0,-741.399
588,1,729.68
589,0,-652.615
590,0,-633.17
591,1,753.755
592,0,-635.505
593,1,604.436
594,0,-734.447
595,1,767.05
596,0,-740.556
597,0,-616.289
598,0,-682.393
599,0,-739.433
600,1,643.184
601,1,616.81
602,1,736.855
603,0,-621.676
604,0,-731.917
605,0,-617.29
606,0,-612.995
607,0,-753.619
608,1,756.999
609,1,609.22
610,0,-613.461
611,1,735.242
612,0,-751.101
613,0,-626.761
614,0,-744.842
615,1,-609.57
616,1,722.773
617,1,630.583
618,1,757.098
619,0,-750.808
620,1,741.037
621,0,631.846
622,1,731.844
623,1,616.172
624,0,-628.657
625,0,-626.302
626,0,-761.54
627,1,606.146
628,1,755.012
629,0,-615.629
630,1,627.942
631,0,-762.225
632,1,751.036
633,0,-634.131
634,1,632.751
635,0,-675.606
636,0,-750.374
637,0,-730.21
638,0,-615.877
639,1,682.88
640,1,603.566
641,0,-609.917
642,0,-757.726
643,1,748.529
644,1,687.648
645,1,746.24
646,1,743.479
647,1,706.567
648,0,-742.252
649,0,-615.331
650,1,634.159
651,0,-748.798
652,1,753.511
653,1,746.107
654,0,-634.364
655,0,-761.211
656,0,-750.911
657,0,-748.402
658,0,-616.26
659,0,-757.055
660,1,757.155
661,0,-622.279
662,0,-646.791
663,0,-742.117
664,1,621.571
665,0,-635.055
666,0,619.242
667,1,736.783
668,1,755.167
669,0,-608.521
670,0,-738.001
671,0,-687.345
672,0,-742.604
673,0,-674.653
674,0,-748.422
675,0,-767.788
676,0,-746.213
677,0,607.311
678,0,-633.17
679,0,-768.658
680,1,751.036
681,0,-721.158
682,1,730.568
683,0,-740.669
684,0,-741.772
685,0,-627.116
686,0,-637.737
687,0,-744.783
688,0,-594.355
689,1,745.491
690,0,-615.907
691,1,745.236
692,1,613.158
693,0,-613.461
694,0,-661.591
695,1,626.688
696,0,-744.699
697,0,-735.887
698,0,-636.289
699,0,-753.824
700,0,-733.84
701,1,741.037
702,0,-620.451
703,0,-750.57
704,1,739.35
705,0,-634.481
706,1,741.627
707,0,625.037
708,1,602.554
709,0,-765.574
710,0,747.399
711,0,-742.607
712,0,624.725
713,0,602.757
714,0,-629.882
715,0,752.88
716,0,624.11
717,0,-623.06
718,0,-748.417
719,0,-749.114
720,0,606.317
721,1,619.513
722,0,-634.547
723,1,740.523
724,0,-617.462
725,0,-751.078
726,0,-743.999
727,1,743.295
728,1,748.144
729,1,633.804
730,0,-618.901
731,0,-750.441
732,1,626.556
733,1,745.834
734,0,-635.317
735,0,-608.852
736,1,632.191
737,0,-756.042
738,0,-750.051
739,0,-642.084
740,1,626.556
741,1,746.965
742,0,-626.761
743,0,-738.444
744,0,-690.067
745,0,618.996
746,0,-644.23
747,0,-624.335
748,1,620.373
749,0,-604.677
750,1,739.447
751,1,749.135
752,1,613.976
753,1,747.05
754,0,-596.266
755,1,634.948
756,0,-749.855
757,1,758.761
758,1,626.556
759,1,625.963
760,0,-755.905
761,1,637.766
762,0,-713.595
763,1,768.328
764,1,735.247
765,0,-627.005
766,1,776.432
767,1,691.314
768,0,623.355
769,0,-612.508
770,0,604.653
771,1,645.38
772,0,-630.27
773,0,-766.815
774,1,608.194
775,1,615.845
776,1,743.706
777,1,754.157
778,0,-745.373
779,0,-742.977
780,1,749.396
781,1,762.85
782,0,-738.394
783,0,606.9
784,1,749.195
785,1,611.134
786,1,621.633
787,0,-751.614
788,0,612.256
789,1,682.181
790,0,629.18
791,1,677.719
792,0,-737.47
793,0,-730.76
794,1,740.394
795,0,-624.365
796,1,749.156
797,0,631.799
798,0,-724.232
799,1,638.559
800,0,-629.107
801,0,-614.121
802,1,744.727
803,1,731.459
804,1,742.295
805,1,620.709
806,1,756.401
807,1,612.876
808,0,-760.274
809,1,755.679
810,1,740.156
811,1,762.311
812,0,-612.94
813,0,-740.942
814,1,640.509
815,0,-678.822
816,0,-759.75
817,1,753.094
818,0,-617.249
819,0,-627.116
820,0,-634.975
821,0,-756.132
822,0,-616.864
823,1,756.188
824,0,-744.386
825,1,737.577
826,1,741.664
827,0,-616.395
828,1,742.607
829,0,-744.22
830,1,754.959
831,1,637.908
832,0,-634.931
833,0,-629.853
834,1,632.94
835,1,-619.794
836,1,-621.517
837,1,614.655
838,1,747.348
839,1,744.797
840,0,-622.25
841,0,-749.855
842,0,-743.999
843,0,-619.513
844,1,668.283
845,1,740.156
846,1,755.012
847,1,736.2
848,0,-762.439
849,1,737.979
850,1,753.399
851,1,738.903
852,1,611.335
853,0,-753.053
854,1,-613.377
855,0,-630.843
856,0,619.096
857,1,728.237
858,0,612.695
859,1,748.778
860,0,-746.067
861,1,631.614
862,0,-736.396
863,1,763.145
864,1,732.561
865,1,753.784
866,1,764.292
867,1,755.012
868,1,741.426
869,0,-759.095
870,0,-638.446
871,0,-621.591
872,0,-631.472
873,1,750.405
874,1,-620.461
875,1,738.591
876,1,623.722
877,1,643.844
878,1,699.111
879,0,-620.111
880,0,-750.411
881,0,-630.843
882,0,-609.646
883,1,645.167
884,0,-741.913
885,1,-616.195
886,1,611.469
887,0,-621.064
888,0,-626.499
889,1,768.76
890,0,-749.982
891,0,-623.412
892,0,-746.75
893,1,652.712
894,1,600.918
895,0,-727.392
896,0,-620.094
897,0,-619.285
898,1,760.264
899,0,-616.289
900,1,745.809
901,0,-688.663
902,1,744.797
903,1,746.542
904,1,628.499
905,1,691.681
906,1,747.507
907,1,665.19
908,0,638.795
909,1,605.858
910,1,745.908
911,0,-750.21
912,1,687.189
913,1,750.21
914,0,621.577
915,1,605.858
916,0,-741.399
917,0,-754.566
918,1,645.666
919,1,731.844
920,1,623.796
921,1,597.742
922,1,727.327
923,1,744.386
924,1,619.407
925,0,-761.313
926,1,744.638
927,1,732.193
928,0,-741.085
929,1,747.399
930,1,738.951
931,0,-618.819
932,0,-630.465
933,0,-623.013
934,1,739.152
935,1,632.523
936,1,625.603
937,0,613.166
938,1,748.708
939,0,-683.603
940,1,750.376
941,1,618.2
942,1,740.081
943,1,609.638
944,0,-737.043
945,0,-757.163
946,0,-615.497
947,0,-754.793
948,0,-759.08
949,0,743.998
950,0,743.4
951,0,602.554
952,0,620.111
953,0,-612.14
954,0,742.19
955,1,611.134
956,1,625.58
957,0,-623.869
958,1,-624.575
959,1,602.554
960,1,733.434
961,1,745.854
962,0,626.051
963,1,760.345
964,0,-735.746
965,1,616.354
966,0,-644.228
967,0,-758.924
968,1,759.349
969,1,680.844
970,1,611.702
971,1,618.953
972,1,739.806
973,0,-750.546
974,1,736.696
975,0,-622.036
976,1,760.288
977,1,745.491
978,1,742.252
979,0,746.806
980,0,615.883
981,0,-756.999
982,0,608.194
983,0,686.017
984,0,744.727
985,0,611.201
986,0,748.969
987,0,743.803
988,1,692.96
989,0,-631.472
990,0,-750.21
991,1,752.544
992,1,599.734
993,1,754.464
994,1,741.316
995,1,748.076
996,1,620.937
997,1,-611.042
998,1,638.559
999,0,-753.498
1000,1,682.256
