Subj,Class,risk_ori
1,0,1.10942585662465
2,1,3.09091037456113
3,1,1.92513974187574
4,0,3.91442347608469
5,1,3.08468821013019
6,1,2.95334940057294
7,1,1.90960276270765
8,1,1.94522475162378
9,1,2.07733796594316
10,0,1.83546349336026
11,1,2.983714771677
12,0,4.0208105023424
13,0,0.898486857950235
14,0,1.00289090553538
15,0,0.925666899431467
16,1,2.04659015973767
17,1,2.05485272545398
18,0,1.09350644235513
19,1,2.96357409228154
20,1,1.89064470896688
21,1,3.13019276015051
22,1,2.91961381271294
23,0,1.14283413793452
24,0,1.92600483642815
25,1,3.03207029346557
26,1,1.99071888100337
27,1,2.04592469611212
28,0,3.96136891325313
29,1,1.96746938363466
30,0,0.898011004186406
31,1,2.99608239969598
32,1,2.05870907581465
33,0,-0.0842410972634003
34,1,2.06158070634365
35,0,0.0320591878090541
36,0,4.01730609975487
37,1,3.14276041939263
38,1,3.04133934163132
39,1,3.04695490682321
40,0,1.98089412420291
41,0,1.02666312204552
42,0,1.16873563017904
43,1,3.0975056121136
44,1,2.9501208165206
45,0,0.0858819731931027
46,1,1.94956913602701
47,0,1.95400369265582
48,0,2.10404021150184
49,0,1.01942011378303
50,0,3.95187559293752
51,1,3.03650485009438
52,0,1.9991313654077
53,1,1.9992777248454
54,1,3.06066658087193
55,1,2.96362976192896
56,1,1.99665694091471
57,0,2.10404628689954
58,1,2.98998987688324
59,1,2.08785893577747
60,0,0.844911680651165
61,1,2.1272155151187
62,0,1.02036068846503
63,0,0.804263865232536
64,1,2.85083115057192
65,1,2.88943610931188
66,0,2.06570874672672
67,1,2.22643727944347
68,1,1.97283734074157
69,0,2.13170574139493
70,0,2.09317122323696
71,0,2.0691556693764
72,0,2.04311642699914
73,0,-0.0421317359359011
74,1,2.87525627398863
75,0,2.99113101175191
76,0,0.785305811491763
77,0,1.93397921608363
78,0,2.00567440746649
79,0,2.06589641442972
80,1,2.92886433677425
81,1,2.96120220281357
82,1,2.12323758734318
83,1,2.03868997383404
84,0,0.96832570480265
85,0,2.17195603004056
86,0,2.9762367120485
87,0,0.910787097904514
88,0,0.871352064754996
89,0,3.01022934953268
90,0,1.79635776061735
91,0,1.1295665360201
92,0,1.94573705012448
93,0,0.896582395461834
94,1,3.04185488656885
95,0,2.05882236724509
96,0,3.9716513575677
97,0,1.09313597047756
98,0,2.08710329992635
99,1,2.90775848319466
100,1,1.99910047778312
101,0,1.92869152812627
102,1,1.93514388039479
103,1,3.02327013366652
104,1,2.08167807961183
105,1,3.12289809749045
106,1,2.00712224110161
107,1,2.02315299466596
108,1,3.10266672830472
109,0,0.900316985886939
110,1,2.02328499272154
111,0,1.93506968664293
112,0,4.10373751699165
113,1,2.99312602323075
114,1,1.84644109204786
115,0,4.04239415184454
116,0,1.97062576779162
117,0,1.08621605042963
118,1,1.94205411409694
119,1,2.09023692345386
120,0,2.05488106672715
121,1,2.04849462222607
122,1,2.04580311869727
123,1,2.92941846110496
124,1,2.00712224110161
125,0,1.95414449498122
126,1,1.9624354019707
127,1,3.01525517603519
128,1,2.90653328570766
129,1,3.15812015149845
130,1,1.9294471639774
131,0,1.0656347206546
132,1,2.04219010568702
133,0,2.08500310048079
134,0,2.10724397932181
135,1,2.97997745237977
136,1,2.06268427471805
137,1,2.06000573818139
138,1,2.92937107744196
139,1,3.03654259910936
140,1,2.06379599825391
141,1,2.96749635040965
142,1,2.10058746331187
143,0,1.10452606079227
144,1,1.96746938363466
145,1,1.92939149432998
146,1,2.04978104647279
147,0,1.12048242668523
148,0,0.0860592202553748
149,1,2.99523607405458
150,1,2.11999677131434
151,0,1.01368570004841
152,1,3.05435390917142
153,1,3.02542419809637
154,1,2.97117800005945
155,0,1.12755073423687
156,1,3.05312747700443
157,1,3.10077069260057
158,0,2.00570387049706
159,1,2.1270278474157
160,0,1.85732296139759
161,1,2.99411398157575
162,0,1.05824127541869
163,0,1.95323226157239
164,1,1.89456696709498
165,0,0.98589854104272
166,1,2.04520013040629
167,1,2.12935289431679
168,1,3.09054600089198
169,1,2.89895276556261
170,1,3.12860110603579
171,0,0.941773981403987
172,0,1.05310623502148
173,0,2.04565675925958
174,1,3.17334361481411
175,0,1.83449131956945
176,0,3.97569519311066
177,1,1.97283734074157
178,0,1.893378784328
179,0,1.82720092764395
180,0,1.00714265798962
181,1,2.09250575961141
182,0,-0.00589439520865184
183,0,1.93737194938315
184,1,2.97289881009471
185,0,0.982641615717209
186,0,1.01264817026441
187,0,1.04240801812489
188,1,2.15964962878129
189,1,3.07968943852312
190,0,0.840933752875644
191,0,4.02617845944931
192,1,1.92743136219416
193,1,3.13565088948299
194,0,-0.0198341631497221
195,0,1.11738171217569
196,0,3.8967949701972
197,1,2.97123922681917
198,1,3.02417010756195
199,0,4.00182906096876
200,0,1.17944408519565
201,0,2.0233591864734
202,0,1.02279866822115
203,1,3.12193648656214
204,1,2.89761840587864
205,0,0.889476942367219
206,1,2.07598082209832
207,1,2.90967123166748
208,1,2.11704649305752
209,0,0.0306491031889205
210,0,2.20630488603243
211,1,2.99918311420553
212,1,2.95200522372025
213,1,2.85762776810115
214,1,2.04139944969304
215,0,0.99023255650298
216,0,1.85438866161449
217,1,3.27154453530733
218,1,1.93729168023361
219,0,0.799627279518617
220,1,3.09418833613295
221,1,2.04978104647279
222,0,1.1588753121396
223,1,2.89271782405356
224,1,2.99094949395508
225,0,2.03107170467402
226,0,0.95613259497382
227,1,1.89926946057634
228,1,3.04402060704011
229,1,1.96378773398485
230,1,2.97986670730075
231,1,2.11202066655502
232,1,2.06238799659233
233,0,3.95169834587525
234,1,3.05614133445285
235,1,1.97976281790179
236,0,1.99310515466417
237,1,2.92422775106033
238,0,2.1510391305417
239,0,1.96536141576938
240,1,3.0494767149792
241,0,-0.0274910117029317
242,0,2.10538438835454
243,0,0.972247962930755
244,1,1.89718775102567
245,1,1.87055969921884
246,0,0.92665485777647
247,0,1.15281603338881
248,0,4.06009075327547
249,0,0.954244662733387
250,1,2.18989323994978
251,1,3.04199438461614
252,1,3.04558947699396
253,0,2.00528997850859
254,1,3.02541377745564
255,0,3.94060300250194
256,1,1.85530918100774
257,0,4.16347538420664
258,1,2.14837703834571
259,0,0.926010561220182
260,0,1.05702849314958
261,1,2.00950241655399
262,0,2.05652413043285
263,1,2.09612150149378
264,1,1.81566040035582
265,1,2.83137018817188
266,1,2.85503986965701
267,0,0.905207147071296
268,0,1.10457344445527
269,0,1.07385397952294
270,0,-0.0424181968928865
271,1,2.95627942962148
272,1,1.87069169727442
273,0,3.90390450010685
274,1,2.13181921534607
275,1,2.04110062521591
276,0,0.930214930011422
277,1,2.9276084415767
278,0,0.898908984225366
279,0,2.11645522318383
280,0,3.9351691376276
281,0,1.034248505719
282,0,2.01536628271348
283,0,1.12392902496904
284,0,1.74591010863737
285,1,2.95959616450602
286,0,-0.0300561259861997
287,1,1.86664767921076
288,1,2.0298176141396
289,0,0.981910244324222
290,1,2.04879308812779
291,1,2.09585791493508
292,0,1.96447172171484
293,0,1.03896141984108
294,0,2.17220492450327
295,1,3.13655696158683
296,0,-0.0737056185745051
297,0,0.855936663001765
298,0,4.01088208875952
299,1,2.99608239969598
300,0,1.01215612097198
301,0,-0.0866747545872031
302,0,3.99097432607375
303,0,1.11076039882932
304,0,3.0497173234575
305,0,2.15048927694555
306,1,2.91704869842967
307,1,2.96730868270665
308,0,0.969791459070201
309,0,0.93048286686397
310,1,2.97984545432419
311,1,2.01721493475462
312,1,1.99464113913148
313,1,1.97534678537742
314,0,0.936959818634615
315,0,1.07282633000424
316,0,3.89384469194038
317,0,0.939551987813315
318,0,0.815790031138553
319,0,1.15905469385818
320,0,0.97341316833803
321,1,2.98378623655673
322,0,2.06494755376331
323,1,2.89362195399869
324,0,1.02012007998674
325,0,1.95713121797492
326,0,0.972351016241173
327,1,3.04059199176462
328,1,2.92513401708371
329,1,3.15503593302732
330,0,0.936058005866507
331,0,-0.00680662861748758
332,1,2.96065831660288
333,1,1.95661891947421
334,1,1.97125964370718
335,0,1.92012244616423
336,1,2.95740152210032
337,0,1.84007743170765
338,0,1.07440402703863
339,1,2.93953393891885
340,0,0.952398004548715
341,1,2.98202360069147
342,0,1.80467599598107
343,1,2.1119649969076
344,0,2.09149047289216
345,0,0.970285836938468
346,0,4.06487939233372
347,0,3.99013861499261
348,1,1.96409697910271
349,0,0.7734831735405
350,1,2.05749356467341
351,0,3.04658572132337
352,0,0.735043098342667
353,1,2.0023536573321
354,0,1.9263196386583
355,1,1.96047526983488
356,0,1.79629185284991
357,0,1.9934531388852
358,0,0.964704405807985
359,0,1.17152537518758
360,1,2.07757857442146
361,0,1.05322781243633
362,1,2.90438607866271
363,1,3.06947303279893
364,0,0.906569848028429
365,0,1.03600072094354
366,1,2.02328499272154
367,1,2.96294831982969
368,0,2.12393755354689
369,0,0.974619852398727
370,1,1.91187641069589
371,0,0.88372455630241
372,0,1.96064423091274
373,1,1.9992777248454
374,0,1.93664738367732
375,1,2.06868615943827
376,0,0.0338363749704616
377,0,1.07447975197479
378,0,1.89851382472522
379,1,2.98304930805145
380,0,2.07758686040587
381,1,2.97174596820758
382,0,2.02581508686195
383,0,1.07622586899092
384,0,1.05427571116331
385,0,1.13291869134377
386,1,1.88316237860382
387,1,2.10523446966652
388,1,1.85054059723824
389,1,2.72239958590235
390,0,0.971685552615625
391,0,1.91271644420934
392,0,4.03708186438505
393,1,2.99117431787919
394,0,1.09018569222074
395,0,2.01206405668353
396,1,2.84016835411447
397,1,1.98263717730291
398,0,0.902886912000888
399,1,3.00648647312316
400,0,4.03020932800013
401,0,-0.11042844699291
402,1,3.01794186773331
403,1,2.1938711677253
404,1,2.90408980053699
405,0,0.93581739738821
406,1,2.93969882246098
407,0,0.0661618782103338
408,0,1.14675639606262
409,1,2.99203027816861
410,1,2.01201667302053
411,0,4.04001616416815
412,0,0.789096071564284
413,0,1.11970621798066
414,1,2.11662863751695
415,0,0.0283141767432215
416,0,2.01692475483732
417,1,3.04420773364699
418,0,0.968226729027959
419,0,1.01604770925108
420,0,0.938195385064596
421,1,2.14973364109443
422,0,0.936564747254916
423,0,1.96872954956677
424,1,2.94349950317423
425,1,3.15817582114586
426,0,1.06495327855534
427,1,2.07683122455475
428,0,0.110099373618067
429,1,2.92911194485923
430,1,3.04628944319766
431,1,2.01012818900584
432,1,3.09874447017661
433,0,1.00733588280492
434,0,2.11200214245058
435,1,2.05271534625589
436,1,2.92023958516479
437,1,1.97896252725979
438,0,0.977339697200697
439,1,3.05681041303197
440,1,1.96433143767484
441,1,2.11231694468073
442,0,1.03022319428048
443,1,2.23647430344907
444,1,3.02809236569005
445,0,4.07772967980368
446,1,3.02961439307702
447,1,1.90203887681731
448,1,2.1272155151187
449,1,2.11209639149118
450,1,1.8821187506114
451,1,2.86148411846181
452,1,1.9772410097458
453,0,3.84579727070154
454,1,2.9941881753276
455,1,2.87758077979361
456,1,2.98752355585396
457,0,2.04515882214098
458,0,0.961323305018453
459,1,1.94964078414815
460,0,0.968523007153673
461,1,2.86497810040862
462,0,1.02166007970389
463,0,2.10414882192456
464,0,1.08603880336736
465,0,0.0903993339240483
466,0,0.84590182677217
467,0,0.135936769430917
468,0,0.867617474329891
469,1,1.94066408476556
470,1,3.00544224165874
471,0,1.03043546148561
472,1,1.91238241706865
473,0,1.08247873113241
474,0,1.77817994222983
475,0,0.976291798473715
476,0,1.08473177205764
477,0,1.06459109266219
478,0,1.03633850125409
479,0,1.08616038078221
480,0,0.900448983942522
481,0,0.91929027209912
482,1,3.03168586450767
483,1,1.99309686867976
484,0,1.04685118510398
485,1,3.16311892310552
486,0,0.964691438815844
487,0,1.08548467903664
488,1,3.08366736629864
489,1,2.01103407858898
490,0,0.98864090238826
491,1,1.83450984367388
492,0,0.870689330001568
493,0,1.9124628687389
494,1,2.99433018447145
495,1,2.15964962878129
496,0,1.10255332023972
497,0,0.948541654188049
498,0,1.11349447419044
499,0,3.92464816779329
500,0,4.10312216518053
501,1,3.00623289765272
502,1,1.96035350989932
503,0,0.856076947041764
504,1,2.98151130219076
505,1,2.12096875118563
506,1,2.98941148809439
507,1,2.05744062389812
508,1,3.20090053428448
509,1,3.02554577551122
510,1,1.90991627856007
511,0,0.110517229158636
512,1,2.97436888679457
513,1,1.95655301170677
514,1,3.08424575508749
515,1,1.9844721170703
516,0,1.2296408905773
517,1,2.93192021397221
518,1,1.95387174629799
519,1,3.13987369647137
520,0,0.895227334575558
521,1,3.03808254712877
522,0,1.18310721074102
523,1,2.02958742630203
524,0,2.20623879574429
525,0,0.92586420178249
526,1,2.97023871175519
527,1,3.02557055753406
528,1,3.12792392399295
529,1,2.90740239550992
530,0,-0.00601597262350726
531,0,0.919710315415691
532,0,1.09076408100959
533,0,0.93259510546381
534,1,2.10167439743157
535,0,0.984902296713302
536,1,2.90463095787557
537,1,2.06202153996462
538,1,1.97926904350552
539,1,2.86992120236828
540,0,0.011799659870861
541,1,3.06757070496684
542,0,1.12489692802529
543,0,4.0883061367647
544,0,2.14319888502005
545,0,-0.011272590435579
546,0,1.17908189930249
547,1,2.99631690996586
548,0,4.05722254378051
549,1,2.91401134533615
550,0,1.04701606864611
551,0,-0.0825980335576961
552,1,1.92014097026867
553,1,1.90930648458194
554,0,0.0984846525780861
555,0,2.10628620112265
556,1,1.97938038280036
557,1,2.95977341156829
558,1,2.06924028376898
559,0,2.10170528505614
560,0,4.11185825608483
561,1,3.06850085900812
562,0,1.10518452481113
563,0,1.19137533356962
564,1,1.92112892861367
565,1,3.03647650882122
566,0,4.09657912312174
567,1,2.07860641785969
568,1,1.96328353894786
569,1,2.94723409359933
570,1,1.96910002144434
571,0,-0.0482346793893698
572,1,2.13221428672577
573,0,2.12031157354449
574,0,1.01963204594417
575,0,1.13150587785152
576,1,3.0745048266869
577,0,1.00751312986719
578,0,1.81625783153451
579,1,1.90460399110058
580,1,2.00560021371464
581,0,1.94020745591227
582,0,1.24849033389536
583,1,2.03754055298096
584,1,2.937590337031
585,0,0.982285528032471
586,1,3.11155506647288
587,0,0.964658553329297
588,0,2.09934379341818
589,1,3.07591709908303
590,0,0.844180309258179
591,1,2.02370711899667
592,0,0.92261102223351
593,0,1.90622634292585
594,0,0.801643081301851
595,1,2.9725021216234
596,0,2.14539962563417
597,0,1.99204513722363
598,1,1.94504750456151
599,0,0.819458713796219
600,0,2.0499768176395
601,0,0.0282055663205079
602,1,3.06422665310688
603,1,2.06232805621036
604,1,2.9985203794521
605,0,1.85732296139759
606,0,3.9716513575677
607,0,3.84181934292602
608,1,2.12096875118563
609,0,0.977189778512676
610,0,0.968317418818235
611,1,3.00678702198344
612,1,3.14017252094849
613,1,2.0732941304002
614,1,2.9976740538107
615,0,2.05971555826409
616,0,0.97679599351071
617,1,3.12744399341409
618,1,1.90593835078455
619,1,2.97882461049264
620,0,0.869095654493465
621,0,0.923022779565665
622,1,2.04353428253971
623,1,2.95133359878971
624,1,1.91720667048556
625,1,3.01856764018516
626,0,1.95533194345325
627,1,1.9333694221055
628,0,0.058557970432421
629,0,1.08023829934459
630,1,3.08594230066461
631,1,2.04855029187349
632,0,3.97054778919331
633,0,2.04985524022464
634,1,3.01275115768868
635,0,1.88697116278078
636,1,1.94108194030613
637,0,1.01121956153983
638,0,1.05841852248096
639,1,3.02675428704577
640,1,3.03410461935325
641,1,3.20072328722221
642,1,3.14795112943727
643,0,0.93031798332184
644,1,3.05792421952639
645,0,2.16333956441551
646,1,1.92251895794505
647,0,0.999730688649271
648,0,4.08109781360107
649,0,1.09607636846907
650,1,3.00385272220034
651,0,1.10116329090834
652,1,3.12877835309806
653,1,1.88458488911998
654,0,-0.065568901007613
655,1,3.06820458088241
656,1,2.83747685058567
657,1,1.94926858716674
658,0,1.04484167544869
659,0,0.96439516069013
660,0,0.821036410830603
661,0,0.940307623664437
662,1,3.10987324013258
663,0,1.19553264306373
664,1,2.1396861964481
665,0,0.966478864097273
666,1,2.88744109783305
667,0,0.0234344361995921
668,1,3.03410461935325
669,1,3.05348966289758
670,1,2.15964962878129
671,0,4.04859760965034
672,0,2.13053626525309
673,0,2.15966815288573
674,0,-0.0727377155182526
675,1,1.91732824790042
676,1,2.92157394484876
677,1,2.01960334307173
678,1,3.00789442308698
679,0,0.961967601574741
680,0,0.984480170438171
681,1,2.06600970586016
682,1,2.04568408763383
683,1,1.89725365879311
684,0,1.80051293545514
685,1,2.02621929250464
686,0,0.98847662231813
687,1,2.92568387067986
688,1,2.87734017131531
689,0,1.13470157641732
690,1,2.01965901271915
691,1,1.86396098751263
692,0,4.0917446315848
693,1,2.01936273459344
694,1,3.0174295692326
695,0,1.17413179773616
696,1,2.01580693309305
697,1,2.94544921466932
698,0,1.01465787383923
699,0,2.13267364445118
700,1,3.15033343954597
701,0,2.06612660226729
702,0,0.979900540749402
703,0,0.956879944840526
704,1,2.09806138442132
705,1,2.0144126330271
706,1,1.91904522520653
707,1,3.04100856092745
708,0,1.99939119879654
709,1,1.97645035375182
710,1,2.90915893316677
711,0,1.78987038820597
712,1,3.0690982901868
713,0,1.87435209394767
714,0,1.10574420697484
715,1,1.85537508877518
716,1,2.16338694807851
717,0,1.10089179480546
718,1,1.92864414446327
719,1,1.95884190315308
720,1,2.96725574193135
721,1,2.01459415082394
722,1,2.05786275017325
723,1,2.04200243798402
724,0,2.11829577176126
725,1,1.91322874271004
726,0,0.983755604732335
727,1,2.98015469944205
728,0,0.871352064754996
729,0,1.96979998764805
730,1,2.04513404011814
731,1,3.02098964146756
732,0,4.01105933582179
733,0,0.990055309440708
734,1,2.03723403673522
735,1,2.95133359878971
736,0,1.06221920319421
737,0,0.883930144637848
738,0,1.85535656467074
739,1,3.18075985488903
740,1,2.98752355585396
741,1,2.07333978895936
742,1,2.05846573846423
743,0,1.02622674240052
744,0,1.96522514697924
745,1,3.03037002892814
746,1,3.15157710943966
747,0,3.99190880254734
748,0,4.00695983063141
749,1,2.01538480681792
750,0,1.00842963401059
751,1,3.0676922823817
752,1,1.96294140834346
753,1,2.82690021110394
754,1,3.06588007507743
755,0,0.0460211988148763
756,1,2.83875554062222
757,1,2.08429886354252
758,1,2.05713137878026
759,1,2.06153740021638
760,0,1.04282587366546
761,1,1.99101515912909
762,1,1.95979382773561
763,1,1.96868216590377
764,0,0.925400767242051
765,1,3.06335826692144
766,1,2.10565232520709
767,0,3.93902530546756
768,0,1.03842581961481
769,0,1.94507839218609
770,0,0.981125686538656
771,1,3.06814891123499
772,1,1.96041960018746
773,0,1.16676721205881
774,0,3.81604803740132
775,1,3.05686608267939
776,0,1.05846590614396
777,1,2.93737431665601
778,0,1.04288154331288
779,1,1.95712311451121
780,1,2.11563640843739
781,1,2.00521578475674
782,0,0.972657532486908
783,1,1.95649734205936
784,1,2.94174296551738
785,0,0.0132555969696834
786,1,3.04558947699396
787,0,2.00956022085772
788,1,1.94884049350615
789,0,3.90818913804764
790,1,1.99695321904042
791,0,2.10783047157437
792,1,3.02542419809637
793,1,1.9613318335963
794,1,1.96378773398485
795,1,2.99200567866647
796,1,3.03415200301625
797,0,0.842463331952072
798,0,4.08064928821149
799,1,3.12376105738655
800,0,4.09835358141103
801,1,1.94126960800913
802,0,1.06856902043771
803,0,2.93183994482266
804,0,1.89992609712136
805,0,3.04295845494325
806,0,3.01407741390893
807,0,1.96378773398485
808,0,3.08746804701189
809,0,3.02435777526495
810,0,2.83485606665498
811,0,2.12869571667566
812,0,-0.179046225591799
813,0,1.98742239532712
814,0,3.98591988481926
815,0,2.87794723642132
816,0,2.0031999829735
817,0,1.09967901253635
818,0,2.97479502831956
819,0,2.10395559710926
820,1,2.96001402004659
821,0,0.104787086158579
822,0,1.81221399599155
823,1,2.03863430418663
824,0,2.05770583187855
825,1,1.90514342405601
826,1,2.90957678870734
827,1,2.833620500225
828,1,3.13962881725851
829,0,0.941996065777846
830,0,0.989792457897659
831,0,1.06710107839415
832,1,1.94908110198444
833,0,1.06908345359472
834,0,1.06199865000467
835,0,1.89822583258392
836,0,0.948086049632502
837,0,2.06502174751516
838,0,2.9993603612678
839,0,2.92084937914292
840,0,3.84658792669552
841,0,3.05068949724831
842,0,2.00581520979189
843,1,3.04755160298624
844,0,1.09079696649613
845,1,2.09709348136506
846,1,3.01396393995779
847,0,1.94888787716915
848,0,0.0519035890787983
849,0,3.85419183447344
850,0,3.05628769389054
851,0,3.9891664412018
852,0,1.06908345359472
853,1,3.10945111385745
854,0,2.08126851005568
855,1,2.08449080198008
856,1,3.007420897899
857,0,0.999491366548708
858,1,1.98295069315533
859,0,4.09523434279705
860,0,1.04287325732846
861,1,2.99008867013723
862,0,1.15275012562138
863,0,1.10494391633283
864,0,3.95501081002522
865,1,2.96478687455065
866,1,2.00670438556104
867,0,0.968226729027959
868,1,3.00699877162387
869,1,1.95264099169869
870,1,2.83766433576796
871,1,2.89079325315672
872,0,1.078315864526
873,1,3.03420767266366
874,0,1.93254787848694
875,0,4.0057470483623
876,1,2.88913983118617
877,1,2.01875294061531
878,1,3.03444828114196
879,1,2.91940154550781
880,1,3.08839264394086
881,1,3.01321103297879
882,0,0.980063534441799
883,1,3.15265362291862
884,0,1.06956124951727
885,1,1.99234951881305
886,0,0.103974187099847
887,0,1.07698150484204
888,1,3.0876638181786
889,0,1.01614215221121
890,1,3.08360127601049
891,0,1.98044680563177
892,1,3.22086396661767
893,1,3.10939544421004
894,0,1.97925051940108
895,0,2.10035856185204
896,0,0.816086309264267
897,0,4.12228452087901
898,1,1.9223973805302
899,0,1.01082986475173
900,1,2.77284723788232
901,0,1.15269445597396
902,1,1.99590959104801
903,0,0.978904296419984
904,0,1.12513753650359
905,1,2.08919329546144
906,1,1.98526277306428
907,1,2.16362755655681
908,1,2.9966365240267
909,0,3.96767342979218
910,0,0.953511811043135
911,0,1.22602514869493
912,0,0.936179583281362
913,1,1.9890530331368
914,1,2.17575671075381
915,0,0.832726856806751
916,1,1.96433143767484
917,1,2.02976194449219
918,1,3.0634798443363
919,1,2.99743954354082
920,1,2.85145519791993
921,1,2.99113101175191
922,1,1.89248507502361
923,0,2.2341024139811
924,0,1.06559757511162
925,1,3.02620443344962
926,1,3.15163277908707
927,0,1.05525130598817
928,1,2.80056843742282
929,1,1.88268885341584
930,0,4.07717555547297
931,0,1.08290720123323
932,1,2.87764668756104
933,0,-0.00424151433421964
934,1,2.98354562807844
935,1,2.9436767502365
936,1,3.0780977844084
937,0,-0.142689853801108
938,0,-0.0144001157546726
939,1,2.98746788620654
940,0,1.03616125419182
941,0,1.06913912324214
942,0,1.07716644367292
943,0,4.00671922215312
944,1,3.02142774621641
945,1,2.99351728541271
946,0,0.952398004548715
947,1,2.92549620297686
948,0,0.0878775257680549
949,1,2.99921400183011
950,1,1.97278167109415
951,1,3.01157352638538
952,1,2.04318233476658
953,1,2.92947413075238
954,0,3.87824180500486
955,0,1.98131318656192
956,1,2.93145650595295
957,0,1.05409419336648
958,1,1.986619375813
959,0,1.03890361553736
960,1,2.15843684651218
961,0,2.04897246984637
962,1,2.95966225479416
963,0,1.17283513536942
964,1,2.94605900864745
965,1,2.080320935767
966,0,2.1790181762872
967,1,2.89513356074492
968,0,1.9691742151962
969,0,0.980829408412943
970,1,2.03742152191752
971,1,3.0540576310457
972,0,2.0508006039266
973,0,1.84697242153957
974,0,1.92380136694192
975,0,1.94471620629293
976,0,0.944442148997672
977,1,3.06180789826131
978,1,2.05755947244085
979,1,3.01166676252707
980,1,2.03826784755891
981,1,3.01752401219274
982,1,1.92104023668536
983,0,3.89359111646994
984,1,3.06981669458765
985,0,0.936747551429484
986,1,2.06136288202622
987,0,1.87685384681492
988,0,1.92525321582688
989,1,2.87065257376126
990,0,1.07324418554481
991,1,2.06832805036014
992,0,1.09706651459008
993,1,2.94898903769599
994,1,1.91841945275468
995,0,0.944351459207397
996,0,1.06938783518415
997,1,2.96155829049831
998,1,2.03141536646274
999,0,0.926132138635037
1000,0,4.05366247154556
