Subj,Class,risk_2d
1,1,288.097
2,0,285.701
3,1,311.656
4,1,303.851
5,0,280.217
6,1,286.253
7,1,297.115
8,1,-290.341
9,1,288.709
10,1,287.915
11,0,281.843
12,0,-306.896
13,1,287.194
14,1,-298.392
15,1,-287.945
16,1,303.96
17,0,-275.778
18,1,291.507
19,1,317.236
20,1,292.641
21,1,286.604
22,0,287.201
23,1,279.186
24,0,-273.62
25,0,-284.075
26,1,294.822
27,0,288.897
28,0,-277.049
29,0,-274.913
30,0,-283.256
31,0,-303.735
32,1,-281.619
33,0,288.565
34,1,294.956
35,0,-284.891
36,1,319.865
37,1,-300.884
38,0,-296.204
39,1,290.385
40,1,295.948
41,0,-291.911
42,0,-272.367
43,1,309.149
44,1,-273.62
45,1,290.174
46,0,287.714
47,0,-287.059
48,1,277.335
49,0,283.274
50,0,-277.536
51,1,284.357
52,0,290.18
53,0,-306.737
54,1,305.528
55,1,286.604
56,0,-285.553
57,0,295.376
58,0,-282.156
59,1,290.044
60,0,-308.213
61,0,-308.249
62,0,-310.004
63,1,285.857
64,0,-292.702
65,0,-287.333
66,1,-288.54
67,0,-277.141
68,1,294.017
69,1,293.365
70,1,276.362
71,1,300.874
72,1,279.669
73,0,-282.025
74,0,294.956
75,0,297.667
76,0,284.357
77,1,-267.103
78,1,279.925
79,1,300.952
80,0,279.853
81,1,290.508
82,0,266.769
83,0,-282.634
84,0,-296.143
85,0,-298.993
86,1,305.997
87,0,292.445
88,1,294.726
89,0,276.843
90,0,-308.425
91,0,-287.365
92,0,-293.359
93,0,-304.317
94,0,308.648
95,0,-299.876
96,0,-294.905
97,1,272.199
98,1,-293.003
99,1,301.031
100,1,290.174
101,1,-282.156
102,1,296.924
103,1,-271.144
104,1,291.733
105,1,293.23
106,1,307.796
107,0,-266.685
108,1,-295.465
109,0,-289.104
110,0,-273.62
111,0,292.005
112,0,276.661
113,1,270.813
114,1,287.378
115,1,267.001
116,0,-268.517
117,1,283.542
118,0,-278.764
119,0,288.836
120,0,-290.001
121,0,-268.417
122,0,-279.724
123,1,291.018
124,0,284.57
125,1,291.255
126,1,-292.754
127,0,-290.174
128,0,-289.88
129,1,273.658
130,0,-306.134
131,0,284.174
132,0,-297.921
133,1,-290.174
134,0,-301.031
135,1,290.849
136,1,293.188
137,1,272.182
138,0,-281.342
139,0,-309.292
140,0,-291.414
141,0,-282.886
142,1,279.186
143,1,-271.184
144,0,-288.255
145,0,-299.009
146,1,286.19
147,0,-298.438
148,1,-308.443
149,1,294.22
150,1,300.035
151,0,-311.806
152,1,265.195
153,0,-282.677
154,0,-269.651
155,0,-291.748
156,0,-275.919
157,1,265.111
158,0,-288.021
159,1,-302.566
160,0,-280.304
161,0,297.115
162,0,267.609
163,0,-308.475
164,1,289.438
165,1,273.639
166,1,-279.62
167,0,-288.165
168,0,282.634
169,1,286.173
170,1,314.658
171,1,328.759
172,0,-285.504
173,0,309.934
174,0,287.323
175,1,-271.997
176,1,289.361
177,0,-281.351
178,1,298.288
179,1,297.985
180,1,305.453
181,1,293.699
182,0,-276.649
183,1,-287.059
184,1,293.25
185,0,-281.905
186,0,302.572
187,0,-298.379
188,0,-290.866
189,0,-281
190,0,-303.818
191,1,295.717
192,1,-284.18
193,0,-271.328
194,1,302.238
195,1,290.083
196,0,-295.392
197,0,-271.877
198,0,-275.94
199,0,278.273
200,1,-269.38
201,0,-295.345
202,1,299.962
203,1,-282.677
204,1,308.866
205,0,272.881
206,0,-276.925
207,0,-278.764
208,1,299.163
209,1,290.159
210,1,264.486
211,1,296.373
212,1,284.357
213,1,-291.685
214,1,276.484
215,0,-282.677
216,0,-278.764
217,1,281.458
218,1,293.628
219,1,276.661
220,1,290.125
221,0,-282.025
222,0,299.852
223,1,309.567
224,0,-294.755
225,0,-282.799
226,1,288.683
227,1,293.48
228,1,288.221
229,0,-292.753
230,1,-296.373
231,0,288.833
232,0,285.744
233,0,-293.671
234,0,302.287
235,1,-272.38
236,1,-274.799
237,0,-302.28
238,1,295.644
239,1,287.913
240,1,304.801
241,0,-283.648
242,1,290.818
243,0,283.188
244,0,-271.425
245,1,278.107
246,0,-308.475
247,0,281.458
248,0,-291.685
249,0,278.245
250,1,-296.957
251,1,-294.956
252,0,-281.729
253,0,-302.572
254,0,-300.398
255,1,306.339
256,1,298.107
257,0,265.481
258,0,-296.204
259,1,293.369
260,0,278.172
261,1,291.083
262,1,-283.922
263,0,-303.812
264,0,-282.854
265,0,275.919
266,0,-283.802
267,1,291.718
268,0,282.683
269,1,297.797
270,0,-292.745
271,0,302.572
272,0,-283.496
273,1,303.675
274,0,-276.475
275,0,-315.977
276,1,292.445
277,0,-303.161
278,1,-280.304
279,1,295.644
280,0,-281.862
281,0,-280.325
282,0,-285.188
283,1,293.577
284,1,302.872
285,1,-294.956
286,1,287.139
287,0,284.198
288,0,-269.385
289,0,-281.752
290,1,297.115
291,0,-305.583
292,1,292.581
293,0,289.569
294,1,-298.759
295,0,-282.184
296,0,-284.148
297,0,-294.756
298,0,-308.208
299,0,281.086
300,0,-292.753
301,0,-289.117
302,0,-306.737
303,1,267.427
304,1,296.208
305,0,-289.99
306,0,278.375
307,1,-282.495
308,0,267.427
309,1,282.963
310,1,287.699
311,0,-276.897
312,1,-267.176
313,1,291.419
314,1,291.638
315,0,277.65
316,1,280.325
317,0,-291.577
318,0,-308.563
319,0,-293.461
320,1,296.373
321,1,302.132
322,0,-295.716
323,1,280.605
324,0,291.094
325,1,275.463
326,1,289.049
327,1,-274.126
328,0,272.005
329,1,269.16
330,0,-291.517
331,0,-307.764
332,1,-271.662
333,1,276.843
334,1,288.042
335,1,298.107
336,0,-284.432
337,1,-316.06
338,1,-288.035
339,0,-298.811
340,1,295.375
341,1,301.215
342,1,279.669
343,0,-291.788
344,0,270.435
345,1,287.687
346,1,286.593
347,1,301.275
348,1,269.007
349,0,-274.818
350,1,269.571
351,1,270.472
352,0,294.169
353,0,-297.921
354,1,288.121
355,1,299.442
356,0,-271.584
357,0,292.445
358,1,290.661
359,0,-277.949
360,0,280.94
361,1,270.591
362,0,-310.004
363,1,279.081
364,1,-274.08
365,1,303.056
366,1,300.3
367,1,314.841
368,0,-290.088
369,1,315.271
370,1,-285.819
371,0,-279.017
372,0,-307.077
373,1,310.535
374,1,-278.109
375,0,-296.481
376,1,282.125
377,1,-283.189
378,1,285.899
379,0,-297.797
380,1,296.958
381,1,319.32
382,0,-308.877
383,1,301.465
384,0,-296.925
385,0,-306.479
386,1,303.056
387,1,296.456
388,0,-288.707
389,0,-279.657
390,0,-290.845
391,1,292.104
392,0,-296.373
393,1,279.627
394,0,-274.818
395,1,295.505
396,1,281.938
397,1,295.41
398,0,-315.643
399,0,-279.834
400,0,-322.274
401,0,-280.632
402,1,-308.431
403,1,293.748
404,1,300.656
405,1,298.31
406,0,-280.112
407,0,-294.542
408,0,-287.025
409,0,281.815
410,0,-297.55
411,0,259.432
412,0,-299.35
413,1,294.956
414,1,297.115
415,0,-288.883
416,0,283.355
417,1,-294.685
418,0,-293.941
419,1,310.818
420,1,-277.981
421,1,297.455
422,0,-303.006
423,1,280.091
424,0,-302.231
425,0,-286.822
426,1,277.359
427,0,-277.318
428,0,-291.911
429,1,-271.973
430,1,290.517
431,0,-307.764
432,1,312.388
433,1,296.382
434,1,-279.669
435,0,281.086
436,0,281.086
437,0,-303.224
438,1,305.687
439,1,305.687
440,0,-268.942
441,0,-291.538
442,1,271.973
443,0,279.669
444,1,292.5
445,1,308.548
446,1,-270.459
447,0,-293.143
448,1,297.12
449,1,294.041
450,0,-299.645
451,1,-277.524
452,1,291.16
453,1,296.373
454,0,282.125
455,0,-275.245
456,1,279.749
457,0,279.547
458,1,314.992
459,0,-315.806
460,1,282.655
461,0,-303.77
462,1,296.004
463,1,-285.819
464,1,-291.911
465,0,-282.025
466,0,-272.734
467,0,-290.086
468,0,-277.838
469,1,286.098
470,1,279.907
471,1,280.333
472,1,311.736
473,1,-290.508
474,1,294.65
475,1,285.851
476,0,293.365
477,1,286.293
478,0,-289.197
479,0,-294.005
480,1,290.788
481,1,281.329
482,1,-302.4
483,1,301.125
484,0,-286.696
485,0,-302.598
486,0,-296.373
487,1,298.107
488,0,-297.887
489,0,-273.202
490,0,-282.902
491,1,298.185
492,1,-279.345
493,0,293.188
494,0,293.004
495,0,-298.476
496,1,298.752
497,0,269.873
498,0,-293.81
499,1,294.017
500,1,275.42
501,1,288.021
502,0,-276.118
503,1,304.069
504,1,294.17
505,0,-293.886
506,1,297.832
507,0,-294.704
508,0,290.541
509,0,-300.441
510,1,298.575
511,1,280.476
512,0,-303.224
513,1,270.631
514,0,-287.479
515,0,-290.001
516,0,-280.038
517,0,-300.009
518,0,-272.811
519,1,307.796
520,0,-300.441
521,0,-284.909
522,0,-308.615
523,1,-285.862
524,1,276.484
525,0,-282.19
526,1,288.709
527,1,285.056
528,0,-300.852
529,0,-288.021
530,1,294.897
531,0,278.273
532,1,264.582
533,1,280.204
534,0,286.473
535,1,297.767
536,0,-304.525
537,0,-304.525
538,0,262.91
539,0,-276.49
540,0,-301.163
541,1,307.01
542,1,296.004
543,1,-277.783
544,1,288.886
545,1,289.791
546,0,-282.677
547,0,-292.446
548,0,-287.866
549,0,-274.566
550,0,-296.204
551,1,-287.687
552,1,279.669
553,1,294.548
554,1,-285.819
555,0,-294.529
556,0,-277.838
557,1,-267.2
558,1,293.353
559,1,276.661
560,1,-269.38
561,0,-291.788
562,0,-285.868
563,0,-290.178
564,1,286.37
565,0,294.65
566,0,-283.124
567,0,-278.982
568,0,-285.712
569,0,-290.575
570,0,277.303
571,1,309.934
572,1,300.3
573,0,-281.905
574,0,-273.314
575,0,-302.308
576,0,279.505
577,0,278.885
578,0,-283.086
579,1,277.593
580,0,-291.152
581,1,-298.683
582,1,293.25
583,1,294.22
584,0,-289.834
585,0,-298.392
586,0,-307.09
587,0,-287.769
588,0,-277.524
589,1,303.919
590,0,-312.52
591,0,-291.571
592,1,284.294
593,0,-290.975
594,1,271.973
595,0,-302.572
596,0,-287.359
597,0,-284.557
598,0,-267.883
599,0,291.06
600,0,-306.737
601,0,-296.373
602,0,-291.133
603,1,293.739
604,1,-284.689
605,1,-279.953
606,1,303.96
607,0,-288.962
608,0,-287.059
609,1,-287.945
610,0,-300.852
611,0,-282.677
612,0,310.503
613,0,-304.621
614,0,-291.206
615,1,305.252
616,1,298.849
617,1,308.001
618,1,-267.176
619,1,304.583
620,0,280.003
621,1,-280.957
622,1,288.97
623,0,-277.355
624,1,290.128
625,0,302.572
626,1,270.447
627,0,-270.045
628,1,278.172
629,1,266.771
630,0,-290.174
631,0,-284.75
632,0,297.767
633,1,283.099
634,1,-286.002
635,0,-302.238
636,1,285.216
637,0,-299.402
638,1,279.669
639,1,-281.093
640,0,288.565
641,1,300.952
642,1,300.141
643,0,-282.677
644,0,-276.897
645,0,288.709
646,1,-296.373
647,0,-294.603
648,1,287.883
649,0,-281.036
650,0,-290.225
651,1,260.739
652,1,-284.431
653,1,-299.095
654,1,-277.838
655,1,275.33
656,0,-293.224
657,0,-305.363
658,1,296.542
659,0,299.163
660,0,-285.699
661,1,-271.794
662,1,307.354
663,0,293.48
664,1,-288.035
665,1,297.455
666,0,-290.068
667,0,282.854
668,0,-307.819
669,1,279.335
670,0,-317.773
671,1,-276.452
672,1,279.352
673,1,295.793
674,0,-282.561
675,0,298.801
676,1,269.16
677,0,258.157
678,0,-265.039
679,0,281.573
680,1,286.604
681,0,-291.788
682,0,-276.812
683,1,274.352
684,1,294.392
685,1,-288.677
686,0,-300.925
687,1,294.22
688,0,-292.978
689,0,-294.603
690,1,290.508
691,1,281.329
692,1,316.878
693,0,-276.452
694,0,-260.441
695,0,-300.142
696,1,294.822
697,0,-308.431
698,0,290.52
699,0,-259.164
700,0,-296.373
701,1,302.422
702,0,281.748
703,1,296.373
704,0,-284.303
705,1,294.313
706,0,-271.241
707,0,288.75
708,1,289.017
709,0,-289.349
710,1,288.021
711,0,-297.782
712,1,271.122
713,1,-272.615
714,1,288.095
715,1,-274.938
716,1,294.956
717,1,-287.059
718,0,-302.528
719,1,299.201
720,0,-287.365
721,0,290.125
722,0,269.549
723,0,-292.446
724,0,-282.677
725,0,-309.539
726,0,-302.238
727,1,285.447
728,1,-284.404
729,0,-287.693
730,1,296.373
731,0,280.987
732,1,307.1
733,1,299.695
734,1,292.027
735,1,292.21
736,1,286.415
737,0,-311.46
738,0,-295.109
739,1,270.066
740,1,270.813
741,0,-272.734
742,0,-299.381
743,1,287.621
744,1,287.488
745,1,302.422
746,0,-282.677
747,0,-283.941
748,1,303.96
749,1,287.378
750,1,-287.359
751,0,-293.143
752,1,290.343
753,1,-282.262
754,1,-288.929
755,1,-277.524
756,1,264.582
757,1,322.894
758,1,276.989
759,0,288.683
760,0,-308.452
761,1,285.524
762,1,-314.298
763,0,-310.664
764,1,281.329
765,0,-276.289
766,0,-306.895
767,1,261.391
768,0,-290.826
769,1,287.316
770,0,-285.534
771,0,284.783
772,1,285.216
773,1,293.133
774,1,-288.659
775,1,293.525
776,0,282.885
777,1,-300.441
778,1,294.313
779,0,-280.241
780,0,276.484
781,1,292.174
782,0,-279.978
783,1,311.035
784,0,-304.525
785,1,292.546
786,1,294.27
787,0,-288.232
788,0,-295.731
789,1,273.639
790,0,272.182
791,1,-276.655
792,1,292.818
793,0,-277.524
794,1,301.049
795,1,293.917
796,1,300.102
797,0,-308.452
798,1,282.856
799,0,-317.891
800,1,300.656
801,0,-271.241
802,0,-281.435
803,1,285.851
804,0,-274.13
805,1,307.423
806,1,-299.779
807,1,295.821
808,0,302.238
809,1,290.894
810,0,279.341
811,0,-301.94
812,1,-288.13
813,1,300.336
814,1,313.149
815,0,293.365
816,0,-277.141
817,1,293.23
818,1,306.339
819,1,302.848
820,1,289.438
821,1,287.987
822,1,284.357
823,0,-298.476
824,0,-310.613
825,1,279.669
826,1,269.571
827,1,283.233
828,0,-284.185
829,1,299.304
830,0,-316.713
831,1,296.481
832,1,305.63
833,1,291.733
834,1,303.96
835,0,-275.245
836,1,288.152
837,0,-271.328
838,1,296.713
839,0,278.308
840,0,293.365
841,1,288.883
842,1,300.035
843,0,-281.822
844,1,304.069
845,1,280.653
846,0,-279.614
847,0,-288.021
848,1,297.608
849,0,287.323
850,1,-280.43
851,0,-278.535
852,0,-299.326
853,1,273.476
854,0,-292.5
855,1,289.493
856,0,-308.425
857,1,284.404
858,0,-288.843
859,1,287.987
860,0,-284.75
861,1,287.5
862,1,287.791
863,1,-282.478
864,0,-265.847
865,1,-276.655
866,0,-296.373
867,1,-294.011
868,1,302.053
869,0,-285.527
870,0,280.357
871,1,285.703
872,1,285.565
873,0,-317.325
874,1,-287.661
875,1,294.684
876,0,-303.557
877,0,-292.992
878,0,-306.759
879,1,-255.641
880,0,288.782
881,0,267.427
882,1,-294.685
883,0,-304.525
884,0,-276.638
885,0,288.683
886,1,280.999
887,0,-300.852
888,0,-284.937
889,0,282.634
890,0,276.484
891,0,-301.506
892,0,-277.524
893,1,-275.19
894,1,-265.62
895,0,-299.641
896,0,-271.973
897,1,302.572
898,1,-270.887
899,1,293.243
900,1,295.609
901,1,277.59
902,1,272.182
903,0,-301.94
904,1,307.199
905,1,271.306
906,0,280.94
907,0,-303.93
908,0,290.76
909,1,315.582
910,1,316.133
911,1,303.412
912,1,293.48
913,0,-292.446
914,0,272.818
915,0,293.443
916,1,278.887
917,1,280.401
918,1,277.499
919,1,274.102
920,0,-294.104
921,0,-271.659
922,1,-280.249
923,1,303.96
924,0,-274.282
925,0,-279.669
926,1,292.28
927,1,280.963
928,0,-282.689
929,1,294.659
930,1,281.512
931,0,-286.418
932,1,-282.634
933,1,302.098
934,0,-287.358
935,0,-298.609
936,0,300.246
937,0,268.997
938,1,313.701
939,1,-285.439
940,1,313.149
941,1,290.232
942,0,-305.411
943,0,304.069
944,0,282.634
945,1,296.691
946,1,295.978
947,0,-292.546
948,1,306.859
949,1,281.994
950,1,312.388
951,0,303.996
952,0,-301.504
953,0,-296.373
954,1,294.876
955,1,294.876
956,0,-283.133
957,1,289.017
958,1,304.153
959,1,265.774
960,0,-286.442
961,1,296.373
962,0,-286.511
963,1,274.102
964,1,288.021
965,0,294.251
966,0,-271.538
967,0,-298.779
968,0,-287.649
969,0,-299.571
970,1,-296.883
971,0,-304.239
972,1,293.174
973,1,285.534
974,0,-279.894
975,0,-311.46
976,1,275.687
977,0,-288.055
978,0,297.025
979,0,258.921
980,0,-289.697
981,0,-290.506
982,1,286.415
983,1,285.216
984,0,-307.787
985,1,289.791
986,1,-297.769
987,0,-310.004
988,1,286.37
989,0,-281.729
990,0,286.029
991,1,-290.152
992,1,292.058
993,1,297.281
994,0,263.565
995,0,-304.037
996,0,-318.651
997,0,-320.755
998,1,314.035
999,0,-284.87
1000,0,-270.391
