Subj,Class,risk_2d
1,0,7.781
2,1,-5.023
3,1,8.829
4,1,19.237
5,1,-5.746
6,1,17.406
7,1,-9.37
8,1,-15.99
9,1,33.578
10,1,18.294
11,1,-4.094
12,1,-3.602
13,1,22.403
14,1,3.533
15,1,-9.144
16,1,-0.442
17,1,-0.486999999999998
18,1,-15.99
19,1,5.7
20,1,-17.631
21,1,9.39
22,1,-16.144
23,1,-6.008
24,1,2.172
25,1,15.025
26,1,-7.687
27,1,24.046
28,1,10.609
29,1,-4.453
30,1,-13.34
31,1,11.116
32,1,8.646
33,1,-31.304
34,1,17.422
35,1,-13.52
36,1,37.185
37,1,12.803
38,1,19.354
39,1,-8.777
40,1,-9.027
41,1,-4.015
42,1,37.93
43,1,0.417
44,1,3.707
45,1,8.789
46,1,-19.91
47,1,-5.534
48,1,-8.424
49,1,38.603
50,1,7.171
51,1,-2.277
52,1,13.935
53,1,-9.126
54,1,-13.689
55,1,-33.61
56,1,-8.949
57,1,-16.309
58,1,12.372
59,1,16.989
60,1,11.696
61,1,-16.705
62,1,12.149
63,1,7.781
64,1,-15.152
65,1,-16.144
66,1,13.766
67,1,3.873
68,1,-16.521
69,1,9.224
70,1,2.662
71,1,16.771
72,1,-2.399
73,1,6.78
74,1,-6.047
75,1,26.673
76,1,0.729000000000001
77,1,-6.431
78,1,6.733
79,1,20.894
80,1,28.847
81,1,-10.937
82,1,14.417
83,1,-23.767
84,1,21.302
85,1,28.628
86,0,-7.377
87,0,7.416
88,0,3.257
89,1,9.898
90,0,-7.03
91,0,-14.392
92,0,6.79
93,1,-11.246
94,0,-7.023
95,0,-2.286
96,0,-16.396
97,0,7.781
98,1,-18.987
99,0,2.369
100,1,-12.942
101,1,-19.213
102,1,-4.015
103,1,-9.109
104,1,-3.679
105,1,-0.249
106,1,4.598
107,1,11.165
108,1,-8.904
109,1,-31.304
110,1,13.558
111,1,13.884
112,1,25.647
113,1,-2.935
114,1,-12.109
115,1,0.453
116,1,17.438
117,1,10.262
118,1,-12.044
119,1,-6.041
120,1,-11.187
121,1,9.897
122,1,-30.243
123,1,-8.72
124,1,-3.638
125,1,19.382
126,1,-25.161
127,1,12.45
128,1,19.217
129,1,-7.153
130,1,-5.645
131,1,-5.982
132,1,2.457
133,1,4.344
134,1,0.00399999999999912
135,1,-27.993
136,1,9.154
137,1,17.27
138,1,1.613
139,1,-2.014
140,1,-3.748
141,1,22.888
142,1,-2.557
143,1,2.141
144,1,19.421
145,1,-9.37
146,1,16.384
147,1,7.059
148,1,-27.111
149,1,2.241
150,1,9.346
151,1,1.791
152,1,-0.363
153,1,-11.696
154,1,-5.234
155,1,-15.99
156,1,-25.112
157,1,0.599
158,1,19.253
159,1,-25.315
160,1,21.168
161,1,-20.337
162,1,0.234
163,1,-12.107
164,1,-18.501
165,1,-2.88
166,1,3.873
167,1,22.088
168,1,-10.957
169,1,7.65
170,1,34.293
171,1,7.372
172,1,-5.414
173,1,-4.095
174,1,14.62
175,1,-7.377
176,1,-11.409
177,1,-17.99
178,1,-8.202
179,1,-5.417
180,1,17.695
181,1,-10.431
182,1,-15.329
183,1,-4.044
184,1,9.897
185,1,2.05
186,1,0.729000000000001
187,1,5.309
188,1,6.692
189,1,27.527
190,1,-15.483
191,1,-6.804
192,1,-4.409
193,1,12.266
194,1,20.172
195,1,0.559
196,1,13.762
197,1,10.185
198,1,10.066
199,1,-16.582
200,1,20.934
201,1,10.691
202,1,34.224
203,1,8.705
204,1,6.529
205,1,-14.153
206,1,3.19
207,1,21.749
208,1,-14.157
209,1,1.791
210,1,1.048
211,1,-10.84
212,1,23.395
213,1,11.927
214,1,-3.59
215,1,-0.442
216,1,7
217,1,19.668
218,1,-29.472
219,1,-7.89
220,1,-2.087
221,1,2.943
222,1,-19.251
223,1,32.025
224,1,-5.24
225,1,0.736999999999999
226,1,-6.556
227,1,-16.927
228,1,7.742
229,1,4.091
230,1,-36.282
231,1,4.091
232,1,-2.805
233,1,9.882
234,1,7.1
235,1,18.001
236,1,13.895
237,1,-5.534
238,1,11.963
239,0,-12.293
240,0,1.038
241,0,18.153
242,0,3.725
243,0,10.971
244,0,9.076
245,0,-15.68
246,0,28.639
247,0,1.588
248,0,7.226
249,0,41.788
250,0,-5.417
251,0,5.553
252,0,-17.827
253,0,11.945
254,1,21.658
255,0,6.946
256,0,-7.54
257,0,0.308000000000001
258,0,-0.0449999999999995
259,0,-4.636
260,0,4.187
261,0,-19.358
262,0,-6.531
263,0,24.705
264,0,-34.45
265,0,-5.615
266,0,-5.936
267,0,-13.212
268,0,14.992
269,0,12.05
270,0,12.845
271,0,-5.241
272,0,11.189
273,1,7.168
274,0,7.781
275,0,29.778
276,0,5.48
277,0,18.748
278,0,-0.595000000000001
279,0,12.758
280,0,5.514
281,0,-7.734
282,0,11.338
283,0,14.846
284,0,-23.483
285,0,8.376
286,0,23.474
287,0,26.999
288,0,15.644
289,0,-31.304
290,0,1.613
291,0,-2.381
292,0,30.92
293,0,-12.964
294,0,-31.304
295,0,-9.432
296,0,-20.745
297,0,16.634
298,0,23.888
299,0,8.104
300,1,8.83
301,1,4.772
302,0,-2.152
303,0,5.829
304,0,-10.963
305,0,-2.935
306,1,20.522
307,0,33.159
308,0,-2.325
309,0,-20.245
310,0,-13.52
311,0,2.779
312,0,22.287
313,0,31.396
314,0,4.091
315,0,12.697
316,0,25.81
317,0,-17.209
318,1,-1.958
319,0,16.63
320,0,-4.185
321,0,-2.71
322,0,10.15
323,0,-8.617
324,0,17.761
325,0,-1.755
326,0,-3.964
327,0,11.802
328,0,3.171
329,0,25.607
330,0,2.084
331,0,-18.851
332,0,-11.746
333,0,-13.407
334,0,16.337
335,0,19.753
336,0,-5.836
337,0,21.872
338,0,-7.023
339,0,-7.507
340,0,9.891
341,0,-6.526
342,0,21.926
343,0,19.592
344,0,13.409
345,0,-0.824
346,0,2.377
347,0,0.332
348,1,1.917
349,0,18.714
350,0,12.81
351,0,3.406
352,0,-3.46
353,0,-26.388
354,0,7.367
355,0,-0.0509999999999997
356,0,-6.784
357,0,-18.664
358,0,-7.337
359,0,-16.208
360,0,-20.906
361,1,3.585
362,0,-12.121
363,0,-18.594
364,0,16.634
365,0,-19.264
366,0,-6.125
367,0,26.965
368,0,4.321
369,1,1.075
370,0,-5.086
371,0,5.527
372,1,-14.98
373,1,8.01
374,0,-4.809
375,0,-23.329
376,0,-17.217
377,1,22.305
378,0,5.253
379,1,5.964
380,0,-12.603
381,0,9.076
382,0,1.767
383,0,9.088
384,0,7.507
385,0,4.427
386,0,-2.935
387,0,27.767
388,0,1.503
389,0,-43.056
390,0,13.336
391,0,10.185
392,0,39.4
393,0,-9.103
394,0,2.495
395,0,10.985
396,0,-14.745
397,0,22.301
398,0,8.209
399,0,-23.192
400,0,19.103
401,1,13.732
402,0,-0.486999999999998
403,0,-4.082
404,0,13.541
405,0,28.007
406,0,-4.916
407,0,-2.784
408,0,2.943
409,0,-9.76
410,0,20.453
411,0,-4.198
412,0,11.023
413,0,-4.332
414,0,5.817
415,0,2.287
416,0,25.879
417,0,20.593
418,0,7.155
419,0,3.938
420,0,-0.0820000000000007
421,0,-2.618
422,0,-15.904
423,0,3.824
424,0,-1.806
425,0,-13.841
426,1,-9.084
427,1,6.426
428,0,2.592
429,0,-9.315
430,0,11.655
431,0,-12.035
432,0,-4.6
433,0,6.662
434,0,1.002
435,0,10.909
436,0,11.963
437,0,24.329
438,0,21.438
439,1,53.422
440,0,-7.068
441,0,-20.07
442,0,40.95
443,0,-9.212
444,0,-11.97
445,0,-22.126
446,0,-13.621
447,0,8.388
448,0,-7.461
449,0,19.222
450,0,14.834
451,0,0.599
452,0,8.883
453,0,7.781
454,0,17.156
455,0,11.223
456,0,-8.343
457,0,-17.209
458,0,-17.379
459,0,-12.519
460,1,9.694
461,0,14.918
462,0,6.069
463,0,-27.579
464,0,13.239
465,0,11.109
466,0,17.045
467,0,0.222
468,0,9.836
469,0,0
470,1,43.584
471,0,2.844
472,0,16.019
473,0,1.874
474,0,9.917
475,0,7.085
476,0,-7.084
477,0,-0.738999999999999
478,0,7.676
479,0,4.344
480,0,-16.258
481,0,30.189
482,0,2.407
483,0,-11.566
484,0,6.281
485,0,-11.006
486,0,11.189
487,0,-8.904
488,0,12.365
489,0,-22.697
490,0,-17.209
491,0,37.952
492,0,9.639
493,0,2.595
494,0,3.193
495,0,-3.078
496,0,-16.162
497,0,-31.873
498,0,-1.326
499,0,-11.076
500,1,12.845
