Subj,Class,risk_ori
1,1,0.0285791881893068
2,1,0.474503743587004
3,1,0.886490860170321
4,1,1.11095202994583
5,1,0.593440228043768
6,1,0.132846103559721
7,1,0.654781797630642
8,1,0.392680758249849
9,1,0.410142862733599
10,1,-0.128458241529558
11,1,1.14850608241837
12,1,0.669334022993875
13,1,0.657901198233352
14,0,-0.100385187329184
15,1,0.610754398430258
16,1,0.634352051786567
17,1,0.148178187248485
18,1,0.308503164139656
19,1,0.0498953416928181
20,1,0.214755919452689
21,1,0.103863973385333
22,1,0.989454468510322
23,1,0.732990914960876
24,1,0.560646982204269
25,1,0.889706149588428
26,1,0.670838198068797
27,1,0.33032269629533
28,1,0.0763577226566245
29,1,0.498861997485581
30,1,0.67529720436245
31,1,0.539808886686903
32,1,1.06610858381812
33,1,0.244347628348692
34,1,0.341015361998235
35,0,-0.1756513016171
36,1,0.655085072387925
37,1,-0.130135064293038
38,0,-0.0920825123497038
39,1,1.04021186326492
40,1,0.811004872532986
41,1,0.220096790843746
42,1,0.0225838994476058
43,1,0.436371714256515
44,1,0.958927312309262
45,1,0.528559904440861
46,1,0.785575598113693
47,1,0.65406858002028
48,1,0.101237950842185
49,1,0.802402085792905
50,1,0.505182234492709
51,1,0.25655822353468
52,1,0.284361825505101
53,1,1.36268351694702
54,1,0.927130698135509
55,1,0.560592454051197
56,1,0.950917839378378
57,1,0.166471600337516
58,1,0.102827244444322
59,1,0.3448377196337
60,1,0.814547451694143
61,1,-0.031897404544821
62,1,0.624069015145232
63,0,-0.388354917993119
64,1,1.13629377520378
65,0,0.0351381958048861
66,1,-0.330453725765914
67,1,0.446993015840366
68,1,0.260957200763882
69,1,0.174809485128688
70,1,0.552497539859038
71,1,0.672907115322336
72,1,0.613090777710754
73,1,0.040422402476532
74,1,0.278266471528251
75,1,0.322762090741366
76,1,0.496965376645972
77,1,1.10240884773246
78,1,0.466829447875244
79,1,0.228411878983503
80,1,-0.249647232796403
81,0,-0.518885699172714
82,1,0.552799691473051
83,1,0.623645137981256
84,0,-0.242598202021954
85,0,-0.085735033297142
86,1,0.342906807214386
87,1,-0.0832276005339109
88,1,0.233337982146616
89,1,1.03604294468945
90,1,0.268508429677795
91,1,-0.174498811496056
92,1,1.09777340125507
93,1,0.252021924060452
94,1,0.370096858802243
95,1,0.590541567850204
96,0,-0.277612870603146
97,1,0.572874118304013
98,1,1.10885202862391
99,0,-0.030317764204382
100,1,0.265577818356117
101,1,0.526546733674747
102,1,1.49656272705125
103,1,-0.415777644400434
104,1,1.40476663135697
105,1,0.160681656658256
106,0,0.381126365706217
107,0,0.60211242048835
108,0,0.642398979293838
109,0,0.98222485390497
110,0,0.632232587770092
111,0,0.959943804676906
112,0,-0.144514641967714
113,0,1.38082829733326
114,0,0.595423328164563
115,0,0.563169243852657
116,0,0.355229645153012
117,0,0.0691033944599761
118,0,0.113252218612145
119,0,0.758390023543766
120,0,0.477806986704194
121,0,0.193982328084155
122,0,0.363759731616908
123,0,0.279651118673477
124,0,0.233358943855902
125,0,0.929707112065501
126,0,-0.0612370148955021
127,0,-0.363941217709485
128,0,0.823351816747
129,0,-0.157320638862965
130,0,0.821811357879201
131,0,0.8491070873017
132,0,0.802215336365286
133,0,-0.37578443199671
134,0,0.884204109420775
135,0,0.895646818887437
136,0,0.364765872117325
137,0,0.904534708261687
138,0,1.3138772711851
139,0,0.347803396413902
140,0,0.799704644918479
141,0,-0.240703545762468
142,0,0.758813202102213
143,0,1.46520823390586
144,0,0.277844211201789
145,0,0.674603400780364
146,0,0.218353725372447
147,0,0.0872440491029151
148,0,0.446114927221813
149,0,0.125699965635521
150,0,-0.110801143850595
151,0,0.467879931224415
152,0,0.440369203477777
153,0,0.91513542400772
154,0,0.827473181430376
155,0,0.203370573310967
156,0,0.0360708125765101
157,0,1.16077155703206
158,0,-0.161995342086286
159,0,0.436371714256515
160,0,0.0160964509806965
161,0,1.03905288904512
162,0,1.45024857710132
163,1,0.690664278236449
164,1,0.365761632283809
165,0,0.20165983483925
166,0,1.05550786807209
167,0,0.44093272732204
168,0,0.439352711110133
169,0,-0.061305996062263
170,0,1.06589075032212
171,0,1.10781984031138
172,0,0.698166254490879
173,0,-0.336549079742764
174,0,0.498593412315354
175,0,0.846429109121822
176,0,0.497713283843389
177,0,0.477740487912831
178,0,0.582990847002379
179,0,0.148178187248485
180,0,0.343082337715051
181,0,0.311318373274941
182,0,0.46679445769001
183,0,0.455156588465226
184,0,0.41843314599244
185,0,0.220714909533859
186,0,0.812425947824256
187,0,0.328153713806642
188,0,-0.162981668617528
189,0,0.733015628552172
190,0,-0.173940187273915
191,0,0.679209950927965
192,0,0.730404149163656
193,0,-0.241514693067672
194,0,0.860556937592253
195,0,0.160799424919114
196,0,0.656766020894707
197,0,1.50950799475532
198,0,0.675126849485244
199,0,0.826642571430624
200,1,0.338925907573152
