Subj,Class,risk_ori
1,0,0.999787106418469
2,0,0.615708487186111
3,1,1.68728486856679
4,1,0.892458792733927
5,1,0.636004573579184
6,1,1.92024738352708
7,1,0.640667054621356
8,1,0.698394596060533
9,1,0.913191877659347
10,1,1.11218030953794
11,1,1.27306932435771
12,1,1.44138166791424
13,1,1.61079318803825
14,1,1.83451161381775
15,1,0.919329897050135
16,1,1.28766196282138
17,1,1.67526615305922
18,1,1.09353959827229
19,1,0.742251698460071
20,1,0.952378596864158
21,0,0.455713052391027
22,1,0.755889090559222
23,0,0.747756878110717
24,1,1.43083363122117
25,1,0.748347307943143
26,1,2.09974866236461
27,1,0.981770972914774
28,1,0.808860359670766
29,1,0.868409235296892
30,1,0.872759226570178
31,1,1.43408119325831
32,1,0.465037915582914
33,1,1.02615811218683
34,1,0.963931705071009
35,1,1.40397935975303
36,1,1.20801331151493
37,1,1.36039169545196
38,1,0.885448373678554
39,1,0.712957513896397
40,1,1.63551692024304
41,1,0.580006517138729
42,1,0.325347592989272
43,1,0.923392715639527
44,1,1.32982308550401
45,1,2.03376986996981
46,1,1.00157941961463
47,0,0.612306740903601
48,1,1.42658183143483
49,0,0.647502812829043
50,1,2.08582478444312
51,1,0.664009685912646
52,1,1.24490913692641
53,1,0.850109158164659
54,1,0.652637599662297
55,1,1.07184945077924
56,1,1.19670049791
57,1,1.02230996234626
58,1,0.627536462381497
59,1,0.459634800080803
60,1,1.32676403535351
61,1,1.09870909404955
62,1,0.866858240945761
63,1,0.984979095968438
64,1,1.65688959234004
65,1,1.15176909641263
66,1,1.87138451598426
67,0,0.775655457189351
68,1,1.2147551795447
69,0,0.546382300810792
70,1,1.6521851301206
71,1,1.16725665247406
72,1,1.55564334332431
73,1,0.833550815695736
74,1,1.08026024689753
75,1,0.949150184302855
76,1,1.09222022078651
77,1,1.47883947591026
78,1,0.958656772688792
79,1,1.34062532882183
80,1,1.20532035005172
81,1,0.989709463241975
82,1,1.54627262629356
83,1,0.368068156062644
84,0,0.539462786782893
85,1,2.09769474081578
86,0,0.631296337590607
87,1,0.902687152611344
88,1,1.21427815740109
89,1,1.9021055130259
90,1,0.457347158956131
91,1,1.10004939096227
92,1,0.982905871784497
93,1,0.971097199224223
94,1,0.679456151649275
95,1,0.987959131223083
96,1,1.12829045129712
97,1,0.674644911472192
98,1,1.11232906867285
99,1,1.3663771819387
100,1,1.51722517480049
101,1,1.03121698717187
102,1,1.75193503997055
103,1,1.71171480200407
104,1,1.3069304593292
105,1,0.693421364598374
106,0,1.2071208372185
107,0,1.60641161798386
108,0,0.803187633812442
109,0,2.03190967054229
110,0,1.00665226814438
111,0,1.16880191883136
112,0,0.79434859411065
113,0,1.45117595398054
114,0,0.467075420285699
115,0,1.11660773343119
116,0,0.788239038198119
117,0,1.58038240943123
118,0,0.0987928635126885
119,0,0.599253420869379
120,0,1.59682171339304
121,0,0.766478462279907
122,0,0.63251223603745
123,0,0.155372491628844
124,0,0.35019605165439
125,0,0.425323391710739
126,0,0.591457159664862
127,0,1.20624057735155
128,0,0.839109105188145
129,0,1.29638605059491
130,0,1.33359979356119
131,0,1.40504044307668
132,0,1.54122159528052
133,0,0.978588414192335
134,0,1.27166178736329
135,0,0.526522044002745
136,0,1.68408061817472
137,0,1.75704382567833
138,0,1.69674858492299
139,0,0.744148304230312
140,0,1.13803958676211
141,0,1.14137344681325
142,0,0.808208359569905
143,0,1.01362404017629
144,0,0.745704914127901
145,0,0.324119123872276
146,0,0.389956429365426
147,0,1.19104428779018
148,0,0.817699399372558
149,0,1.52733408298985
150,0,0.631247727508653
151,0,1.28543997950252
152,0,1.32821111022387
153,0,0.692639296218364
154,0,1.07506231475726
155,0,1.78706431142962
156,0,1.91494596146298
157,0,1.79289741082267
158,0,0.973638859358727
159,0,1.01041845931642
160,0,1.03557016424519
161,0,0.653461649219576
162,0,1.661033716211
163,0,0.949898506998088
164,1,1.64569402843201
165,1,0.794584297409223
166,0,1.02335958462401
167,0,0.238266540740055
168,0,1.12974480928563
169,0,1.6111419852574
170,0,0.687326656852654
171,0,0.21342478338638
172,0,0.540319538777093
173,0,0.926668724924556
174,0,1.05024900465148
175,0,0.92686244704586
176,0,0.828626726300895
177,0,0.78706841984724
178,0,0.896118618302784
179,0,0.915449484387972
180,0,1.13934155765692
181,0,0.619662084516525
182,0,1.4576175466709
183,0,1.87873985959718
184,0,0.814697232832953
185,0,1.03296170364431
186,0,0.207742985322034
187,0,0.833377481974528
188,0,1.53785556847916
189,0,1.13817093930604
190,0,1.04267282924243
191,0,0.850857480859892
192,0,0.696357190250205
193,0,1.60159406184385
194,0,1.67811418962027
195,0,0.42180606358068
196,0,1.54960648634471
197,0,0.394663964937531
198,0,1.29894150024649
199,0,0.976021288619064
200,0,1.28969177928887
