Subj,Class,risk_ori
1,0,-0.152998699996805
2,1,-0.064644780182965
3,1,0.0500469905823793
4,1,0.107029901123642
5,0,-0.0735886053658149
6,1,-0.232142387855539
7,0,-0.135199333482858
8,1,0.0419361319554857
9,0,-0.147314313715466
10,1,0.275791870242543
11,0,-0.0639317671982395
12,0,-0.119463680735498
13,0,-0.00958234670251191
14,0,0.152422192615018
15,0,0.115184320362775
16,1,-0.0786617767779528
17,0,-0.117777970456897
18,0,-0.137507308972231
19,0,0.0121918565915705
20,0,0.189238640649157
21,1,-0.0619003375829806
22,1,-0.0264913021624242
23,1,0.0856061925785956
24,1,-0.0379187051736849
25,1,-0.0640083705995007
26,0,0.0532285087321581
27,0,-0.0279647117538965
28,1,-0.159014960842648
29,1,0.10259909136388
30,0,-0.0701037882280732
31,0,0.137167825018236
32,1,0.15189783459795
33,1,0.126362292515757
34,1,0.0348057005347003
35,0,0.036118889177321
36,0,0.147451955001844
37,0,-0.0482329708901129
38,1,0.00532922368373121
39,0,-0.0165628870362451
40,1,0.120843393767325
41,0,-0.0378662789657729
42,0,-0.0497134474479938
43,1,0.0514592024585023
44,1,-0.0192274168639154
45,1,0.063065194073283
46,1,0.011028537271183
47,0,0.0252050835541032
48,0,0.183317108053436
49,1,0.162916257063
50,1,0.230944427911829
51,0,0.0554108978563042
52,1,-0.0198377205653834
53,1,-0.0225951178278805
54,1,-0.0045498334921141
55,1,-0.0805899726927107
56,1,0.106853628665986
57,0,0.219769757517037
58,1,-0.0494372506608895
59,1,0.138824443974391
60,1,-0.194156713513768
61,1,0.089167347772758
62,1,-0.098087480383775
63,0,0.0355557944743667
64,1,-0.134883161857693
65,1,0.107116880862365
66,1,0.0432660465334834
67,0,0.0197322745987321
68,0,0.0339613588458895
69,1,0.229379733314182
70,1,-0.0742123224659539
71,1,0.154120606435228
72,0,0.0800284122606773
73,0,-0.122484764901466
74,0,0.211290301057066
75,0,-0.0379532587044957
76,0,-0.0826782565979431
77,1,-0.0353552174719541
78,0,-0.105816458558141
79,0,-0.0568310768082846
80,0,0.0799621990821763
81,0,0.0368354768779398
82,1,-0.0311019490239487
83,1,-0.035748877060918
84,1,0.0514592024585023
85,1,0.0665132636467264
86,1,0.01843413142475
87,0,0.0360870994702478
88,1,-0.10183918486673
89,1,0.0864592573328486
90,0,0.047790902998377
91,0,0.123202512598854
92,1,-0.0737173696301477
93,0,-0.0856331275854105
94,0,0.135761575282812
95,1,0.155667176184015
96,0,0.125095941947843
97,0,0.120281210232103
98,1,-0.0312521155996086
99,0,-0.0106396872832054
100,1,0.198108637312768
101,0,0.0301335096978318
102,0,0.0297980822542332
103,0,-0.0684217975427088
104,1,0.126898694027605
105,1,0.109108193109331
106,0,-0.0917754075844137
107,0,0.243893087723107
108,1,0.0600041619012746
109,0,0.0569334132263511
110,1,-0.0375603522061226
111,0,-0.0928697201907369
112,1,0.0298766143441415
113,1,-0.0291761194039243
114,1,-0.0686381168639289
115,0,0.144769695027303
116,0,0.085716230727679
117,1,0.239055286538722
118,1,-0.0331909531966684
119,0,0.0815465098327337
120,0,0.0358390471695952
121,0,0.0803520691671982
122,0,0.03735092085734
123,0,-0.0988060572059818
124,1,-0.0133114481056749
125,1,-0.0298613804794074
126,1,0.113288901892198
127,1,-0.0838878756904941
128,0,0.0687299541299241
129,0,0.0630355134753934
130,1,0.0357306651195453
131,0,-0.0770348988526291
132,0,0.0700365448807407
133,1,0.0964079598728576
134,0,0.171287331472922
135,0,0.198087235001441
136,1,-0.117699713783616
137,1,0.234713769497894
138,0,0.252398251761857
139,0,-0.060128979806068
140,0,0.0548165270850058
141,0,-0.0606784096508096
142,0,0.0880857369549549
143,0,0.0900821975514705
144,1,-0.0874722318252479
145,1,0.0356902824064129
146,0,0.0792502938221548
147,1,0.0394967049474186
148,0,0.00640916734421642
149,0,-0.040771420894408
150,0,-0.0596056558433227
151,1,-0.104988465631562
152,1,0.158256769767742
153,0,0.182231922519739
154,1,0.0764355974188246
155,1,0.0695612182696325
156,0,0.0934254597907574
157,1,0.180157328136533
158,0,-0.00734747093751293
159,0,0.0379106080384447
160,1,0.150852444468275
161,1,-0.07799801281425
162,0,-0.00449740728420209
163,1,0.0939012036464905
164,0,-0.0982162446481078
165,1,-0.108969616287515
166,1,0.0799534760167342
167,0,-0.0348623765723456
168,1,0.0704628971852205
169,1,-0.0850140897602158
170,0,0.240491216872036
171,1,0.194748816332148
172,1,-0.0528049626831391
173,1,0.00911905641339007
174,1,0.0467490875845958
175,0,0.160399233428483
176,0,0.189599500254907
177,1,-0.0821080702647671
178,0,0.0249866522966854
179,0,0.121771933068063
180,0,0.0513019689164338
181,0,-0.0260012939464027
182,1,-0.141231455345183
183,1,-0.0117235415091524
184,0,0.101593818602497
185,0,0.207655426272976
186,0,0.106957991221262
187,1,-0.176277434227508
188,1,-0.285500956365702
189,1,0.17077410835903
190,0,0.205186149304767
191,0,0.10059905605147
192,0,-0.109941320428181
193,0,0.0881743838509956
194,0,-0.0238929855132549
195,0,-0.116258096798212
196,1,-0.026406688718435
197,1,-0.0590940888284648
198,1,0.0203177818891544
199,1,-0.0082787923650465
200,1,-0.142866658032731
