Subj,Class,risk_ori
1,1,0.53219549525135
2,0,0.5291812351036
3,0,0.269766278201979
4,0,0.671152090339426
5,1,0.24849809007767
6,1,0.165020152800241
7,1,0.295819074158278
8,1,0.206631515255312
9,1,0.545172340357233
10,1,-0.0255697086172875
11,0,0.186670366518996
12,0,0.186689511764608
13,0,0.434316457982825
14,1,0.388546852616438
15,0,0.950196100399111
16,1,0.301305049116647
17,0,0.503930753060253
18,0,-0.0643678136524544
19,0,0.716258950323122
20,0,-0.192122034731649
21,0,0.393403074869297
22,1,0.735357191674959
23,1,0.351519729142962
24,1,0.381475569277445
25,0,0.228674332253517
26,0,0.264880337527446
27,0,0.478358325217826
28,0,0.361957571220079
29,1,-0.0653927096111285
30,1,0.543369755733488
31,0,0.463795983151514
32,0,0.846075516458154
33,0,0.154861795125788
34,0,0.63742142624916
35,1,0.492410823748448
36,1,0.37952742694545
37,1,0.437464636686685
38,0,0.230042541049323
39,1,0.324729794167191
40,0,0.186944919062478
41,1,0.343808140435334
42,0,0.10267814818742
43,0,0.416527729263132
44,0,0.434161413512655
45,0,0.228712060146642
46,1,0.212972674917364
47,1,0.70022147809958
48,0,0.201251141279899
49,1,0.366267606806625
50,0,0.497964086924963
51,1,-0.0837200216909451
52,1,0.385589315574204
53,0,0.313028829416412
54,0,0.476923888396674
55,1,0.363065807399079
56,1,0.519157114197407
57,1,0.0729239123785968
58,1,0.187239179822502
59,1,0.337812248838429
60,1,0.286206391628428
61,0,0.343924345077506
62,1,0.344444826828672
63,0,0.620813137059667
64,0,0.199653237499117
65,1,0.3933558471081
66,1,0.188584577999937
67,1,0.163369348930225
68,1,0.129296655045395
69,0,-0.116096302596516
70,1,0.173756816717968
71,1,-0.0368348104511502
72,0,0.593499067087472
73,1,-0.0103653651217649
74,0,0.280686814997317
75,0,0.227702153914693
76,0,0.0616040551136213
77,0,-0.165321308701508
78,1,0.423671608458396
79,0,0.852551165337845
80,1,0.384232605785161
81,1,0.224495631740707
82,0,0.648715054627774
83,0,0.157324570873481
84,1,0.152438958192609
85,0,0.0613778341224793
86,1,0.263986042483586
87,1,-0.0082565140141498
88,1,0.90491703144838
89,1,0.267416233102625
90,1,0.188821006811544
91,0,0.730821292389434
92,1,0.19552763371878
93,1,0.453245589677484
94,0,0.0951400502787091
95,0,0.469286169354613
96,1,0.469934354754714
97,0,0.174623544026757
98,0,0.470311244564713
99,0,0.182996109512198
100,1,0.481534948534063
101,0,0.22096617394138
102,1,0.00868726712082912
103,1,-0.00420387208578991
104,0,0.662027391679142
105,0,0.402669188819322
106,0,0.253783564501522
107,0,0.350950915839456
108,1,0.413897104033402
109,0,0.195974058409223
110,1,0.13140971739774
111,1,0.271716846447698
112,1,0.0603619313147948
113,0,0.396535036604581
114,1,0.377188143601963
115,1,0.575896201958791
116,1,0.461467095023647
117,0,-0.0816656861065609
118,1,0.320811189690435
119,0,0.204809035547874
120,1,0.288066769126001
121,1,0.670891759245805
122,0,0.702847179533559
123,0,0.0670911338631333
124,0,0.521268211967322
125,0,0.478910350891227
126,1,0.265716573709053
127,1,0.133409297551012
128,1,0.400473084398994
129,0,0.712625895203283
130,1,0.616464269788853
131,0,0.840015413160405
132,0,0.127482212938071
133,0,-0.00152310022108127
134,0,0.503796865440427
135,0,0.170309297195481
136,0,0.200367085067662
137,0,0.28709569457832
138,0,0.00123522865758363
139,1,0.0345669002718724
140,1,0.857408491381848
141,0,0.628356016874638
142,1,0.624471402299072
143,0,0.443392825090768
144,0,0.715748863787577
145,0,0.496638921058155
146,0,0.328869769350312
147,0,0.732339824073621
148,1,0.139179351333466
149,1,0.429847166681379
150,0,0.379689248840594
151,0,0.433821710322439
152,0,0.0987152734501322
153,0,0.0118375683826276
154,0,0.837861119622598
155,1,0.766368012640352
156,1,-0.0953206154702936
157,1,0.723101635070535
158,1,0.359455362190305
159,1,0.0100229780350363
160,0,0.421166122078026
161,0,0.16757121735357
162,0,0.565280657838027
163,0,0.898858031941774
164,1,0.260503693956822
165,0,0.184288777497407
166,1,0.243791589115378
167,1,0.393335201779466
168,1,0.689746842023471
169,0,0.299953654363477
170,0,0.498494218497123
171,0,0.322322637733872
172,0,0.307844739800173
173,0,-0.322352142786179
174,1,0.382907439918353
175,0,0.2813721870172
176,0,0.353419006623021
177,1,0.0345669002718724
178,1,0.681265005583686
179,1,0.712000877713718
180,1,0.521603703912807
181,0,-0.129145939536224
182,0,0.820591533805361
183,1,0.457612387449561
184,1,0.322428238716829
185,1,0.69823611939617
186,1,0.0335569940399237
187,1,0.223162043384439
188,1,0.846152462641024
189,0,0.458517796489695
190,0,0.465601675228847
191,0,0.722565319648627
192,1,0.746016293585533
193,0,0.54492807799192
194,0,0.0967908541487256
195,0,0.0746912749649904
196,0,0.393912991507833
197,0,0.537310756226882
198,0,0.656352773669834
199,1,0.168747156725393
200,1,0.867242314844235
