Subj,Class,risk_ori
1,1,-0.0747045414424673
2,1,-0.119244265481405
3,1,0.0230388109687005
4,0,-0.192764347032373
5,1,-0.168066211720565
6,0,0.231609316137433
7,1,-0.0506235061812196
8,1,0.038815175333057
9,1,-0.123595067204635
10,1,0.0182754383265044
11,1,0.156040541268432
12,1,-0.105269868627799
13,1,-0.0748095400689462
14,1,0.325297645936834
15,0,0.0279859988024405
16,0,-0.0410117025196344
17,1,0.10790818829747
18,1,0.135502306526698
19,1,-0.15144593546717
20,1,0.0685972615230008
21,0,-0.0270833038652786
22,0,0.117537115905925
23,1,-0.105994957265209
24,0,0.0432128233247875
25,0,0.107575988059431
26,1,0.299555845808249
27,0,0.113375555340469
28,1,-0.288836552531856
29,0,0.0194192776175153
30,1,-0.093389520445924
31,0,0.054895342122458
32,1,0.0304002055549605
33,0,0.166687723722961
34,0,0.0107129800138929
35,0,-0.122706997859494
36,0,-0.0344330405106133
37,0,-0.120082071496269
38,1,0.0363828656697954
39,1,0.0257947326435703
40,1,0.00988217039225687
41,1,-0.129134380130975
42,1,-0.138401121749127
43,0,-0.00071800859346377
44,0,0.00764383457396808
45,0,-0.0150606405722562
46,1,0.188204637039839
47,0,0.109106609875639
48,0,0.155968595385091
49,0,0.267370828100065
50,1,-0.201978909903946
51,1,-0.06674061242172
52,1,0.160890715014649
53,0,0.012151530758445
54,0,-0.0231486942229241
55,0,-0.0869341349975726
56,0,-0.0398607348172086
57,0,0.179011984250771
58,1,0.00353250592813156
59,1,-0.189150755881929
60,1,0.0262838273428565
61,0,0.106667806588225
62,0,-0.139792794814521
63,0,0.100797361081768
64,0,0.00202468471348274
65,1,-0.0768810710509295
66,0,-0.00108081775242064
67,0,0.026031464038963
68,1,-0.121093079260656
69,0,0.0424877346873775
70,1,-0.17310534483631
71,0,-0.0867264823777426
72,0,-0.189068515407205
73,1,0.30858560534255
74,0,0.0582252429739236
75,1,0.18087873782279
76,1,-0.0641042477062415
77,0,-0.172538155929706
78,1,-0.062824193260592
79,1,0.159405160801288
80,1,-0.00802248159764198
81,1,-0.0907630236557011
82,1,0.177060815847627
83,0,0.176814569767924
84,0,0.138758761253108
85,0,0.23334651129694
86,1,-0.08446523120739
87,1,0.0304002055549605
88,1,-0.164573378839708
89,0,0.16643378999207
90,1,-0.0236983275530845
91,0,-0.0725419756360937
92,1,0.112077561102052
93,0,0.00251534983976684
94,0,0.00677837037153835
95,0,0.116002390272116
96,1,-0.04110773651972
97,1,-0.253297303370349
98,1,0.0642927895891716
99,1,-0.144524213471289
100,1,0.0527904202559134
101,1,0.137717276585989
102,0,-0.0783955490077049
103,1,0.0126483442087063
104,0,-0.114526923261812
105,0,-0.00604168436101792
106,0,0.0937690700324097
107,0,0.165984545168056
108,0,0.178280997977843
109,0,0.103458536271739
110,1,0.0995173066361187
111,1,0.18522953954602
112,1,0.0953540821555141
113,1,-0.243975948054381
114,1,0.0840096439637193
115,0,0.174170517401257
116,0,-0.0852781010362584
117,1,0.0965012878068586
118,1,0.186523387517032
119,0,0.143004226208436
120,1,0.145081315174836
121,0,0.0909853406395166
122,0,-0.130652987087473
123,1,-0.0957335772484388
124,0,-0.0144837646815117
125,1,0.0446687487046682
126,1,0.0770273131516807
127,0,0.165984545168056
128,1,-0.0274819403697103
129,1,0.0862671503506723
130,1,-0.0415613358497948
131,1,0.271559120784852
132,1,0.0169389915173859
133,0,0.283902758004562
134,0,-0.196201634806317
135,0,-0.1107356652438
136,1,0.22962262126529
137,1,0.089705286193867
138,0,-0.111810956422462
139,0,0.0383713564752735
140,1,-0.000392323241931718
141,1,-0.0505972437080731
142,0,-0.187088440528329
143,0,0.13112387802656
144,0,-0.00589961993832966
145,0,-0.00589504204135045
146,1,0.148098056361843
147,1,-0.205516841798307
148,0,-0.178755711224955
149,0,0.00514027620299179
150,0,0.14979950546368
151,1,-0.0904584816052277
152,1,0.12535193752243
153,0,0.151774154376327
154,1,0.159641154739412
155,0,0.108973761081334
156,1,0.160685937604685
157,1,-0.0402006286241017
158,1,-0.115526523773733
159,0,0.0432128233247875
160,1,-0.158216868875979
161,1,-0.0311152672462579
162,1,-0.0860794879476506
163,1,-0.0194309525152517
164,0,0.262529361250551
165,0,0.0731223323428062
166,0,0.199339318440685
167,1,0.0895005087839029
168,1,0.0471373143534276
169,0,0.22196059029243
170,0,0.0557026712345911
171,1,-0.13721889239786
172,1,0.00951516604296646
173,0,0.198063841892014
174,1,0.101838845748887
175,0,0.107101466792579
176,0,0.0652544373221445
177,1,-0.0338486965573525
178,1,-0.1727905192336
179,0,-0.0669971047253371
180,1,-0.1727905192336
181,1,0.267867641550326
182,1,-0.168134791243572
183,1,0.179379710957809
184,1,0.0875175586951601
185,0,0.0625852232631446
186,1,-0.0312176218701504
187,1,-0.105292386317546
188,0,0.0783227315496906
189,1,0.252368740104703
190,0,0.0113933579672393
191,0,-0.0297098006555015
192,1,0.032383646794171
193,0,0.0368806592074944
194,1,-0.0159622077511392
195,0,-0.15510184254391
196,1,-0.0903990417320632
197,1,0.0840877067603797
198,0,0.127433378879472
199,1,0.016213902879976
200,0,0.0585804636707849
